0.0049161,0.0049161,0,0,0.045,0,0
0.0098322,0.0098322,0.09669758,1.084684,-0.2681435,0,0
0.0298322,0.0298322,0.09917112,1.084846,-0.2760789,0,0
0.0340089,0.0340089,0.09944569,1.084868,-0.2769804,0,0
0.0388379,0.0388379,0.09972376,1.084892,-0.277894,0,0
0.0430691,0.0430691,0.0999961,1.084915,-0.2787894,0,0
0.0473514,0.0473514,0.1003649,1.084874,-0.2800624,0,0
0.0509359,0.0509359,0.1006032,1.084886,-0.2808552,0,0
0.0549193,0.0549193,0.1009025,1.0849,-0.2818528,0,0
0.0601457,0.0601457,0.1014157,1.084887,-0.2828487,0,0
0.0639348,0.0639348,0.1017264,1.084899,-0.2837826,0,0
0.0686477,0.0686477,0.1023883,1.085095,-0.2851468,0,0
0.0746049,0.0746049,0.1029914,1.085167,-0.2867862,0,0
0.077732,0.077732,0.103251,1.085198,-0.2874941,0,0
0.0842544,0.0842544,0.1036003,1.08515,-0.2889178,0,0
0.0895245,0.0895245,0.1040361,1.085173,-0.2902355,0,0
0.0956849,0.0956849,0.1044792,1.085023,-0.2917876,0,0
0.1009995,0.1009995,0.1047651,1.084887,-0.2929456,0,0
0.1051426,0.1051426,0.1050802,1.084847,-0.2939964,0,0
0.1105276,0.1105276,0.1057167,1.084793,-0.295238,0,0
0.1145559,0.1145559,0.1061114,1.084747,-0.2963756,0,0
0.1198345,0.1198345,0.1065103,1.084613,-0.2974736,0,0
0.1247212,0.1247212,0.1069297,1.084541,-0.298679,0,0
0.1298087,0.1298087,0.10715,1.084322,-0.2999531,0,0
0.1340096,0.1340096,0.1075059,1.084224,-0.3011057,0,0
0.139316,0.139316,0.107865,1.084121,-0.3022757,0,0
0.1444739,0.1444739,0.1080218,1.083774,-0.3035699,0,0
0.1497157,0.1497157,0.1083642,1.083622,-0.3048262,0,0
0.1559978,0.1559978,0.1085144,1.083354,-0.3050117,0,0
0.1607767,0.1607767,0.1087571,1.083227,-0.3058665,0,0
0.1667353,0.1667353,0.109534,1.082616,-0.3089604,0,0
0.1717514,0.1717514,0.1098541,1.082357,-0.3104141,0,0
0.1763231,0.1763231,0.1102563,1.082085,-0.3119847,0,0
0.1825724,0.1825724,0.1106208,1.081706,-0.313177,0,0
0.1870269,0.1870269,0.1108574,1.081316,-0.3142911,0,0
0.1918798,0.1918798,0.1111729,1.081032,-0.3155434,0,0
0.196113,0.196113,0.1115366,1.080647,-0.3166754,0,0
0.2025666,0.2025666,0.1119335,1.08027,-0.3181945,0,0
0.211487,0.211487,0.1126842,1.079621,-0.3203648,0,0
0.2165436,0.2165436,0.1130922,1.07924,-0.3218111,0,0
0.2219984,0.2219984,0.1133385,1.078891,-0.3230746,0,0
0.2263292,0.2263292,0.1136348,1.078589,-0.3242047,0,0
0.2312671,0.2312671,0.1139236,1.077959,-0.3253829,0,0
0.2374492,0.2374492,0.1144057,1.077209,-0.327113,0,0
0.2437854,0.2437854,0.1148079,1.076743,-0.3284572,0,0
0.2495867,0.2495867,0.1151873,1.076252,-0.3298668,0,0
0.2565535,0.2565535,0.1158817,1.075571,-0.3318232,0,0
0.2646686,0.2646686,0.1164725,1.07499,-0.3338775,0,0
0.2702498,0.2702498,0.1168001,1.074678,-0.3354584,0,0
0.2771265,0.2771265,0.1172639,1.073949,-0.3373191,0,0
0.2837834,0.2837834,0.1177393,1.073308,-0.3388268,0,0
0.2900874,0.2900874,0.1181713,1.07275,-0.3404117,0,0
0.2945757,0.2945757,0.1185332,1.072278,-0.3417563,0,0
0.3013491,0.3013491,0.1189719,1.07172,-0.3433337,0,0
0.3056225,0.3056225,0.1192647,1.071336,-0.3444272,0,0
0.3113077,0.3113077,0.119574,1.070841,-0.3459279,0,0
0.3163514,0.3163514,0.1199674,1.070299,-0.3474812,0,0
0.3228985,0.3228985,0.119852,1.07037,-0.347549,0,0
0.3284387,0.3284387,0.1205377,1.069331,-0.3504838,0,0
0.3342169,0.3342169,0.1210651,1.068648,-0.3525299,0,0
0.3390893,0.3390893,0.1213592,1.068234,-0.3537486,0,0
0.3428056,0.3428056,0.1216273,1.067854,-0.3548665,0,0
0.346716,0.346716,0.1219106,1.067451,-0.3560545,0,0
0.3507847,0.3507847,0.122213,1.067019,-0.3573313,0,0
0.3554921,0.3554921,0.1227603,1.06659,-0.3586207,0,0
0.3605959,0.3605959,0.1229441,1.06704,-0.3581369,0,0
0.365016,0.365016,0.1232735,1.066703,-0.3592433,0,0
0.3694639,0.3694639,0.1244482,1.066058,-0.3618097,0,0
0.373554,0.373554,0.1249696,1.065637,-0.3632799,0,0
0.3787095,0.3787095,0.1255982,1.065301,-0.3647155,0,0
0.3838836,0.3838836,0.1263535,1.064982,-0.3663259,0,0
0.3888311,0.3888311,0.1269612,1.064587,-0.3678696,0,0
0.3992857,0.3992857,0.1285223,1.063755,-0.3709655,0,0
0.4036654,0.4036654,0.1290056,1.063462,-0.3720908,0,0
0.407934,0.407934,0.1295776,1.063115,-0.3734286,0,0
0.4125283,0.4125283,0.1301586,1.06276,-0.3747945,0,0
0.4185564,0.4185564,0.1306778,1.063166,-0.375159,0,0
0.4242541,0.4242541,0.1312608,1.062903,-0.3764203,0,0
0.4288861,0.4288861,0.1325915,1.062241,-0.3794784,0,0
0.4336719,0.4336719,0.1334409,1.06184,-0.3813735,0,0
0.4388219,0.4388219,0.1343654,1.061521,-0.3830938,0,0
0.443842,0.443842,0.1353974,1.061221,-0.3846784,0,0
0.4498566,0.4498566,0.1364045,1.060815,-0.3866853,0,0
0.4547956,0.4547956,0.1376764,1.060608,-0.3883936,0,0
0.459817,0.459817,0.1388531,1.060457,-0.3898293,0,0
0.4658185,0.4658185,0.140051,1.060116,-0.3918201,0,0
0.470588,0.470588,0.1409194,1.059581,-0.3935148,0,0
0.4755519,0.4755519,0.1421719,1.059094,-0.3956043,0,0
0.4816038,0.4816038,0.1431972,1.058725,-0.3973622,0,0
0.4867491,0.4867491,0.1445932,1.058383,-0.3992195,0,0
0.4916683,0.4916683,0.1456523,1.058035,-0.4009333,0,0
0.4971229,0.4971229,0.1471448,1.057617,-0.4033085,0,0
0.5028097,0.5028097,0.148143,1.057303,-0.4049287,0,0
0.5077513,0.5077513,0.1492196,1.056964,-0.4066854,0,0
0.5123613,0.5123613,0.1507378,1.056591,-0.4084638,0,0
0.5173861,0.5173861,0.1520485,1.056195,-0.4104946,0,0
0.5234104,0.5234104,0.1532961,1.055818,-0.4124386,0,0
0.5286231,0.5286231,0.1541647,1.055702,-0.4126177,0,0
0.533851,0.533851,0.1576054,1.054756,-0.416438,0,0
0.5391273,0.5391273,0.1590526,1.054351,-0.4182655,0,0
0.5440419,0.5440419,0.1614379,1.053815,-0.4204462,0,0
0.5492704,0.5492704,0.1633178,1.05332,-0.4226334,0,0
0.5545399,0.5545399,0.1655523,1.052933,-0.4249112,0,0
0.5599118,0.5599118,0.1674004,1.052573,-0.4267352,0,0
0.5655373,0.5655373,0.1694556,1.052105,-0.4290059,0,0
0.5704534,0.5704534,0.1713349,1.051789,-0.43092,0,0
0.574366,0.574366,0.1730065,1.051432,-0.4327515,0,0
0.5790531,0.5790531,0.1746017,1.051178,-0.4343426,0,0
0.5843592,0.5843592,0.1767501,1.050772,-0.4365932,0,0
0.5888873,0.5888873,0.1784125,1.050439,-0.4383892,0,0
0.5938272,0.5938272,0.180734,1.049978,-0.4407798,0,0
0.5995225,0.5995225,0.182566,1.049612,-0.4427558,0,0
0.604232,0.604232,0.1846833,1.049119,-0.4446854,0,0
0.6089364,0.6089364,0.1869728,1.048564,-0.4466732,0,0
0.6150249,0.6150249,0.1896891,1.047975,-0.4494118,0,0
0.6201805,0.6201805,0.1918278,1.047661,-0.4513305,0,0
0.6251526,0.6251526,0.193894,1.047245,-0.4533927,0,0
0.6303893,0.6303893,0.1997054,1.045933,-0.4594029,0,0
0.6368008,0.6368008,0.1993125,1.045858,-0.4587939,0,0
0.6419992,0.6419992,0.2012331,1.04542,-0.4607414,0,0
0.646599,0.646599,0.2031451,1.044982,-0.4627022,0,0
0.6525045,0.6525045,0.2061369,1.04424,-0.4653021,0,0
0.657668,0.657668,0.2085443,1.043674,-0.4677404,0,0
0.6634004,0.6634004,0.2090126,1.043456,-0.4676035,0,0
0.6694592,0.6694592,0.2141148,1.042138,-0.4723234,0,0
0.6741686,0.6741686,0.2168131,1.041463,-0.4749302,0,0
0.6791686,0.6791686,0.2193381,1.040788,-0.4775064,0,0
0.6850091,0.6850091,0.2219014,1.040066,-0.4803923,0,0
0.689823,0.689823,0.2242712,1.03944,-0.4828466,0,0
0.6954101,0.6954101,0.226794,1.038599,-0.4861045,0,0
0.7014787,0.7014787,0.2291173,1.037936,-0.488703,0,0
0.706225,0.706225,0.2312703,1.037313,-0.4911529,0,0
0.7112827,0.7112827,0.2332764,1.036856,-0.4936063,0,0
0.7178606,0.7178606,0.2364124,1.035951,-0.4973069,0,0
0.7227795,0.7227795,0.2383174,1.035391,-0.4996005,0,0
0.728897,0.728897,0.2379842,1.035404,-0.4989462,0,0
0.7340822,0.7340822,0.2406692,1.034517,-0.5016268,0,0
0.7393959,0.7393959,0.2424679,1.033965,-0.5036752,0,0
0.74493,0.74493,0.2480977,1.032007,-0.5096821,0,0
0.7506831,0.7506831,0.2512475,1.030588,-0.5132177,0,0
0.7568426,0.7568426,0.2547802,1.029254,-0.5172554,0,0
0.7618443,0.7618443,0.2564384,1.028205,-0.5190693,0,0
0.7667956,0.7667956,0.2589601,1.027125,-0.5219925,0,0
0.771354,0.771354,0.2608875,1.025978,-0.5237246,0,0
0.77639,0.77639,0.2638184,1.02436,-0.5261813,0,0
0.7823669,0.7823669,0.2663319,1.023101,-0.5288558,0,0
0.7893562,0.7893562,0.2697013,1.021322,-0.5318653,0,0
0.7939805,0.7939805,0.2720894,1.019843,-0.5341125,0,0
0.7998914,0.7998914,0.2747008,1.018378,-0.5368024,0,0
0.8048166,0.8048166,0.2772326,1.016698,-0.5389304,0,0
0.8101082,0.8101082,0.2797382,1.015177,-0.5414711,0,0
0.8153422,0.8153422,0.2828008,1.013233,-0.5438032,0,0
0.8207914,0.8207914,0.2856322,1.011299,-0.5456307,0,0
0.8263525,0.8263525,0.288956,1.00919,-0.5477824,0,0
0.8316112,0.8316112,0.2918387,1.007271,-0.5502101,0,0
0.836782,0.836782,0.2950903,1.005325,-0.5521984,0,0
0.8423646,0.8423646,0.2980853,1.003431,-0.5540048,0,0
0.8477309,0.8477309,0.3011205,1.001382,-0.556311,0,0
0.8541743,0.8541743,0.305006,0.998548,-0.5589195,0,0
0.8595595,0.8595595,0.3075517,0.9966896,-0.5608608,0,0
0.8652697,0.8652697,0.3105697,0.9943994,-0.5632259,0,0
0.8699331,0.8699331,0.3134911,0.9922704,-0.5644969,0,0
0.8745658,0.8745658,0.3164036,0.9899442,-0.5666903,0,0
0.8811674,0.8811674,0.3175765,0.9895297,-0.5659031,0,0
0.8862485,0.8862485,0.3244575,0.985412,-0.5686526,0,0
0.8908226,0.8908226,0.3275194,0.9832126,-0.57037,0,0
0.8955355,0.8955355,0.3324742,0.9801152,-0.5719194,0,0
0.9018444,0.9018444,0.3370543,0.9774143,-0.5733896,0,0
0.9070206,0.9070206,0.3408066,0.9747745,-0.5751343,0,0
0.9122036,0.9122036,0.3449899,0.972305,-0.5759771,0,0
0.9177097,0.9177097,0.3498946,0.9691828,-0.5770488,0,0
0.923691,0.923691,0.3539118,0.9663384,-0.5785288,0,0
0.9286034,0.9286034,0.3582127,0.9638037,-0.5790763,0,0
0.9339336,0.9339336,0.3637138,0.9608213,-0.5800858,0,0
0.9392056,0.9392056,0.3672997,0.9584099,-0.5811055,0,0
0.9445378,0.9445378,0.3720278,0.9554955,-0.5817927,0,0
0.9492306,0.9492306,0.3757429,0.9529237,-0.5827633,0,0
0.9546903,0.9546903,0.3815781,0.9492623,-0.583223,0,0
0.9602339,0.9602339,0.3863273,0.9463621,-0.5833079,0,0
0.9654853,0.9654853,0.390944,0.9431124,-0.5841248,0,0
0.9705092,0.9705092,0.3958897,0.9398606,-0.5840229,0,0
0.9747205,0.9747205,0.4000032,0.9368428,-0.584608,0,0
0.9800096,0.9800096,0.4040875,0.9337069,-0.5852288,0,0
0.9849632,0.9849632,0.4083401,0.930286,-0.585919,0,0
0.9915761,0.9915761,0.4155299,0.9256983,-0.585051,0,0
0.9962532,0.9962532,0.4166963,0.9260501,-0.582767,0,0
1.002892,1.002892,0.4284216,0.9182477,-0.5811284,0,0
1.007541,1.007541,0.4333638,0.9145721,-0.5809214,0,0
1.012212,1.012212,0.4384095,0.9106433,-0.5807503,0,0
1.018554,1.018554,0.4477123,0.9039923,-0.577548,0,0
1.02289,1.02289,0.4518069,0.9006352,-0.5771201,0,0
1.02795,1.02795,0.4513306,0.9017226,-0.574113,0,0
1.033579,1.033579,0.4572411,0.8970571,-0.572966,0,0
1.038684,1.038684,0.4681949,0.8882805,-0.5676436,0,0
1.043692,1.043692,0.4754244,0.8829998,-0.5635823,0,0
1.04854,1.04854,0.4815008,0.8779685,-0.5613975,0,0
1.053174,1.053174,0.4875682,0.8728023,-0.5574567,0,0
1.058406,1.058406,0.4929592,0.868288,-0.5540563,0,0
1.062942,1.062942,0.4985828,0.8633955,-0.5514646,0,0
1.068489,1.068489,0.5052381,0.8575533,-0.5472104,0,0
1.072961,1.072961,0.5114628,0.8518764,-0.5440993,0,0
1.078855,1.078855,0.5183309,0.8457671,-0.5399011,0,0
1.083793,1.083793,0.5242625,0.8401231,-0.5368277,0,0
1.088583,1.088583,0.5309553,0.8340774,-0.5333255,0,0
1.093671,1.093671,0.5392957,0.8267527,-0.5288208,0,0
1.099469,1.099469,0.54568,0.8205366,-0.5255439,0,0
1.104147,1.104147,0.5527461,0.8137149,-0.5221185,0,0
1.108527,1.108527,0.5586273,0.8077539,-0.5191903,0,0
1.113423,1.113423,0.5666744,0.7995656,-0.515431,0,0
1.118577,1.118577,0.5721239,0.7937816,-0.5128102,0,0
1.123621,1.123621,0.579215,0.7860016,-0.5096685,0,0
1.127914,1.127914,0.584447,0.7790264,-0.5073455,0,0
1.132309,1.132309,0.5901735,0.7723905,-0.5047,0,0
1.138491,1.138491,0.5980455,0.7614046,-0.5012476,0,0
1.142855,1.142855,0.6024098,0.7543003,-0.4995694,0,0
1.147549,1.147549,0.6084965,0.7461435,-0.4968774,0,0
1.153309,1.153309,0.6149696,0.7343145,-0.4943026,0,0
1.159249,1.159249,0.619239,0.7245839,-0.4927147,0,0
1.164036,1.164036,0.6244909,0.7157322,-0.4904718,0,0
1.171412,1.171412,0.6300568,0.7012608,-0.4882401,0,0
1.176134,1.176134,0.6350347,0.6912434,-0.4860694,0,0
1.181676,1.181676,0.6394626,0.6819509,-0.4840935,0,0
1.185857,1.185857,0.6430997,0.6740217,-0.4824327,0,0
1.190436,1.190436,0.6470187,0.6651479,-0.4805982,0,0
1.195826,1.195826,0.6491843,0.65083,-0.479871,0,0
1.201718,1.201718,0.6527779,0.6408756,-0.4780486,0,0
1.206335,1.206335,0.6558771,0.6318709,-0.4764006,0,0
1.211803,1.211803,0.6444154,0.6409557,-0.4825434,0,0
1.219685,1.219685,0.6440427,0.6142387,-0.4835144,0,0
1.225405,1.225405,0.6457285,0.6040485,-0.482628,0,0
1.230491,1.230491,0.647202,0.5940939,-0.481705,0,0
1.235842,1.235842,0.6462685,0.5563946,-0.4818178,0,0
1.242117,1.242117,0.6396288,0.5446332,-0.4854245,0,0
1.246566,1.246566,0.6388705,0.5331716,-0.4854028,0,0
1.252688,1.252688,0.6347698,0.5210094,-0.4872462,0,0
1.257751,1.257751,0.6327187,0.5071441,-0.4874578,0,0
1.265495,1.265495,0.6269305,0.4929821,-0.4907603,0,0
1.270499,1.270499,0.6211751,0.4818578,-0.49165,0,0
1.276516,1.276516,0.6166925,0.4669611,-0.4921777,0,0
1.282365,1.282365,0.6108243,0.4581307,-0.4947033,0,0
1.287636,1.287636,0.604854,0.4486701,-0.4977817,0,0
1.291984,1.291984,0.6007919,0.4393497,-0.4986414,0,0
1.297491,1.297491,0.5927063,0.4272285,-0.5023608,0,0
1.30323,1.30323,0.5862251,0.4189318,-0.5057324,0,0
1.307416,1.307416,0.5815682,0.4107445,-0.5070329,0,0
1.311567,1.311567,0.5767918,0.4026006,-0.5081741,0,0
1.31696,1.31696,0.5666194,0.3934845,-0.5148383,0,0
1.322019,1.322019,0.5610224,0.3855375,-0.5167316,0,0
1.326444,1.326444,0.5552806,0.3776095,-0.5184482,0,0
1.33119,1.33119,0.5487808,0.3688866,-0.5201322,0,0
1.335738,1.335738,0.5415567,0.3594791,-0.5217003,0,0
1.340971,1.340971,0.5353322,0.3515964,-0.5228095,0,0
1.345771,1.345771,0.5272077,0.3461142,-0.5288125,0,0
1.350658,1.350658,0.5199701,0.3378691,-0.5302598,0,0
1.356245,1.356245,0.5255533,0.350366,-0.5348296,0,0
1.361701,1.361701,0.5043777,0.331414,-0.5461251,0,0
1.367226,1.367226,0.493724,0.32115,-0.5503338,0,0
1.372918,1.372918,0.4830891,0.313095,-0.5571722,0,0
1.378333,1.378333,0.4752526,0.3074005,-0.5623567,0,0
1.38476,1.38476,0.4649081,0.2986425,-0.5667551,0,0
1.389103,1.389103,0.4571239,0.2922222,-0.569764,0,0
1.39451,1.39451,0.449857,0.2873475,-0.5762073,0,0
1.400713,1.400713,0.4401769,0.2798262,-0.5800822,0,0
1.405083,1.405083,0.4483002,0.2885473,-0.5808203,0,0
1.409877,1.409877,0.4373764,0.2825382,-0.5897499,0,0
1.415074,1.415074,0.4283592,0.2765278,-0.5949785,0,0
1.420504,1.420504,0.4232019,0.274848,-0.6004912,0,0
1.425102,1.425102,0.4163325,0.2707363,-0.6046705,0,0
1.429982,1.429982,0.4124252,0.2697747,-0.6091013,0,0
1.435749,1.435749,0.4093445,0.2723246,-0.6135143,0,0
1.441331,1.441331,0.4035716,0.2701327,-0.6176232,0,0
1.44673,1.44673,0.3972123,0.2677876,-0.6218804,0,0
1.453109,1.453109,0.3917716,0.2669948,-0.6273075,0,0
1.458151,1.458151,0.3869269,0.2654411,-0.630511,0,0
1.464055,1.464055,0.3829416,0.265387,-0.6351718,0,0
1.469785,1.469785,0.3768233,0.2637028,-0.6392316,0,0
1.474379,1.474379,0.3824338,0.2669526,-0.6378505,0,0
1.480148,1.480148,0.378136,0.265983,-0.6410474,0,0
1.484801,1.484801,0.3743123,0.2651456,-0.643743,0,0
1.489396,1.489396,0.3706434,0.2643629,-0.6462048,0,0
1.494506,1.494506,0.3656793,0.2633339,-0.6493514,0,0
1.500432,1.500432,0.3611684,0.2624267,-0.6520364,0,0
1.504776,1.504776,0.3572921,0.2616668,-0.6542174,0,0
1.50974,1.50974,0.352873,0.2608213,-0.6565677,0,0
1.515249,1.515249,0.3474889,0.2598191,-0.659244,0,0
1.52049,1.52049,0.3430674,0.2590175,-0.6612945,0,0
1.525415,1.525415,0.3384869,0.2582061,-0.6632842,0,0
1.530088,1.530088,0.3337058,0.2573786,-0.6652203,0,0
1.535513,1.535513,0.327865,0.2563928,-0.6673977,0,0
1.541192,1.541192,0.3233721,0.2556521,-0.6689369,0,0
1.545847,1.545847,0.3188789,0.2549258,-0.6703618,0,0
1.55088,1.55088,0.3137629,0.2541155,-0.6718487,0,0
1.556557,1.556557,0.3075811,0.2531585,-0.6734585,0,0
1.565298,1.565298,0.3045322,0.2526949,-0.674179,0,0
1.569765,1.569765,0.3045322,0.2526949,-0.674179,0,0
1.574368,1.574368,0.3045322,0.2526949,-0.674179,0,0
1.578951,1.578951,0.3045322,0.2526949,-0.674179,0,0
1.582663,1.582663,0.3045322,0.2526949,-0.674179,0,0
1.587664,1.587664,0.3045322,0.2526949,-0.674179,0,0
1.592505,1.592505,0.3045322,0.2526949,-0.674179,0,0
1.597242,1.597242,0.3045322,0.2526949,-0.674179,0,0
1.603705,1.603705,0.3045322,0.2526949,-0.674179,0,0
1.607765,1.607765,0.3045322,0.2526949,-0.674179,0,0
1.6117,1.6117,0.3045322,0.2526949,-0.674179,0,0
1.616046,1.616046,0.3045322,0.2526949,-0.674179,0,0
1.622012,1.622012,0.3045322,0.2526949,-0.674179,0,0
1.626071,1.626071,0.3045322,0.2526949,-0.674179,0,0
1.630682,1.630682,0.3045322,0.2526949,-0.674179,0,0
1.635722,1.635722,0.3045322,0.2526949,-0.674179,0,0
1.640643,1.640643,0.3045322,0.2526949,-0.674179,0,0
1.645843,1.645843,0.3045322,0.2526949,-0.674179,0,0
1.651065,1.651065,0.3045322,0.2526949,-0.674179,0,0
1.655764,1.655764,0.3045322,0.2526949,-0.674179,0,0
1.660239,1.660239,0.3045322,0.2526949,-0.674179,0,0
1.66647,1.66647,0.3045322,0.2526949,-0.674179,0,0
1.670856,1.670856,0.3045322,0.2526949,-0.674179,0,0
1.674989,1.674989,0.3045322,0.2526949,-0.674179,0,0
1.681678,1.681678,0.3045322,0.2526949,-0.674179,0,0
1.685929,1.685929,0.3045322,0.2526949,-0.674179,0,0
1.689485,1.689485,0.3045322,0.2526949,-0.674179,0,0
1.693998,1.693998,0.3045322,0.2526949,-0.674179,0,0
1.699228,1.699228,0.3045322,0.2526949,-0.674179,0,0
1.702846,1.702846,0.3045322,0.2526949,-0.674179,0,0
1.70665,1.70665,0.3045322,0.2526949,-0.674179,0,0
1.711033,1.711033,0.3045322,0.2526949,-0.674179,0,0
1.715865,1.715865,0.3045322,0.2526949,-0.674179,0,0
1.720618,1.720618,0.3045322,0.2526949,-0.674179,0,0
1.725377,1.725377,0.3045322,0.2526949,-0.674179,0,0
1.72926,1.72926,0.3045322,0.2526949,-0.674179,0,0
1.734673,1.734673,0.3045322,0.2526949,-0.674179,0,0
1.739897,1.739897,0.3045322,0.2526949,-0.674179,0,0
1.743948,1.743948,0.3045322,0.2526949,-0.674179,0,0
1.748106,1.748106,0.3045322,0.2526949,-0.674179,0,0
1.753052,1.753052,0.3045322,0.2526949,-0.674179,0,0
1.758009,1.758009,0.3045322,0.2526949,-0.674179,0,0
1.762232,1.762232,0.3045322,0.2526949,-0.674179,0,0
1.767486,1.767486,0.3045322,0.2526949,-0.674179,0,0
1.772478,1.772478,0.3045322,0.2526949,-0.674179,0,0
1.777429,1.777429,0.3045322,0.2526949,-0.674179,0,0
1.78408,1.78408,0.3045322,0.2526949,-0.674179,0,0
1.790397,1.790397,0.3045322,0.2526949,-0.674179,0,0
1.794834,1.794834,0.3045322,0.2526949,-0.674179,0,0
1.80135,1.80135,0.3045322,0.2526949,-0.674179,0,0
1.806191,1.806191,0.4181125,0.3342668,-0.4014127,0,0
1.810634,1.810634,0.4181125,0.3342668,-0.4014127,0,0
1.815433,1.815433,0.4181125,0.3342668,-0.4014127,0,0
1.820751,1.820751,0.4214761,0.3379177,-0.3937988,0,0
1.825552,1.825552,0.425,0.3421045,-0.3893061,0,0
1.830086,1.830086,0.4261887,0.3434682,-0.3874119,0,0
1.835138,1.835138,0.4296211,0.3477437,-0.3849235,0,0
1.840369,1.840369,0.43121,0.3496221,-0.3830106,0,0
1.844533,1.844533,0.4326975,0.3513737,-0.3812287,0,0
1.848615,1.848615,0.4341665,0.3530968,-0.3794775,0,0
1.852816,1.852816,0.4360955,0.3563194,-0.3785867,0,0
1.856636,1.856636,0.4377938,0.3584364,-0.3767959,0,0
1.861973,1.861973,0.4364407,0.3561913,-0.3766698,0,0
1.867996,1.867996,0.439891,0.3605289,-0.3726689,0,0
1.872432,1.872432,0.4415697,0.3625613,-0.3707054,0,0
1.877242,1.877242,0.4437292,0.3654919,-0.3690515,0,0
1.88348,1.88348,0.4459452,0.3682185,-0.3667271,0,0
1.888367,1.888367,0.446857,0.3698183,-0.365643,0,0
1.892787,1.892787,0.4470977,0.3706403,-0.3646734,0,0
1.898207,1.898207,0.4487937,0.3729258,-0.36272,0,0
1.903302,1.903302,0.4489874,0.373928,-0.3616996,0,0
1.908401,1.908401,0.4502222,0.3757225,-0.360144,0,0
1.913093,1.913093,0.4504243,0.3767215,-0.3591121,0,0
1.918035,1.918035,0.4513386,0.3781455,-0.3578606,0,0
1.921774,1.921774,0.4520881,0.3792959,-0.356856,0,0
1.933037,1.933037,0.453179,0.3820203,-0.3545262,0,0
1.937898,1.937898,0.4513677,0.3801852,-0.3558154,0,0
1.941936,1.941936,0.4518076,0.3810519,-0.3550355,0,0
1.948249,1.948249,0.4518422,0.382702,-0.3531485,0,0
1.953253,1.953253,0.4523338,0.3839492,-0.3519607,0,0
1.958071,1.958071,0.4514755,0.383797,-0.3515716,0,0
1.963346,1.963346,0.45173,0.3847872,-0.3505406,0,0
1.96787,1.96787,0.4519583,0.3856252,-0.3496773,0,0
1.97202,1.97202,0.4521843,0.3864154,-0.3488709,0,0
1.977731,1.977731,0.4499737,0.3843759,-0.3500007,0,0
1.983783,1.983783,0.4499541,0.3850011,-0.349252,0,0
1.989411,1.989411,0.4476553,0.3838304,-0.3492755,0,0
1.994829,1.994829,0.4444967,0.3832676,-0.347676,0,0
2.001357,2.001357,0.442405,0.3825292,-0.3475695,0,0
2.00609,2.00609,0.4413154,0.3825005,-0.3469821,0,0
2.011292,2.011292,0.4400177,0.381604,-0.3471875,0,0
2.015876,2.015876,0.4388378,0.3814073,-0.3467393,0,0
2.021617,2.021617,0.4368188,0.3804686,-0.3464544,0,0
2.026502,2.026502,0.4354951,0.3801584,-0.3460294,0,0
2.032124,2.032124,0.4331592,0.377557,-0.3451564,0,0
2.036597,2.036597,0.431917,0.3777017,-0.3453448,0,0
2.041452,2.041452,0.4306414,0.3772505,-0.3450118,0,0
2.045606,2.045606,0.4294682,0.3768528,-0.3446962,0,0
2.050387,2.050387,0.4278519,0.376279,-0.3457943,0,0
2.055237,2.055237,0.4263382,0.3758149,-0.3463737,0,0
2.06083,2.06083,0.4249457,0.3753757,-0.3463621,0,0
2.066916,2.066916,0.4231312,0.3737246,-0.347037,0,0
2.071724,2.071724,0.4217261,0.3731309,-0.3471204,0,0
2.076184,2.076184,0.4202551,0.3725307,-0.347194,0,0
2.082461,2.082461,0.4206335,0.3714049,-0.3481923,0,0
2.087848,2.087848,0.4166333,0.3683545,-0.3495772,0,0
2.092636,2.092636,0.4145949,0.3663026,-0.3510568,0,0
2.097258,2.097258,0.4125558,0.3648431,-0.3517725,0,0
2.102932,2.102932,0.4110517,0.3631769,-0.3534715,0,0
2.108688,2.108688,0.4089871,0.3615975,-0.3544514,0,0
2.113663,2.113663,0.4075607,0.3599092,-0.3565652,0,0
2.119519,2.119519,0.4059412,0.3586046,-0.3575618,0,0
2.1244,2.1244,0.4044197,0.356198,-0.3595154,0,0
2.129987,2.129987,0.402512,0.3534438,-0.3616267,0,0
2.136221,2.136221,0.4005019,0.3503636,-0.3642878,0,0
2.142113,2.142113,0.3983607,0.347501,-0.3664877,0,0
2.147444,2.147444,0.3964265,0.3452071,-0.3682924,0,0
2.152441,2.152441,0.3950771,0.3431277,-0.3707889,0,0
2.158329,2.158329,0.3929022,0.3404745,-0.3731051,0,0
2.164105,2.164105,0.3915286,0.3381687,-0.3760862,0,0
2.170172,2.170172,0.3898714,0.3349023,-0.3792095,0,0
2.174747,2.174747,0.3881474,0.3324803,-0.3815157,0,0
2.181438,2.181438,0.3861969,0.3292246,-0.3845249,0,0
2.186889,2.186889,0.3852051,0.3270159,-0.3880004,0,0
2.192479,2.192479,0.3842465,0.3251278,-0.3914286,0,0
2.197553,2.197553,0.3825841,0.32248,-0.394657,0,0
2.202988,2.202988,0.3820861,0.3211319,-0.3976191,0,0
2.207201,2.207201,0.3810789,0.3194687,-0.3998728,0,0
2.212162,2.212162,0.379833,0.3176109,-0.4033661,0,0
2.217632,2.217632,0.3788377,0.3150549,-0.4071044,0,0
2.223074,2.223074,0.377804,0.3132488,-0.4097308,0,0
2.229432,2.229432,0.3769669,0.3111436,-0.4137509,0,0
2.235396,2.235396,0.3754988,0.3086749,-0.417794,0,0
2.240727,2.240727,0.3744644,0.3068909,-0.4205979,0,0
2.246695,2.246695,0.3736681,0.3047719,-0.4243783,0,0
2.251896,2.251896,0.3734366,0.3028396,-0.4270253,0,0
2.256542,2.256542,0.3725508,0.3009305,-0.4299915,0,0
2.262047,2.262047,0.3722555,0.2998521,-0.4329927,0,0
2.267836,2.267836,0.3717501,0.2980591,-0.4363628,0,0
2.272733,2.272733,0.3710549,0.2964414,-0.4391885,0,0
2.278092,2.278092,0.370869,0.2952266,-0.4426578,0,0
2.283981,2.283981,0.3702137,0.2936644,-0.4456636,0,0
2.289239,2.289239,0.3695027,0.2920817,-0.4486908,0,0
2.295827,2.295827,0.3688561,0.2888997,-0.4521525,0,0
2.302336,2.302336,0.368173,0.2871441,-0.4552164,0,0
2.30811,2.30811,0.3674177,0.2853507,-0.4583307,0,0
2.312436,2.312436,0.3676045,0.2836927,-0.460484,0,0
2.316485,2.316485,0.3670595,0.2822256,-0.4629116,0,0
2.321126,2.321126,0.3665282,0.2808813,-0.4651261,0,0
2.329679,2.329679,0.3698733,0.2819071,-0.4696149,0,0
2.334547,2.334547,0.3706019,0.2811526,-0.473031,0,0
2.339781,2.339781,0.3706861,0.2801034,-0.475899,0,0
2.344948,2.344948,0.3717371,0.2791135,-0.4784647,0,0
2.350529,2.350529,0.3720203,0.2778693,-0.4818236,0,0
2.354439,2.354439,0.3721815,0.2776454,-0.4840765,0,0
2.359035,2.359035,0.372347,0.2768342,-0.4865636,0,0
2.364087,2.364087,0.3731225,0.2756588,-0.4889352,0,0
2.36935,2.36935,0.3737383,0.2744232,-0.4914695,0,0
2.374118,2.374118,0.3740976,0.2732694,-0.494469,0,0
2.380902,2.380902,0.3746835,0.2723048,-0.4976051,0,0
2.385494,2.385494,0.3749792,0.2713588,-0.5001561,0,0
2.390698,2.390698,0.3756219,0.2710842,-0.5030684,0,0
2.395887,2.395887,0.3754185,0.2689979,-0.5058538,0,0
2.401284,2.401284,0.3755926,0.2679888,-0.5082935,0,0
2.405971,2.405971,0.3757389,0.2669339,-0.5108259,0,0
2.410595,2.410595,0.3767502,0.2668765,-0.5133284,0,0
2.414943,2.414943,0.3769987,0.2659203,-0.5159751,0,0
2.420219,2.420219,0.3779792,0.2667946,-0.5188521,0,0
2.424604,2.424604,0.3782611,0.2661887,-0.5212553,0,0
2.429514,2.429514,0.3787621,0.2669687,-0.5206884,0,0
2.43499,2.43499,0.3799892,0.2660368,-0.5262783,0,0
2.4399,2.4399,0.3804067,0.2655666,-0.5287118,0,0
2.444459,2.444459,0.3810406,0.2650035,-0.5312587,0,0
2.44901,2.44901,0.3815105,0.2644623,-0.5339658,0,0
2.454405,2.454405,0.3821038,0.2637994,-0.5364909,0,0
2.459886,2.459886,0.3827123,0.2636189,-0.5384263,0,0
2.465014,2.465014,0.3832188,0.263107,-0.5410675,0,0
2.470029,2.470029,0.3829032,0.2609527,-0.5423146,0,0
2.475196,2.475196,0.3837017,0.2611287,-0.5444964,0,0
2.480622,2.480622,0.3840972,0.2605335,-0.5467035,0,0
2.485622,2.485622,0.3850221,0.261623,-0.5487459,0,0
2.490358,2.490358,0.3854869,0.2614104,-0.5508294,0,0
2.495638,2.495638,0.3861154,0.2616948,-0.5530346,0,0
2.501236,2.501236,0.3865217,0.261592,-0.5548939,0,0
2.505338,2.505338,0.3868802,0.2614918,-0.5566313,0,0
2.509936,2.509936,0.3872507,0.2613774,-0.5585399,0,0
2.515218,2.515218,0.3878323,0.2614135,-0.5598543,0,0
2.520986,2.520986,0.3877061,0.261502,-0.5581596,0,0
2.526017,2.526017,0.3885597,0.2615107,-0.5601939,0,0
2.53143,2.53143,0.3890432,0.2614499,-0.5618718,0,0
2.536306,2.536306,0.3901258,0.2621409,-0.5626644,0,0
2.541092,2.541092,0.3905858,0.2622202,-0.5638022,0,0
2.545812,2.545812,0.3917093,0.2633115,-0.5639459,0,0
2.551813,2.551813,0.3927784,0.2641621,-0.5642288,0,0
2.557048,2.557048,0.3936183,0.2646284,-0.5652643,0,0
2.561907,2.561907,0.3941026,0.2647839,-0.5647858,0,0
2.566863,2.566863,0.394675,0.2649567,-0.5644029,0,0
2.571476,2.571476,0.3952701,0.2652328,-0.5647479,0,0
2.576655,2.576655,0.3960348,0.2655822,-0.5652036,0,0
2.582431,2.582431,0.396657,0.2657172,-0.5642353,0,0
2.58707,2.58707,0.3972784,0.2659668,-0.5643801,0,0
2.592171,2.592171,0.3979035,0.266272,-0.5633318,0,0
2.597188,2.597188,0.3986723,0.2665803,-0.5632772,0,0
2.602598,2.602598,0.3992912,0.2670639,-0.562089,0,0
2.60799,2.60799,0.4000229,0.2674044,-0.5608214,0,0
2.612801,2.612801,0.4005161,0.2676988,-0.559656,0,0
2.618481,2.618481,0.4011962,0.2682927,-0.5582922,0,0
2.623721,2.623721,0.4017495,0.2685993,-0.5576639,0,0
2.627646,2.627646,0.4022457,0.2688685,-0.55711,0,0
2.632298,2.632298,0.4027143,0.2693325,-0.5556845,0,0
2.637658,2.637658,0.4032461,0.2698507,-0.5540676,0,0
2.643156,2.643156,0.4037884,0.2702049,-0.5531684,0,0
2.649077,2.649077,0.4041166,0.2706314,-0.5514134,0,0
2.654828,2.654828,0.4046609,0.271216,-0.549517,0,0
2.659836,2.659836,0.4051168,0.2715693,-0.5484519,0,0
2.665565,2.665565,0.4054016,0.2721066,-0.5465883,0,0
2.670124,2.670124,0.4056698,0.2726249,-0.5450423,0,0
2.674561,2.674561,0.4061056,0.2730671,-0.5436605,0,0
2.679446,2.679446,0.4061942,0.2732637,-0.5421745,0,0
2.684711,2.684711,0.4053004,0.2720326,-0.5399779,0,0
2.689398,2.689398,0.4053652,0.2720427,-0.5384508,0,0
2.694411,2.694411,0.4055566,0.2725369,-0.5367087,0,0
2.701027,2.701027,0.4056726,0.2726712,-0.5348123,0,0
2.708359,2.708359,0.4051161,0.2712705,-0.5316585,0,0
2.712741,2.712741,0.4050898,0.2711236,-0.5300869,0,0
2.718478,2.718478,0.4064859,0.2736236,-0.5283167,0,0
2.723496,2.723496,0.4066754,0.2738667,-0.5268378,0,0
2.729204,2.729204,0.407066,0.2755596,-0.5251749,0,0
2.734546,2.734546,0.4073343,0.2764769,-0.5252041,0,0
2.740049,2.740049,0.4075648,0.2769919,-0.5238941,0,0
2.74493,2.74493,0.4078055,0.2775182,-0.5225484,0,0
2.749815,2.749815,0.4087337,0.2796933,-0.5192739,0,0
2.754252,2.754252,0.4091066,0.2805055,-0.5175748,0,0
2.76018,2.76018,0.4095036,0.2813521,-0.5157903,0,0
2.765554,2.765554,0.4091481,0.2810609,-0.5163997,0,0
2.769513,2.769513,0.4093695,0.2815821,-0.5152987,0,0
2.773941,2.773941,0.4096494,0.2822297,-0.5139205,0,0
2.778923,2.778923,0.4097605,0.2834823,-0.5104244,0,0
2.783858,2.783858,0.4091946,0.2827552,-0.5111495,0,0
2.78899,2.78899,0.4093348,0.28331,-0.5097275,0,0
2.794247,2.794247,0.4092205,0.2840661,-0.5067913,0,0
2.799927,2.799927,0.4092997,0.2846564,-0.505025,0,0
2.805007,2.805007,0.409145,0.2849984,-0.5037858,0,0
2.80946,2.80946,0.4089763,0.2852547,-0.5029932,0,0
2.813838,2.813838,0.4089561,0.2857066,-0.5015845,0,0
2.818273,2.818273,0.4086702,0.2856528,-0.5010075,0,0
2.822284,2.822284,0.4085997,0.2859496,-0.4999322,0,0
2.826262,2.826262,0.4085297,0.2862335,-0.4988922,0,0
2.830343,2.830343,0.4084544,0.2865283,-0.4978001,0,0
2.834935,2.834935,0.40835,0.2869873,-0.4970704,0,0
2.839274,2.839274,0.4082772,0.2872669,-0.4961401,0,0
2.843868,2.843868,0.4081895,0.2869856,-0.4969286,0,0
2.848601,2.848601,0.4080999,0.2872534,-0.4960275,0,0
2.852336,2.852336,0.4080267,0.2874657,-0.4953051,0,0
2.856319,2.856319,0.4079372,0.2877175,-0.4944383,0,0
2.861012,2.861012,0.4070497,0.2873459,-0.4927153,0,0
2.865436,2.865436,0.4068394,0.287503,-0.4917231,0,0
2.870275,2.870275,0.4061879,0.2863335,-0.492131,0,0
2.875724,2.875724,0.4043969,0.2840139,-0.489491,0,0
2.881551,2.881551,0.4037661,0.2834698,-0.4882427,0,0
2.886144,2.886144,0.403169,0.2829574,-0.487076,0,0
2.89087,2.89087,0.4025746,0.2824497,-0.4859282,0,0
2.895481,2.895481,0.401897,0.2818739,-0.4846361,0,0
2.901327,2.901327,0.402409,0.2827531,-0.4850293,0,0
2.905996,2.905996,0.4019567,0.2824272,-0.4841072,0,0
2.910993,2.910993,0.4014549,0.282068,-0.4830971,0,0
2.915418,2.915418,0.4009674,0.2817214,-0.4821283,0,0
2.920961,2.920961,0.4004424,0.2813508,-0.4810983,0,0
2.925723,2.925723,0.3999435,0.2810009,-0.4801319,0,0
2.931184,2.931184,0.3993866,0.2806132,-0.4790673,0,0
2.936086,2.936086,0.398816,0.2802187,-0.4779909,0,0
2.940951,2.940951,0.3983582,0.2799044,-0.4771382,0,0
2.9461,2.9461,0.3977935,0.2795192,-0.4760988,0,0
2.951261,2.951261,0.3972386,0.2791432,-0.4750906,0,0
2.955383,2.955383,0.3967384,0.2788065,-0.4741925,0,0
2.960802,2.960802,0.4031982,0.2852415,-0.4878235,0,0
2.966627,2.966627,0.4029298,0.2851281,-0.4873037,0,0
2.970906,2.970906,0.4027291,0.2850434,-0.486919,0,0
2.976856,2.976856,0.4017913,0.2853021,-0.4881656,0,0
2.98294,2.98294,0.4014508,0.2852354,-0.4880763,0,0
2.987686,2.987686,0.4011438,0.2851756,-0.4879968,0,0
2.992529,2.992529,0.4018325,0.2859619,-0.4897081,0,0
2.998863,2.998863,0.4004762,0.2825287,-0.4907296,0,0
3.003708,3.003708,0.4003204,0.2818092,-0.4917697,0,0
3.008353,3.008353,0.4000059,0.2812331,-0.4922614,0,0
3.013103,3.013103,0.3994495,0.2805777,-0.4928887,0,0
3.018968,3.018968,0.3993421,0.280476,-0.4939854,0,0
3.024225,3.024225,0.3990121,0.2799563,-0.4946855,0,0
3.029323,3.029323,0.3993123,0.2803275,-0.4960752,0,0
3.034588,3.034588,0.3993835,0.2804119,-0.4976497,0,0
3.039401,3.039401,0.3992845,0.2802404,-0.4984469,0,0
3.04471,3.04471,0.398532,0.2787712,-0.4996728,0,0
3.049538,3.049538,0.3982786,0.2783051,-0.5006529,0,0
3.054756,3.054756,0.3981566,0.2776101,-0.5024375,0,0
3.060264,3.060264,0.3980357,0.2770514,-0.5037741,0,0
3.065307,3.065307,0.3978216,0.2765195,-0.504988,0,0
3.070012,3.070012,0.3976318,0.2761232,-0.5062644,0,0
3.077066,3.077066,0.3975183,0.2756104,-0.5082796,0,0
3.082372,3.082372,0.3973548,0.275189,-0.509473,0,0
3.086523,3.086523,0.3972064,0.2748189,-0.5105231,0,0
3.091697,3.091697,0.3972061,0.2744525,-0.5119655,0,0
3.096513,3.096513,0.3970322,0.2739739,-0.5134006,0,0
3.102683,3.102683,0.3969583,0.273407,-0.514958,0,0
3.107713,3.107713,0.3968032,0.2729396,-0.5162762,0,0
3.112331,3.112331,0.3968733,0.2726991,-0.5175502,0,0
3.117349,3.117349,0.396724,0.2721762,-0.5191634,0,0
3.123809,3.123809,0.3968056,0.2718729,-0.5206735,0,0
3.128726,3.128726,0.3969267,0.2716302,-0.5219917,0,0
3.133952,3.133952,0.3968607,0.2711954,-0.5235381,0,0
3.139482,3.139482,0.3971413,0.2714717,-0.5250931,0,0
3.143362,3.143362,0.3971395,0.2712695,-0.526165,0,0
3.148621,3.148621,0.3971434,0.2710324,-0.5278226,0,0
3.153523,3.153523,0.3973718,0.2708203,-0.529368,0,0
3.158034,3.158034,0.3974001,0.2706057,-0.5305663,0,0
3.163141,3.163141,0.3969462,0.2692365,-0.5313718,0,0
3.167522,3.167522,0.3968746,0.2687981,-0.532535,0,0
3.171502,3.171502,0.3968005,0.2683917,-0.5335965,0,0
3.175947,3.175947,0.396697,0.2678801,-0.5349106,0,0
3.182203,3.182203,0.3962963,0.2665319,-0.5361017,0,0
3.186602,3.186602,0.3961491,0.2659773,-0.5372127,0,0
3.190777,3.190777,0.3969778,0.2676008,-0.5370338,0,0
3.195063,3.195063,0.3969344,0.2672304,-0.538167,0,0
3.201364,3.201364,0.3970518,0.2667128,-0.5415992,0,0
3.20586,3.20586,0.396856,0.2668325,-0.5433466,0,0
3.210706,3.210706,0.3967834,0.2665378,-0.5448396,0,0
3.2162,3.2162,0.3964379,0.2665206,-0.5465804,0,0
3.221016,3.221016,0.3963207,0.2663065,-0.5478716,0,0
3.225621,3.225621,0.3961796,0.2660642,-0.5492934,0,0
3.231004,3.231004,0.3963641,0.2661405,-0.5485494,0,0
3.235254,3.235254,0.3960589,0.2655852,-0.5508811,0,0
3.240387,3.240387,0.3959139,0.2653212,-0.5522089,0,0
3.245735,3.245735,0.396108,0.2653526,-0.5536462,0,0
3.251136,3.251136,0.3959996,0.2651092,-0.555162,0,0
3.255785,3.255785,0.3960073,0.2650288,-0.55629,0,0
3.260922,3.260922,0.3959141,0.2648307,-0.5575708,0,0
3.266133,3.266133,0.3961032,0.264886,-0.5584406,0,0
3.270555,3.270555,0.3963785,0.2651787,-0.5593027,0,0
3.275185,3.275185,0.3963837,0.2650928,-0.5605592,0,0
3.280063,3.280063,0.3963775,0.2650163,-0.5615764,0,0
3.283827,3.283827,0.3963641,0.2649428,-0.5624852,0,0
3.28822,3.28822,0.3963387,0.2648501,-0.5635549,0,0
3.293449,3.293449,0.3962209,0.2641031,-0.5624827,0,0
3.299126,3.299126,0.3961833,0.263924,-0.563305,0,0
3.303752,3.303752,0.3961348,0.2637409,-0.5641202,0,0
3.309415,3.309415,0.3960643,0.2635214,-0.5650674,0,0
3.314734,3.314734,0.3959673,0.263268,-0.5661246,0,0
3.319914,3.319914,0.3966967,0.2638395,-0.5685026,0,0
3.32467,3.32467,0.3966947,0.2637174,-0.5695016,0,0
3.329338,3.329338,0.3971857,0.2651223,-0.5671361,0,0
3.334291,3.334291,0.3977655,0.2657392,-0.5691786,0,0
3.33899,3.33899,0.3979199,0.2658671,-0.5700202,0,0
3.343864,3.343864,0.3981,0.2660113,-0.571043,0,0
3.350145,3.350145,0.3983135,0.2661746,-0.5723208,0,0
3.35397,3.35397,0.3984541,0.2662771,-0.5732081,0,0
3.358147,3.358147,0.3985719,0.2663597,-0.5739844,0,0
3.362629,3.362629,0.3987082,0.2664509,-0.5749254,0,0
3.368123,3.368123,0.3988626,0.266548,-0.5760585,0,0
3.37244,3.37244,0.3989821,0.2666179,-0.5769933,0,0
3.377125,3.377125,0.3991118,0.2666876,-0.5780797,0,0
3.382818,3.382818,0.3992289,0.266744,-0.5791408,0,0
3.387807,3.387807,0.3993384,0.2667898,-0.5802219,0,0
3.396589,3.396589,0.3995093,0.2668428,-0.5821591,0,0
3.401585,3.401585,0.399581,0.2668554,-0.5831063,0,0
3.405222,3.405222,0.3996342,0.2668594,-0.5838891,0,0
3.410117,3.410117,0.3996969,0.2668557,-0.5849369,0,0
3.41591,3.41591,0.3997636,0.2668357,-0.586296,0,0
3.420993,3.420993,0.3998004,0.2668115,-0.5872529,0,0
3.425577,3.425577,0.3998286,0.2667792,-0.5882044,0,0
3.430429,3.430429,0.3998358,0.2667672,-0.5885086,0,0
3.434465,3.434465,0.3998358,0.2667672,-0.5885086,0,0
3.438752,3.438752,0.3998358,0.2667672,-0.5885086,0,0
3.44696,3.44696,0.3998358,0.2667672,-0.5885086,0,0
3.450892,3.450892,0.3998358,0.2667672,-0.5885086,0,0
3.455539,3.455539,0.3998358,0.2667672,-0.5885086,0,0
3.46164,3.46164,0.3998358,0.2667672,-0.5885086,0,0
3.466163,3.466163,0.3998358,0.2667672,-0.5885086,0,0
3.470162,3.470162,0.3998358,0.2667672,-0.5885086,0,0
3.474214,3.474214,0.3998358,0.2667672,-0.5885086,0,0
3.478397,3.478397,0.3998358,0.2667672,-0.5885086,0,0
3.483278,3.483278,0.3998358,0.2667672,-0.5885086,0,0
3.488751,3.488751,0.3998358,0.2667672,-0.5885086,0,0
3.492577,3.492577,0.3998358,0.2667672,-0.5885086,0,0
3.497595,3.497595,0.3998358,0.2667672,-0.5885086,0,0
3.502459,3.502459,0.3998358,0.2667672,-0.5885086,0,0
3.507276,3.507276,0.3998358,0.2667672,-0.5885086,0,0
3.511327,3.511327,0.3998358,0.2667672,-0.5885086,0,0
3.515814,3.515814,0.3998358,0.2667672,-0.5885086,0,0
3.520859,3.520859,0.3998358,0.2667672,-0.5885086,0,0
3.525109,3.525109,0.3998358,0.2667672,-0.5885086,0,0
3.529588,3.529588,0.3998358,0.2667672,-0.5885086,0,0
3.534127,3.534127,0.3998358,0.2667672,-0.5885086,0,0
3.538713,3.538713,0.3998358,0.2667672,-0.5885086,0,0
3.544101,3.544101,0.3998358,0.2667672,-0.5885086,0,0
3.548227,3.548227,0.3998358,0.2667672,-0.5885086,0,0
3.552548,3.552548,0.3998358,0.2667672,-0.5885086,0,0
3.555871,3.555871,0.3998358,0.2667672,-0.5885086,0,0
3.560185,3.560185,0.3998358,0.2667672,-0.5885086,0,0
3.564772,3.564772,0.3998358,0.2667672,-0.5885086,0,0
3.569033,3.569033,0.3998358,0.2667672,-0.5885086,0,0
3.572807,3.572807,0.3998358,0.2667672,-0.5885086,0,0
3.578234,3.578234,0.3998358,0.2667672,-0.5885086,0,0
3.58419,3.58419,0.3998358,0.2667672,-0.5885086,0,0
3.5887,3.5887,0.3998358,0.2667672,-0.5885086,0,0
3.593984,3.593984,0.3998358,0.2667672,-0.5885086,0,0
3.600556,3.600556,0.3998358,0.2667672,-0.5885086,0,0
3.604642,3.604642,0.3998358,0.2667672,-0.5885086,0,0
3.608807,3.608807,0.3998358,0.2667672,-0.5885086,0,0
3.614118,3.614118,0.3998358,0.2667672,-0.5885086,0,0
3.619689,3.619689,0.3998358,0.2667672,-0.5885086,0,0
3.624266,3.624266,0.3998358,0.2667672,-0.5885086,0,0
3.629155,3.629155,0.3998358,0.2667672,-0.5885086,0,0
3.633718,3.633718,0.3998358,0.2667672,-0.5885086,0,0
3.638191,3.638191,0.3998358,0.2667672,-0.5885086,0,0
3.642571,3.642571,0.3998358,0.2667672,-0.5885086,0,0
3.647923,3.647923,0.3998358,0.2667672,-0.5885086,0,0
3.6522,3.6522,0.3998358,0.2667672,-0.5885086,0,0
3.657022,3.657022,0.3998358,0.2667672,-0.5885086,0,0
3.66197,3.66197,0.3998358,0.2667672,-0.5885086,0,0
3.666613,3.666613,0.3998358,0.2667672,-0.5885086,0,0
3.671303,3.671303,0.3998358,0.2667672,-0.5885086,0,0
3.676078,3.676078,0.3998358,0.2667672,-0.5885086,0,0
3.681429,3.681429,0.3998358,0.2667672,-0.5885086,0,0
3.685459,3.685459,0.3998358,0.2667672,-0.5885086,0,0
3.69099,3.69099,0.3998358,0.2667672,-0.5885086,0,0
3.695822,3.695822,0.3998358,0.2667672,-0.5885086,0,0
3.701556,3.701556,0.3998358,0.2667672,-0.5885086,0,0
3.706093,3.706093,0.3998358,0.2667672,-0.5885086,0,0
3.711224,3.711224,0.3998358,0.2667672,-0.5885086,0,0
3.716071,3.716071,0.3998358,0.2667672,-0.5885086,0,0
3.721825,3.721825,0.3998358,0.2667672,-0.5885086,0,0
3.726683,3.726683,0.3998358,0.2667672,-0.5885086,0,0
3.731674,3.731674,0.3998358,0.2667672,-0.5885086,0,0
3.736272,3.736272,0.3998358,0.2667672,-0.5885086,0,0
3.741292,3.741292,0.3998358,0.2667672,-0.5885086,0,0
3.746128,3.746128,0.3998358,0.2667672,-0.5885086,0,0
3.751116,3.751116,0.3998358,0.2667672,-0.5885086,0,0
3.754958,3.754958,0.3998358,0.2667672,-0.5885086,0,0
3.760148,3.760148,0.3998358,0.2667672,-0.5885086,0,0
3.764912,3.764912,0.3998358,0.2667672,-0.5885086,0,0
3.76956,3.76956,0.3998358,0.2667672,-0.5885086,0,0
3.774465,3.774465,0.3998358,0.2667672,-0.5885086,0,0
3.779429,3.779429,0.3998358,0.2667672,-0.5885086,0,0
3.784455,3.784455,0.3998358,0.2667672,-0.5885086,0,0
3.788867,3.788867,0.3998358,0.2667672,-0.5885086,0,0
3.793697,3.793697,0.3998358,0.2667672,-0.5885086,0,0
3.799869,3.799869,0.3998358,0.2667672,-0.5885086,0,0
3.807192,3.807192,0.3998358,0.2667672,-0.5885086,0,0
3.811827,3.811827,0.3998358,0.2667672,-0.5885086,0,0
3.816056,3.816056,0.3998358,0.2667672,-0.5885086,0,0
3.821042,3.821042,0.3998358,0.2667672,-0.5885086,0,0
3.825392,3.825392,0.3998358,0.2667672,-0.5885086,0,0
3.829775,3.829775,0.3998358,0.2667672,-0.5885086,0,0
3.834539,3.834539,0.3998358,0.2667672,-0.5885086,0,0
3.839425,3.839425,0.3998358,0.2667672,-0.5885086,0,0
3.844351,3.844351,0.3998358,0.2667672,-0.5885086,0,0
3.849025,3.849025,0.3998358,0.2667672,-0.5885086,0,0
3.853586,3.853586,0.3998358,0.2667672,-0.5885086,0,0
3.860132,3.860132,0.3998358,0.2667672,-0.5885086,0,0
3.865783,3.865783,0.3998358,0.2667672,-0.5885086,0,0
3.870321,3.870321,0.3998358,0.2667672,-0.5885086,0,0
3.874503,3.874503,0.3998358,0.2667672,-0.5885086,0,0
3.879213,3.879213,0.3998358,0.2667672,-0.5885086,0,0
3.88347,3.88347,0.3998358,0.2667672,-0.5885086,0,0
3.887232,3.887232,0.3998358,0.2667672,-0.5885086,0,0
3.891879,3.891879,0.3998358,0.2667672,-0.5885086,0,0
3.896483,3.896483,0.3998358,0.2667672,-0.5885086,0,0
3.901464,3.901464,0.3998358,0.2667672,-0.5885086,0,0
3.905237,3.905237,0.3998358,0.2667672,-0.5885086,0,0
3.910583,3.910583,0.3998358,0.2667672,-0.5885086,0,0
3.915508,3.915508,0.3998358,0.2667672,-0.5885086,0,0
3.920814,3.920814,0.3998358,0.2667672,-0.5885086,0,0
3.924985,3.924985,0.3998358,0.2667672,-0.5885086,0,0
3.929587,3.929587,0.3998358,0.2667672,-0.5885086,0,0
3.934518,3.934518,0.3998358,0.2667672,-0.5885086,0,0
3.939081,3.939081,0.3998358,0.2667672,-0.5885086,0,0
3.943626,3.943626,0.3998358,0.2667672,-0.5885086,0,0
3.948261,3.948261,0.3998358,0.2667672,-0.5885086,0,0
3.952743,3.952743,0.3998358,0.2667672,-0.5885086,0,0
3.95737,3.95737,0.3998358,0.2667672,-0.5885086,0,0
3.962141,3.962141,0.3998358,0.2667672,-0.5885086,0,0
3.966891,3.966891,0.3998358,0.2667672,-0.5885086,0,0
3.970749,3.970749,0.3998358,0.2667672,-0.5885086,0,0
3.974227,3.974227,0.3998358,0.2667672,-0.5885086,0,0
3.981252,3.981252,0.3998358,0.2667672,-0.5885086,0,0
3.986174,3.986174,0.3998358,0.2667672,-0.5885086,0,0
3.990676,3.990676,0.3998358,0.2667672,-0.5885086,0,0
3.995003,3.995003,0.3998358,0.2667672,-0.5885086,0,0
4.00072,4.00072,0.3998358,0.2667672,-0.5885086,0,0
4.005352,4.005352,0.3998358,0.2667672,-0.5885086,0,0
4.00983,4.00983,0.3998358,0.2667672,-0.5885086,0,0
4.015315,4.015315,0.3998358,0.2667672,-0.5885086,0,0
4.01995,4.01995,0.3998358,0.2667672,-0.5885086,0,0
4.023627,4.023627,0.3998358,0.2667672,-0.5885086,0,0
4.027967,4.027967,0.3998358,0.2667672,-0.5885086,0,0
4.032143,4.032143,0.3998358,0.2667672,-0.5885086,0,0
4.037148,4.037148,0.3998358,0.2667672,-0.5885086,0,0
4.042718,4.042718,0.3998358,0.2667672,-0.5885086,0,0
4.047419,4.047419,0.3998358,0.2667672,-0.5885086,0,0
4.051758,4.051758,0.3998358,0.2667672,-0.5885086,0,0
4.056123,4.056123,0.3998358,0.2667672,-0.5885086,0,0
4.061526,4.061526,0.3998358,0.2667672,-0.5885086,0,0
4.066015,4.066015,0.3998358,0.2667672,-0.5885086,0,0
4.071282,4.071282,0.3998358,0.2667672,-0.5885086,0,0
4.075942,4.075942,0.3998358,0.2667672,-0.5885086,0,0
4.082136,4.082136,0.3998358,0.2667672,-0.5885086,0,0
4.086709,4.086709,0.3998358,0.2667672,-0.5885086,0,0
4.091096,4.091096,0.3998358,0.2667672,-0.5885086,0,0
4.095854,4.095854,0.3998358,0.2667672,-0.5885086,0,0
4.101425,4.101425,0.3998358,0.2667672,-0.5885086,0,0
4.10554,4.10554,0.3998358,0.2667672,-0.5885086,0,0
4.109908,4.109908,0.3998358,0.2667672,-0.5885086,0,0
4.114025,4.114025,0.3998358,0.2667672,-0.5885086,0,0
4.117987,4.117987,0.3998358,0.2667672,-0.5885086,0,0
4.122369,4.122369,0.3998358,0.2667672,-0.5885086,0,0
4.126496,4.126496,0.3998358,0.2667672,-0.5885086,0,0
4.13107,4.13107,0.3998358,0.2667672,-0.5885086,0,0
4.13651,4.13651,0.3998358,0.2667672,-0.5885086,0,0
4.141712,4.141712,0.3998358,0.2667672,-0.5885086,0,0
4.14626,4.14626,0.3998358,0.2667672,-0.5885086,0,0
4.151347,4.151347,0.3998358,0.2667672,-0.5885086,0,0
4.155246,4.155246,0.3998358,0.2667672,-0.5885086,0,0
4.159741,4.159741,0.3998358,0.2667672,-0.5885086,0,0
4.170851,4.170851,0.3998358,0.2667672,-0.5885086,0,0
4.1743,4.1743,0.3998358,0.2667672,-0.5885086,0,0
4.178627,4.178627,0.3998358,0.2667672,-0.5885086,0,0
4.183516,4.183516,0.3998358,0.2667672,-0.5885086,0,0
4.18734,4.18734,0.3998358,0.2667672,-0.5885086,0,0
4.191012,4.191012,0.3998358,0.2667672,-0.5885086,0,0
4.19538,4.19538,0.3998358,0.2667672,-0.5885086,0,0
4.200396,4.200396,0.3998358,0.2667672,-0.5885086,0,0
4.204103,4.204103,0.3998358,0.2667672,-0.5885086,0,0
4.207873,4.207873,0.3998358,0.2667672,-0.5885086,0,0
4.212296,4.212296,0.3998358,0.2667672,-0.5885086,0,0
4.217491,4.217491,0.3998358,0.2667672,-0.5885086,0,0
4.222598,4.222598,0.3998358,0.2667672,-0.5885086,0,0
4.227013,4.227013,0.3998358,0.2667672,-0.5885086,0,0
4.231346,4.231346,0.3998358,0.2667672,-0.5885086,0,0
4.235631,4.235631,0.3998358,0.2667672,-0.5885086,0,0
4.240882,4.240882,0.3998358,0.2667672,-0.5885086,0,0
4.245118,4.245118,0.3998358,0.2667672,-0.5885086,0,0
4.250493,4.250493,0.3998358,0.2667672,-0.5885086,0,0
4.254737,4.254737,0.3998358,0.2667672,-0.5885086,0,0
4.259777,4.259777,0.3998358,0.2667672,-0.5885086,0,0
4.264253,4.264253,0.3998358,0.2667672,-0.5885086,0,0
4.268428,4.268428,0.3998358,0.2667672,-0.5885086,0,0
4.27244,4.27244,0.3998358,0.2667672,-0.5885086,0,0
4.276971,4.276971,0.3998358,0.2667672,-0.5885086,0,0
4.281593,4.281593,0.3998358,0.2667672,-0.5885086,0,0
4.285403,4.285403,0.3998358,0.2667672,-0.5885086,0,0
4.289865,4.289865,0.3998358,0.2667672,-0.5885086,0,0
4.294345,4.294345,0.3998358,0.2667672,-0.5885086,0,0
4.298876,4.298876,0.3998358,0.2667672,-0.5885086,0,0
4.303344,4.303344,0.3998358,0.2667672,-0.5885086,0,0
4.307539,4.307539,0.3998358,0.2667672,-0.5885086,0,0
4.312298,4.312298,0.3998358,0.2667672,-0.5885086,0,0
4.317388,4.317388,0.3998358,0.2667672,-0.5885086,0,0
4.322804,4.322804,0.3998358,0.2667672,-0.5885086,0,0
4.327475,4.327475,0.3998358,0.2667672,-0.5885086,0,0
4.332728,4.332728,0.3998358,0.2667672,-0.5885086,0,0
4.337129,4.337129,0.3998358,0.2667672,-0.5885086,0,0
4.341957,4.341957,0.3998358,0.2667672,-0.5885086,0,0
4.347052,4.347052,0.3998358,0.2667672,-0.5885086,0,0
4.351831,4.351831,0.3998358,0.2667672,-0.5885086,0,0
4.355846,4.355846,0.3998358,0.2667672,-0.5885086,0,0
4.36061,4.36061,0.3998358,0.2667672,-0.5885086,0,0
4.364823,4.364823,0.3998358,0.2667672,-0.5885086,0,0
4.369709,4.369709,0.3998358,0.2667672,-0.5885086,0,0
4.374079,4.374079,0.3998358,0.2667672,-0.5885086,0,0
4.378912,4.378912,0.3998358,0.2667672,-0.5885086,0,0
4.382562,4.382562,0.3998358,0.2667672,-0.5885086,0,0
4.386185,4.386185,0.3998358,0.2667672,-0.5885086,0,0
4.391091,4.391091,0.3998358,0.2667672,-0.5885086,0,0
4.395324,4.395324,0.3998358,0.2667672,-0.5885086,0,0
4.400909,4.400909,0.3998358,0.2667672,-0.5885086,0,0
4.405079,4.405079,0.3998358,0.2667672,-0.5885086,0,0
4.409114,4.409114,0.3998358,0.2667672,-0.5885086,0,0
4.413404,4.413404,0.3998358,0.2667672,-0.5885086,0,0
4.417749,4.417749,0.3998358,0.2667672,-0.5885086,0,0
4.422514,4.422514,0.3998358,0.2667672,-0.5885086,0,0
4.427073,4.427073,0.3998358,0.2667672,-0.5885086,0,0
4.431484,4.431484,0.3998358,0.2667672,-0.5885086,0,0
4.436023,4.436023,0.3998358,0.2667672,-0.5885086,0,0
4.440897,4.440897,0.3998358,0.2667672,-0.5885086,0,0
4.444739,4.444739,0.3998358,0.2667672,-0.5885086,0,0
4.450498,4.450498,0.3998358,0.2667672,-0.5885086,0,0
4.455422,4.455422,0.3998358,0.2667672,-0.5885086,0,0
4.459753,4.459753,0.3998358,0.2667672,-0.5885086,0,0
4.466011,4.466011,0.3998358,0.2667672,-0.5885086,0,0
4.470667,4.470667,0.3998358,0.2667672,-0.5885086,0,0
4.474924,4.474924,0.3998358,0.2667672,-0.5885086,0,0
4.480744,4.480744,0.3998358,0.2667672,-0.5885086,0,0
4.486735,4.486735,0.3998358,0.2667672,-0.5885086,0,0
4.653145,4.653145,0.3998358,0.2667672,-0.5885086,0,0
4.749505,4.749505,0.3998358,0.2667672,-0.5885086,0,0
4.769674,4.769674,0.3998358,0.2667672,-0.5885086,0,0
4.848128,4.848128,0.3998358,0.2667672,-0.5885086,0,0
4.913574,4.913574,0.3998358,0.2667672,-0.5885086,0,0
4.941161,4.941161,0.3998358,0.2667672,-0.5885086,0,0
4.956883,4.956883,0.3998358,0.2667672,-0.5885086,0,0
4.976447,4.976447,0.3998358,0.2667672,-0.5885086,0,0
5.011228,5.011228,0.3998358,0.2667672,-0.5885086,0,0
5.034273,5.034273,0.3998358,0.2667672,-0.5885086,0,0
5.048806,5.048806,0.3998358,0.2667672,-0.5885086,0,0
5.058396,5.058396,0.3998358,0.2667672,-0.5885086,0,0
5.074946,5.074946,0.3998358,0.2667672,-0.5885086,0,0
5.091678,5.091678,0.3998358,0.2667672,-0.5885086,0,0
5.109054,5.109054,0.3998358,0.2667672,-0.5885086,0,0
5.131879,5.131879,0.3998358,0.2667672,-0.5885086,0,0
5.171736,5.171736,0.3998358,0.2667672,-0.5885086,0,0
5.187232,5.187232,0.3998358,0.2667672,-0.5885086,0,0
5.201293,5.201293,0.3998358,0.2667672,-0.5885086,0,0
5.213825,5.213825,0.3998358,0.2667672,-0.5885086,0,0
5.225135,5.225135,0.3998358,0.2667672,-0.5885086,0,0
5.239038,5.239038,0.3998358,0.2667672,-0.5885086,0,0
5.259149,5.259149,0.3998358,0.2667672,-0.5885086,0,0
5.271503,5.271503,0.3998358,0.2667672,-0.5885086,0,0
5.283748,5.283748,0.3998358,0.2667672,-0.5885086,0,0
5.297419,5.297419,0.3998358,0.2667672,-0.5885086,0,0
5.310388,5.310388,0.3998358,0.2667672,-0.5885086,0,0
5.321934,5.321934,0.3998358,0.2667672,-0.5885086,0,0
5.338461,5.338461,0.3998358,0.2667672,-0.5885086,0,0
5.352608,5.352608,0.3998358,0.2667672,-0.5885086,0,0
5.363323,5.363323,0.3998358,0.2667672,-0.5885086,0,0
5.376658,5.376658,0.3998358,0.2667672,-0.5885086,0,0
5.392106,5.392106,0.3998358,0.2667672,-0.5885086,0,0
5.404154,5.404154,0.3998358,0.2667672,-0.5885086,0,0
5.419286,5.419286,0.3998358,0.2667672,-0.5885086,0,0
5.434504,5.434504,0.3998358,0.2667672,-0.5885086,0,0
5.449629,5.449629,0.3998358,0.2667672,-0.5885086,0,0
5.458616,5.458616,0.3998358,0.2667672,-0.5885086,0,0
5.46462,5.46462,0.3998358,0.2667672,-0.5885086,0,0
5.469526,5.469526,0.3998358,0.2667672,-0.5885086,0,0
5.474864,5.474864,0.3998358,0.2667672,-0.5885086,0,0
5.481328,5.481328,0.3998358,0.2667672,-0.5885086,0,0
5.486779,5.486779,0.3998358,0.2667672,-0.5885086,0,0
5.49219,5.49219,0.3998358,0.2667672,-0.5885086,0,0
5.499295,5.499295,0.3998358,0.2667672,-0.5885086,0,0
5.505402,5.505402,0.3998358,0.2667672,-0.5885086,0,0
5.510726,5.510726,0.3998358,0.2667672,-0.5885086,0,0
5.516369,5.516369,0.3998358,0.2667672,-0.5885086,0,0
5.522962,5.522962,0.3998358,0.2667672,-0.5885086,0,0
5.532718,5.532718,0.3998358,0.2667672,-0.5885086,0,0
5.544275,5.544275,0.3998358,0.2667672,-0.5885086,0,0
5.5526,5.5526,0.3998358,0.2667672,-0.5885086,0,0
5.561592,5.561592,0.3998358,0.2667672,-0.5885086,0,0
5.575733,5.575733,0.3998358,0.2667672,-0.5885086,0,0
5.586478,5.586478,0.3998358,0.2667672,-0.5885086,0,0
5.600746,5.600746,0.3998358,0.2667672,-0.5885086,0,0
5.612675,5.612675,0.3998358,0.2667672,-0.5885086,0,0
5.620756,5.620756,0.3998358,0.2667672,-0.5885086,0,0
5.631926,5.631926,0.3998358,0.2667672,-0.5885086,0,0
5.641272,5.641272,0.3998358,0.2667672,-0.5885086,0,0
5.65425,5.65425,0.3822566,0.3135886,-0.4381765,0,0
5.663276,5.663276,0.3822566,0.3135886,-0.4381765,0,0
5.672921,5.672921,0.3841893,0.3147004,-0.4361119,0,0
5.682211,5.682211,0.3848655,0.3149715,-0.4353843,0,0
5.694664,5.694664,0.3855545,0.315267,-0.4348707,0,0
5.708118,5.708118,0.3862792,0.3154705,-0.4338696,0,0
5.725649,5.725649,0.3866324,0.3161535,-0.4324648,0,0
5.738917,5.738917,0.3868916,0.3172811,-0.4296603,0,0
5.753151,5.753151,0.3872549,0.3182408,-0.4276502,0,0
5.766235,5.766235,0.3918864,0.3275916,-0.4103699,0,0
5.77643,5.77643,0.391906,0.3281885,-0.4098622,0,0
5.787174,5.787174,0.3930519,0.3308238,-0.4044712,0,0
5.800406,5.800406,0.3953128,0.3351354,-0.3960719,0,0
5.814364,5.814364,0.3972435,0.3387932,-0.3865177,0,0
5.824662,5.824662,0.3989958,0.3429596,-0.3804073,0,0
5.833744,5.833744,0.3990019,0.3450445,-0.3725596,0,0
5.853361,5.853361,0.4001004,0.3525193,-0.3557265,0,0
5.862692,5.862692,0.400528,0.3550283,-0.3499056,0,0
5.871085,5.871085,0.401205,0.3574174,-0.3430666,0,0
5.880346,5.880346,0.4009182,0.3595282,-0.3337342,0,0
5.889806,5.889806,0.4009346,0.3616992,-0.3274845,0,0
5.894955,5.894955,0.4010179,0.3636247,-0.3218738,0,0
5.904537,5.904537,0.4016083,0.3669552,-0.3166451,0,0
5.91113,5.91113,0.4007,0.3685236,-0.3110555,0,0
5.920439,5.920439,0.4004678,0.3711126,-0.3032086,0,0
5.930968,5.930968,0.4009418,0.3726047,-0.2955187,0,0
5.938781,5.938781,0.4008521,0.3744986,-0.2890422,0,0
5.948866,5.948866,0.4021613,0.3779086,-0.2839116,0,0
5.9588,5.9588,0.4020641,0.3780115,-0.2823013,0,0
5.969339,5.969339,0.4028217,0.3817236,-0.2739536,0,0
5.976216,5.976216,0.4033761,0.3841158,-0.2705465,0,0
5.986854,5.986854,0.4036665,0.3866842,-0.2648709,0,0
5.995596,5.995596,0.4019146,0.3849105,-0.2654572,0,0
6.004289,6.004289,0.4017937,0.3862406,-0.2619662,0,0
6.012551,6.012551,0.4011048,0.3860146,-0.2604106,0,0
6.021589,6.021589,0.4007943,0.3874563,-0.2561648,0,0
6.032995,6.032995,0.3945921,0.3859034,-0.2452425,0,0
6.041097,6.041097,0.392771,0.3863015,-0.2413222,0,0
6.04878,6.04878,0.3913248,0.387487,-0.2377367,0,0
6.055049,6.055049,0.389896,0.3888946,-0.2347649,0,0
6.061628,6.061628,0.3886716,0.3896118,-0.2316521,0,0
6.069506,6.069506,0.3864286,0.3904147,-0.2277912,0,0
6.076807,6.076807,0.3832437,0.3913046,-0.2229575,0,0
6.083993,6.083993,0.3816516,0.391958,-0.2198819,0,0
6.089059,6.089059,0.3802198,0.3925357,-0.2171466,0,0
6.094533,6.094533,0.3783433,0.3932786,-0.2136047,0,0
6.103883,6.103883,0.3764513,0.3943237,-0.2112407,0,0
6.1113,6.1113,0.3732583,0.3975506,-0.2047687,0,0
6.120362,6.120362,0.37011,0.4002997,-0.1992635,0,0
6.128083,6.128083,0.3677625,0.4020253,-0.1951275,0,0
6.135235,6.135235,0.3654824,0.40404,-0.1917322,0,0
6.142673,6.142673,0.363345,0.4056171,-0.1882513,0,0
6.15046,6.15046,0.3643999,0.4056333,-0.1900879,0,0
6.157418,6.157418,0.3621711,0.4087266,-0.1867799,0,0
6.166675,6.166675,0.3616146,0.4109111,-0.1869265,0,0
6.173592,6.173592,0.3623775,0.4136504,-0.189073,0,0
6.184591,6.184591,0.3642544,0.4169376,-0.1925941,0,0
6.190322,6.190322,0.3663382,0.4193959,-0.1964975,0,0
6.197001,6.197001,0.3675371,0.4221311,-0.2007836,0,0
6.20295,6.20295,0.3683069,0.4234493,-0.2043786,0,0
6.207928,6.207928,0.3688593,0.4250412,-0.2062678,0,0
6.213501,6.213501,0.3695613,0.4270227,-0.2086117,0,0
6.219503,6.219503,0.3711826,0.4288264,-0.2123096,0,0
6.224619,6.224619,0.3719703,0.4305093,-0.2146022,0,0
6.230298,6.230298,0.3728383,0.4323315,-0.2170852,0,0
6.236042,6.236042,0.3722135,0.4326401,-0.2175511,0,0
6.241394,6.241394,0.3726689,0.4338588,-0.2192215,0,0
6.247558,6.247558,0.3732863,0.4354737,-0.2214469,0,0
6.253093,6.253093,0.3720152,0.4346559,-0.2213012,0,0
6.259007,6.259007,0.3721769,0.435535,-0.2226984,0,0
6.265429,6.265429,0.3717176,0.4361736,-0.2238096,0,0
6.270626,6.270626,0.3717605,0.4369455,-0.2250762,0,0
6.27577,6.27577,0.37091,0.4371514,-0.2262778,0,0
6.2821,6.2821,0.3702932,0.4377381,-0.228172,0,0
6.28761,6.28761,0.3700851,0.4383919,-0.2296078,0,0
6.292494,6.292494,0.3694025,0.4387965,-0.2313578,0,0
6.297862,6.297862,0.3686681,0.4397361,-0.2335471,0,0
6.303407,6.303407,0.3683295,0.4403194,-0.2350364,0,0
6.30871,6.30871,0.3679812,0.4409165,-0.2366054,0,0
6.314524,6.314524,0.3675636,0.4416282,-0.2385391,0,0
6.320007,6.320007,0.3663835,0.442185,-0.2408254,0,0
6.324991,6.324991,0.3659671,0.4427001,-0.2424209,0,0
6.330967,6.330967,0.3654659,0.4433088,-0.2443834,0,0
6.336005,6.336005,0.3650143,0.4438464,-0.2461932,0,0
6.341968,6.341968,0.3635269,0.4411505,-0.2440669,0,0
6.349548,6.349548,0.362784,0.4415261,-0.2460615,0,0
6.354154,6.354154,0.3622908,0.4417628,-0.2474122,0,0
6.35949,6.35949,0.358659,0.4418831,-0.2568365,0,0
6.36481,6.36481,0.3578002,0.4420474,-0.2592237,0,0
6.369337,6.369337,0.3586219,0.4408993,-0.257617,0,0
6.381252,6.381252,0.3570218,0.4409199,-0.2622625,0,0
6.385443,6.385443,0.356559,0.4409015,-0.2636397,0,0
6.390605,6.390605,0.3557236,0.4388792,-0.2631422,0,0
6.397281,6.397281,0.3548112,0.4385716,-0.2654967,0,0
6.403346,6.403346,0.354091,0.4382951,-0.267387,0,0
6.408837,6.408837,0.3548453,0.4386985,-0.2648423,0,0
6.415115,6.415115,0.354504,0.4388865,-0.2669439,0,0
6.420998,6.420998,0.3542615,0.4395597,-0.2701852,0,0
6.426904,6.426904,0.3545768,0.4398964,-0.2717626,0,0
6.433382,6.433382,0.3548391,0.4397882,-0.2731118,0,0
6.438733,6.438733,0.3547502,0.4398232,-0.2744676,0,0
6.444561,6.444561,0.3546463,0.43985,-0.2761167,0,0
6.450693,6.450693,0.3549233,0.4392959,-0.2763318,0,0
6.455511,6.455511,0.3551705,0.4385983,-0.2763034,0,0
6.461128,6.461128,0.3552042,0.4383873,-0.2772272,0,0
6.466523,6.466523,0.3552417,0.4381581,-0.2781927,0,0
6.472355,6.472355,0.3560917,0.4379153,-0.2773194,0,0
6.477867,6.477867,0.3562807,0.4376611,-0.2780553,0,0
6.483432,6.483432,0.356,0.4370638,-0.2756578,0,0
6.488639,6.488639,0.3561088,0.4368032,-0.2759156,0,0
6.493007,6.493007,0.3563128,0.4352667,-0.2748389,0,0
6.498449,6.498449,0.356438,0.4348127,-0.274862,0,0
6.502908,6.502908,0.356554,0.4344016,-0.2748806,0,0
6.507506,6.507506,0.3566758,0.4339791,-0.2748975,0,0
6.512711,6.512711,0.3567601,0.4329301,-0.2733043,0,0
6.517159,6.517159,0.3568876,0.432422,-0.2731277,0,0
6.521807,6.521807,0.3569288,0.4320006,-0.271719,0,0
6.526522,6.526522,0.3570485,0.4315103,-0.2714016,0,0
6.531405,6.531405,0.3571759,0.4310018,-0.2710689,0,0
6.536164,6.536164,0.3573167,0.4304552,-0.2707071,0,0
6.542479,6.542479,0.3585654,0.4302586,-0.2724414,0,0
6.548753,6.548753,0.3588834,0.4295546,-0.2723585,0,0
6.555215,6.555215,0.3598677,0.4275168,-0.2739297,0,0
6.561288,6.561288,0.3601929,0.4267063,-0.2756345,0,0
6.566331,6.566331,0.360561,0.4259081,-0.2762108,0,0
6.571052,6.571052,0.3598268,0.4248652,-0.2774388,0,0
6.575083,6.575083,0.3599591,0.4240857,-0.2780897,0,0
6.580885,6.580885,0.3601149,0.4231873,-0.2788388,0,0
6.585857,6.585857,0.3602657,0.4223379,-0.2795459,0,0
6.590264,6.590264,0.3604016,0.4215878,-0.2801697,0,0
6.595412,6.595412,0.3605926,0.4205564,-0.281026,0,0
6.600615,6.600615,0.360732,0.4198203,-0.2816364,0,0
6.605798,6.605798,0.3606134,0.4198338,-0.2834823,0,0
6.610838,6.610838,0.3607455,0.4190623,-0.2843096,0,0
6.616233,6.616233,0.3609004,0.4181719,-0.285264,0,0
6.621798,6.621798,0.3610388,0.4173886,-0.2861035,0,0
6.626378,6.626378,0.361163,0.4166948,-0.2868469,0,0
6.63168,6.63168,0.3613116,0.415876,-0.2877241,0,0
6.6367,6.6367,0.3602708,0.4192654,-0.2833596,0,0
6.641693,6.641693,0.3603298,0.4187844,-0.2838406,0,0
6.647167,6.647167,0.3604013,0.4182112,-0.2844141,0,0
6.651721,6.651721,0.3604621,0.4177299,-0.2848959,0,0
6.656972,6.656972,0.3605398,0.4171247,-0.2855023,0,0
6.664654,6.664654,0.3612152,0.4187378,-0.2832434,0,0
6.671731,6.671731,0.3613551,0.4181995,-0.2837346,0,0
6.67821,6.67821,0.3616195,0.4165291,-0.2807166,0,0
6.685523,6.685523,0.3620085,0.4167229,-0.2804995,0,0
6.691043,6.691043,0.3622327,0.4163303,-0.2804043,0,0
6.69643,6.69643,0.3624792,0.4159062,-0.2803016,0,0
6.702434,6.702434,0.3627103,0.4155156,-0.2802073,0,0
6.706617,6.706617,0.3628492,0.4163498,-0.2802504,0,0
6.71132,6.71132,0.3630424,0.4161694,-0.2801852,0,0
6.716652,6.716652,0.3626165,0.416294,-0.2797002,0,0
6.721891,6.721891,0.3627258,0.4161595,-0.2795836,0,0
6.725912,6.725912,0.3611464,0.4149231,-0.2785406,0,0
6.730669,6.730669,0.3604759,0.413757,-0.2777713,0,0
6.735193,6.735193,0.3602834,0.4132957,-0.2774227,0,0
6.740775,6.740775,0.3600937,0.4128322,-0.277072,0,0
6.74665,6.74665,0.3605285,0.4121234,-0.2761956,0,0
6.751043,6.751043,0.3607818,0.4122804,-0.2760806,0,0
6.75547,6.75547,0.3607544,0.4119087,-0.275714,0,0
6.760334,6.760334,0.3607319,0.4115744,-0.2753828,0,0
6.765266,6.765266,0.360709,0.411197,-0.2750073,0,0
6.770124,6.770124,0.3601601,0.4119842,-0.2746333,0,0
6.774275,6.774275,0.3600659,0.4117873,-0.2742876,0,0
6.786032,6.786032,0.3581151,0.4114753,-0.2731597,0,0
6.791119,6.791119,0.3577567,0.4112999,-0.2727171,0,0
6.796411,6.796411,0.3576147,0.4120198,-0.2727767,0,0
6.800939,6.800939,0.3573503,0.4120255,-0.2724912,0,0
6.807508,6.807508,0.3569378,0.4120352,-0.2720453,0,0
6.814001,6.814001,0.3573224,0.4136718,-0.2726951,0,0
6.818855,6.818855,0.3571455,0.4138939,-0.2725381,0,0
6.824269,6.824269,0.3569354,0.4141575,-0.2723525,0,0
6.830174,6.830174,0.3574687,0.4144047,-0.2741824,0,0
6.83509,6.83509,0.3572727,0.4146092,-0.2745177,0,0
6.841043,6.841043,0.3571438,0.4148457,-0.2746602,0,0
6.846273,6.846273,0.3562584,0.413688,-0.2740998,0,0
6.851981,6.851981,0.3561511,0.4136021,-0.2740171,0,0
6.857425,6.857425,0.3558793,0.4135228,-0.2739845,0,0
6.864191,6.864191,0.3560063,0.4137665,-0.2740465,0,0
6.869575,6.869575,0.3558451,0.4137637,-0.274037,0,0
6.875239,6.875239,0.3562044,0.414311,-0.2739736,0,0
6.881418,6.881418,0.3561558,0.4144267,-0.2739493,0,0
6.887021,6.887021,0.356521,0.414959,-0.2739781,0,0
6.892315,6.892315,0.3565698,0.4151635,-0.2739684,0,0
6.897845,6.897845,0.3563167,0.4149314,-0.273683,0,0
6.90346,6.90346,0.3562864,0.4150287,-0.2738394,0,0
6.908669,6.908669,0.3562694,0.4151355,-0.2738256,0,0
6.914319,6.914319,0.3563235,0.4153768,-0.2741511,0,0
6.919714,6.919714,0.3563347,0.4154569,-0.2741544,0,0
6.924921,6.924921,0.3565772,0.4158167,-0.2741688,0,0
6.930723,6.930723,0.3566489,0.4160194,-0.2742095,0,0
6.935996,6.935996,0.3570499,0.4166851,-0.2743716,0,0
6.941037,6.941037,0.3571717,0.4169365,-0.2744288,0,0
6.947026,6.947026,0.3573084,0.4171534,-0.2745029,0,0
6.952544,6.952544,0.3572474,0.4170889,-0.2743718,0,0
6.957726,6.957726,0.3573403,0.4172859,-0.2743914,0,0
6.963806,6.963806,0.3573138,0.4171822,-0.2742634,0,0
6.969283,6.969283,0.357309,0.4170829,-0.2741163,0,0
6.974665,6.974665,0.3572707,0.4169377,-0.2739272,0,0
6.982245,6.982245,0.3573005,0.4169518,-0.2738165,0,0
6.990109,6.990109,0.3563381,0.41541,-0.2728842,0,0
6.996613,6.996613,0.3561057,0.4150154,-0.2725631,0,0
7.001995,7.001995,0.3559444,0.4147419,-0.2723402,0,0
7.006821,7.006821,0.3557798,0.414463,-0.2721128,0,0
7.013015,7.013015,0.3555611,0.4140932,-0.2718109,0,0
7.018105,7.018105,0.3554056,0.4138303,-0.2715961,0,0
7.022685,7.022685,0.3555399,0.4138323,-0.2714781,0,0
7.02794,7.02794,0.355963,0.4142999,-0.2716591,0,0
7.033376,7.033376,0.3563396,0.414791,-0.2718477,0,0
7.043776,7.043776,0.3562754,0.4145787,-0.2715717,0,0
7.050731,7.050731,0.3562291,0.4144268,-0.2713721,0,0
7.057779,7.057779,0.3561814,0.4142722,-0.271167,0,0
7.064212,7.064212,0.3561422,0.4141459,-0.2709979,0,0
7.071516,7.071516,0.3560943,0.4139931,-0.2707916,0,0
7.077073,7.077073,0.3560547,0.4138678,-0.270621,0,0
7.08333,7.08333,0.356016,0.4137464,-0.2704545,0,0
7.088222,7.088222,0.3559838,0.4136462,-0.2703159,0,0
7.092677,7.092677,0.3559541,0.4135543,-0.2701881,0,0
7.099065,7.099065,0.3559083,0.4134133,-0.2699904,0,0
7.104166,7.104166,0.3558778,0.4133202,-0.2698591,0,0
7.110112,7.110112,0.3558376,0.4131985,-0.269686,0,0
7.116924,7.116924,0.3558361,0.4131939,-0.2696794,0,0
7.12346,7.12346,0.3558361,0.4131939,-0.2696794,0,0
7.129557,7.129557,0.3558361,0.4131939,-0.2696794,0,0
7.136061,7.136061,0.3558361,0.4131939,-0.2696794,0,0
7.141988,7.141988,0.3572646,0.4142626,-0.2697869,0,0
7.146532,7.146532,0.3572646,0.4142626,-0.2697869,0,0
7.15241,7.15241,0.3598247,0.4097831,-0.2734231,0,0
7.159329,7.159329,0.3598247,0.4097831,-0.2734231,0,0
7.168108,7.168108,0.3598247,0.4097831,-0.2734231,0,0
7.174303,7.174303,0.3589928,0.4077482,-0.2740481,0,0
7.181098,7.181098,0.3588941,0.4070901,-0.2743106,0,0
7.190278,7.190278,0.3589686,0.406867,-0.2743927,0,0
7.198368,7.198368,0.3595089,0.4074335,-0.2744533,0,0
7.208496,7.208496,0.3602225,0.4081262,-0.275006,0,0
7.213832,7.213832,0.3604169,0.4082004,-0.2751836,0,0
7.223505,7.223505,0.3606635,0.4083221,-0.2759358,0,0
7.228387,7.228387,0.3608165,0.4083847,-0.2761492,0,0
7.233745,7.233745,0.3610191,0.4084677,-0.2764321,0,0
7.245726,7.245726,0.3608286,0.4074119,-0.2774365,0,0
7.249981,7.249981,0.3609163,0.4073647,-0.2776665,0,0
7.254998,7.254998,0.361043,0.4072967,-0.2779999,0,0
7.261309,7.261309,0.3614315,0.4069459,-0.2792312,0,0
7.267514,7.267514,0.3616229,0.4068145,-0.2797828,0,0
7.27397,7.27397,0.3618069,0.406609,-0.2804267,0,0
7.279514,7.279514,0.3619576,0.4064947,-0.2808818,0,0
7.287123,7.287123,0.3609985,0.4053003,-0.280021,0,0
7.292256,7.292256,0.3610148,0.4050761,-0.280297,0,0
7.299292,7.299292,0.3617209,0.4042895,-0.2811725,0,0
7.306777,7.306777,0.3624892,0.4052682,-0.2820159,0,0
7.314716,7.314716,0.3632556,0.4054499,-0.2840183,0,0
7.321563,7.321563,0.3633277,0.4052857,-0.285011,0,0
7.3269,7.3269,0.3635618,0.4052159,-0.2857521,0,0
7.332551,7.332551,0.3627022,0.4045686,-0.2860089,0,0
7.338964,7.338964,0.3626486,0.4043388,-0.2866589,0,0
7.344803,7.344803,0.3627348,0.4042528,-0.2871767,0,0
7.350989,7.350989,0.3627554,0.4040678,-0.2878745,0,0
7.356673,7.356673,0.3627724,0.4038996,-0.2885212,0,0
7.362034,7.362034,0.3635296,0.4041397,-0.2890911,0,0
7.3687,7.3687,0.3636998,0.4040324,-0.2898208,0,0
7.374048,7.374048,0.3643422,0.4047405,-0.2898306,0,0
7.379688,7.379688,0.3648578,0.4048424,-0.2909629,0,0
7.386168,7.386168,0.3651836,0.4048848,-0.2917446,0,0
7.39103,7.39103,0.3653674,0.4048938,-0.2924075,0,0
7.396037,7.396037,0.3656346,0.4049256,-0.2930998,0,0
7.403023,7.403023,0.3659422,0.4049629,-0.2939029,0,0
7.407918,7.407918,0.3659146,0.4048392,-0.294304,0,0
7.41311,7.41311,0.3661456,0.4048463,-0.2949911,0,0
7.419491,7.419491,0.3663766,0.4048531,-0.2956848,0,0
7.424396,7.424396,0.3660925,0.4046431,-0.2951371,0,0
7.429371,7.429371,0.3662417,0.4046273,-0.2956152,0,0
7.435023,7.435023,0.3663855,0.4047949,-0.2960371,0,0
7.439727,7.439727,0.3667216,0.4048538,-0.2971948,0,0
7.444603,7.444603,0.3668971,0.4048679,-0.2977777,0,0
7.44971,7.44971,0.3669793,0.4048007,-0.2983409,0,0
7.455491,7.455491,0.3670802,0.4046256,-0.2989202,0,0
7.461446,7.461446,0.3671544,0.4045955,-0.2993997,0,0
7.466519,7.466519,0.3672819,0.4045615,-0.2999563,0,0
7.472203,7.472203,0.367417,0.4045247,-0.3005571,0,0
7.478767,7.478767,0.3675755,0.4046744,-0.3010472,0,0
7.485808,7.485808,0.367677,0.4046085,-0.301419,0,0
7.492085,7.492085,0.3678125,0.4045913,-0.3019921,0,0
7.497816,7.497816,0.3678241,0.4041276,-0.3024583,0,0
7.506281,7.506281,0.3679325,0.4042722,-0.302897,0,0
7.513473,7.513473,0.3679851,0.4042892,-0.3033727,0,0
7.521918,7.521918,0.3680743,0.4043224,-0.3037608,0,0
7.527768,7.527768,0.3681473,0.4043657,-0.3041104,0,0
7.533251,7.533251,0.3682284,0.4043721,-0.3045328,0,0
7.540081,7.540081,0.3683273,0.4043689,-0.3049199,0,0
7.545832,7.545832,0.3684015,0.4043725,-0.3052877,0,0
7.55214,7.55214,0.368483,0.4043763,-0.3056996,0,0
7.558303,7.558303,0.3685665,0.4043802,-0.3061301,0,0
7.564005,7.564005,0.3686324,0.4043832,-0.3064766,0,0
7.57055,7.57055,0.3687116,0.4043868,-0.3069012,0,0
7.576073,7.576073,0.3687707,0.4038346,-0.3072044,0,0
7.581686,7.581686,0.3688305,0.4037847,-0.3075345,0,0
7.587386,7.587386,0.3676521,0.402456,-0.3059801,0,0
7.592876,7.592876,0.367607,0.4022913,-0.3061582,0,0
7.59764,7.59764,0.3675622,0.4021303,-0.3063319,0,0
7.604596,7.604596,0.3675071,0.401936,-0.3065409,0,0
7.609153,7.609153,0.3679003,0.4025889,-0.3065485,0,0
7.613968,7.613968,0.3686503,0.4037869,-0.3066788,0,0
7.621514,7.621514,0.3693337,0.4044479,-0.3076788,0,0
7.628034,7.628034,0.3695424,0.4045887,-0.3079347,0,0
7.635936,7.635936,0.3684849,0.403098,-0.3070092,0,0
7.642727,7.642727,0.3682906,0.4028329,-0.3068413,0,0
7.649572,7.649572,0.3681115,0.4025175,-0.3067623,0,0
7.656596,7.656596,0.3681805,0.4026108,-0.3069522,0,0
7.663581,7.663581,0.3685818,0.4031776,-0.3073075,0,0
7.670779,7.670779,0.3690429,0.4039288,-0.3077272,0,0
7.677475,7.677475,0.3694426,0.4043886,-0.3081897,0,0
7.68299,7.68299,0.3696079,0.404602,-0.3083871,0,0
7.689126,7.689126,0.369806,0.4048584,-0.3086242,0,0
7.694415,7.694415,0.3697955,0.4048328,-0.3086717,0,0
7.707345,7.707345,0.3696323,0.4047238,-0.3085093,0,0
7.715415,7.715415,0.369561,0.4047184,-0.3084615,0,0
7.723835,7.723835,0.3696057,0.4047922,-0.3084579,0,0
7.727951,7.727951,0.3696336,0.404845,-0.3084907,0,0
7.73565,7.73565,0.3695244,0.4047161,-0.3083453,0,0
7.740677,7.740677,0.3695312,0.4047404,-0.3083506,0,0
7.746631,7.746631,0.3694884,0.4047124,-0.3083066,0,0
7.753179,7.753179,0.3694893,0.404738,-0.3083054,0,0
7.759839,7.759839,0.3694905,0.4047712,-0.3081443,0,0
7.765705,7.765705,0.3694913,0.4047995,-0.3081086,0,0
7.772387,7.772387,0.3694244,0.4048839,-0.3079343,0,0
7.778172,7.778172,0.3693442,0.4049839,-0.3076997,0,0
7.786213,7.786213,0.3691914,0.4049968,-0.3074247,0,0
7.791826,7.791826,0.3691868,0.4050906,-0.3072886,0,0
7.798202,7.798202,0.369135,0.4051544,-0.3071237,0,0
7.805463,7.805463,0.3689711,0.4052543,-0.3068806,0,0
7.811339,7.811339,0.3689007,0.4053166,-0.3067207,0,0
7.818212,7.818212,0.3674373,0.40366,-0.3052401,0,0
7.824509,7.824509,0.3671261,0.4034099,-0.3048623,0,0
7.830562,7.830562,0.3671738,0.403677,-0.3047272,0,0
7.838346,7.838346,0.3674729,0.4043432,-0.3046175,0,0
7.843555,7.843555,0.3673967,0.4043927,-0.3044089,0,0
7.849853,7.849853,0.3679198,0.4053545,-0.3046938,0,0
7.855554,7.855554,0.3672532,0.4045328,-0.3039591,0,0
7.862091,7.862091,0.3671289,0.404536,-0.3036833,0,0
7.869552,7.869552,0.3669703,0.4045307,-0.3032778,0,0
7.875329,7.875329,0.3671057,0.4049613,-0.303553,0,0
7.881446,7.881446,0.3670332,0.4050318,-0.3033805,0,0
7.888028,7.888028,0.3669469,0.4051155,-0.3031753,0,0
7.893403,7.893403,0.3668686,0.4051913,-0.3029893,0,0
7.900159,7.900159,0.3670605,0.4064373,-0.3030114,0,0
7.907495,7.907495,0.367141,0.4068718,-0.303234,0,0
7.913481,7.913481,0.3668401,0.4075064,-0.3029209,0,0
7.921257,7.921257,0.3666325,0.4080166,-0.3025144,0,0
7.927107,7.927107,0.3664762,0.4083655,-0.3022188,0,0
7.935324,7.935324,0.3662981,0.408862,-0.3018148,0,0
7.941909,7.941909,0.3661751,0.4090928,-0.3014689,0,0
7.94804,7.94804,0.366049,0.4094156,-0.301187,0,0
7.954582,7.954582,0.3658292,0.4096254,-0.3007777,0,0
7.961062,7.961062,0.3656356,0.4096611,-0.3005487,0,0
7.968829,7.968829,0.3654875,0.4097851,-0.3003487,0,0
7.973956,7.973956,0.3653515,0.4099477,-0.3001249,0,0
7.979919,7.979919,0.3653149,0.410178,-0.2999941,0,0
7.987457,7.987457,0.3651972,0.4104087,-0.2996067,0,0
7.993256,7.993256,0.3650223,0.4106133,-0.2990565,0,0
7.999903,7.999903,0.364884,0.4108166,-0.2987087,0,0
8.007111,8.007111,0.364567,0.410999,-0.2978737,0,0
8.013845,8.013845,0.3643448,0.4112462,-0.2971114,0,0
8.021532,8.021532,0.3640801,0.4114372,-0.2964189,0,0
8.028337,8.028337,0.3638632,0.4116868,-0.2958868,0,0
8.036857,8.036857,0.3635803,0.4119682,-0.2951524,0,0
8.042194,8.042194,0.3634272,0.4121504,-0.2950277,0,0
8.047279,8.047279,0.3632662,0.4123143,-0.2946627,0,0
8.053747,8.053747,0.3630425,0.4125399,-0.2941607,0,0
8.058819,8.058819,0.3629349,0.4127388,-0.2942725,0,0
8.064241,8.064241,0.3630471,0.4127308,-0.2946151,0,0
8.070816,8.070816,0.3628878,0.4129241,-0.2943274,0,0
8.075481,8.075481,0.3627629,0.4130748,-0.2941037,0,0
8.081218,8.081218,0.3626386,0.413224,-0.2938826,0,0
8.086513,8.086513,0.362509,0.4133787,-0.2936538,0,0
8.090923,8.090923,0.3624015,0.4135064,-0.2934652,0,0
8.095551,8.095551,0.3622712,0.4136605,-0.2932382,0,0
8.101917,8.101917,0.3621294,0.4138274,-0.2929928,0,0
8.106523,8.106523,0.362014,0.4139624,-0.2927947,0,0
8.111073,8.111073,0.361902,0.414093,-0.2926035,0,0
8.115906,8.115906,0.3614822,0.4146805,-0.2920578,0,0
8.121746,8.121746,0.3613358,0.4148579,-0.2918233,0,0
8.126567,8.126567,0.3611932,0.4150302,-0.2915962,0,0
8.133891,8.133891,0.3620254,0.4139602,-0.292798,0,0
8.143761,8.143761,0.3616334,0.414489,-0.2920616,0,0
8.150545,8.150545,0.3614462,0.414732,-0.2917189,0,0
8.15798,8.15798,0.3612203,0.4150243,-0.2913091,0,0
8.164502,8.164502,0.361283,0.4151622,-0.2914364,0,0
8.170139,8.170139,0.3611674,0.4153532,-0.2912327,0,0
8.177034,8.177034,0.3610131,0.415608,-0.2909628,0,0
8.191122,8.191122,0.3607363,0.416064,-0.2904845,0,0
8.196563,8.196563,0.3606131,0.4162663,-0.2902741,0,0
8.202265,8.202265,0.3609766,0.4161107,-0.2910078,0,0
8.207384,8.207384,0.360916,0.4162528,-0.2909129,0,0
8.213042,8.213042,0.3607843,0.4167199,-0.2906172,0,0
8.218473,8.218473,0.3608664,0.4164774,-0.2906946,0,0
8.222922,8.222922,0.3608214,0.4165932,-0.2906109,0,0
8.228527,8.228527,0.3607644,0.4167394,-0.2905056,0,0
8.233212,8.233212,0.3605562,0.4171674,-0.2901028,0,0
8.238002,8.238002,0.3604878,0.417326,-0.2899755,0,0
8.242777,8.242777,0.3604125,0.4175002,-0.2898362,0,0
8.248133,8.248133,0.3603407,0.4175175,-0.2896807,0,0
8.254678,8.254678,0.3602318,0.4177382,-0.2894772,0,0
8.261084,8.261084,0.3603141,0.4174487,-0.2896364,0,0
8.266612,8.266612,0.3602491,0.4175649,-0.2895154,0,0
8.271813,8.271813,0.3603545,0.4174563,-0.2896126,0,0
8.277631,8.277631,0.360344,0.4174832,-0.2895333,0,0
8.283498,8.283498,0.3603128,0.4175491,-0.2894509,0,0
8.288696,8.288696,0.3603093,0.4174108,-0.2893988,0,0
8.295421,8.295421,0.3594907,0.4166122,-0.2888379,0,0
8.301233,8.301233,0.3593437,0.4163501,-0.2886477,0,0
8.306828,8.306828,0.3591506,0.4161561,-0.2884606,0,0
8.312309,8.312309,0.3589569,0.4159614,-0.2882735,0,0
8.318368,8.318368,0.3598469,0.4164136,-0.2886793,0,0
8.324294,8.324294,0.3599064,0.4163718,-0.2886264,0,0
8.3302,8.3302,0.3604879,0.416907,-0.2888048,0,0
8.336702,8.336702,0.3606721,0.4168598,-0.2886062,0,0
8.342433,8.342433,0.360727,0.416679,-0.2883201,0,0
8.348766,8.348766,0.3608845,0.4166669,-0.288192,0,0
8.354569,8.354569,0.3601464,0.4157492,-0.2874929,0,0
8.360342,8.360342,0.3600673,0.415324,-0.2871428,0,0
8.366377,8.366377,0.3599956,0.4150316,-0.2868488,0,0
8.371852,8.371852,0.3601649,0.4148602,-0.286717,0,0
8.3773,8.3773,0.360316,0.4146322,-0.2865729,0,0
8.384252,8.384252,0.360433,0.4143701,-0.2864138,0,0
8.38923,8.38923,0.3604781,0.4141544,-0.2862413,0,0
8.395008,8.395008,0.3605322,0.4138951,-0.2860349,0,0
8.401381,8.401381,0.3605872,0.4136307,-0.2858256,0,0
8.406495,8.406495,0.3606786,0.4134305,-0.2859014,0,0
8.413012,8.413012,0.3607888,0.4136849,-0.2859963,0,0
8.417965,8.417965,0.360839,0.4135594,-0.2859095,0,0
8.422746,8.422746,0.3611843,0.4135666,-0.2856342,0,0
8.428699,8.428699,0.3613094,0.4135157,-0.2853652,0,0
8.433901,8.433901,0.3613475,0.4134195,-0.285141,0,0
8.43902,8.43902,0.3614321,0.4133321,-0.284983,0,0
8.44509,8.44509,0.3615483,0.4132117,-0.2847658,0,0
8.45069,8.45069,0.3614779,0.4130557,-0.2846793,0,0
8.456244,8.456244,0.361551,0.4129323,-0.2844999,0,0
8.462781,8.462781,0.3619935,0.4131802,-0.2845824,0,0
8.468096,8.468096,0.3623726,0.4135803,-0.2847623,0,0
8.472864,8.472864,0.3625553,0.4136533,-0.2847345,0,0
8.479229,8.479229,0.3625916,0.4134436,-0.2844927,0,0
8.484889,8.484889,0.3625131,0.4133586,-0.2843181,0,0
8.489828,8.489828,0.3626054,0.4133487,-0.2842232,0,0
8.495125,8.495125,0.3626659,0.4135112,-0.2842706,0,0
8.50154,8.50154,0.3625664,0.413531,-0.2842012,0,0
8.506885,8.506885,0.3626051,0.4135569,-0.2841362,0,0
8.512424,8.512424,0.3627545,0.4139341,-0.2843656,0,0
8.518569,8.518569,0.3620064,0.4137465,-0.2841355,0,0
8.524162,8.524162,0.3618741,0.4137732,-0.2840827,0,0
8.530191,8.530191,0.3615615,0.4137658,-0.2843475,0,0
8.53616,8.53616,0.3614272,0.413685,-0.2843744,0,0
8.541472,8.541472,0.3614567,0.4138086,-0.2842765,0,0
8.547023,8.547023,0.361347,0.4138387,-0.2842627,0,0
8.552583,8.552583,0.3614702,0.4141809,-0.2842407,0,0
8.5573,8.5573,0.361421,0.4142797,-0.2842261,0,0
8.563186,8.563186,0.3614781,0.414593,-0.2843647,0,0
8.568715,8.568715,0.3614159,0.4149193,-0.2846346,0,0
8.573788,8.573788,0.3613783,0.415118,-0.2847177,0,0
8.579961,8.579961,0.3617108,0.415604,-0.2849949,0,0
8.585531,8.585531,0.3612733,0.4151945,-0.2845657,0,0
8.590455,8.590455,0.3612052,0.4152767,-0.2845533,0,0
8.602812,8.602812,0.3610107,0.4158428,-0.2844945,0,0
8.608817,8.608817,0.3611976,0.4163071,-0.2848741,0,0
8.614766,8.614766,0.3611903,0.4165952,-0.2849904,0,0
8.620425,8.620425,0.3607939,0.4166572,-0.2851547,0,0
8.62569,8.62569,0.3606018,0.4165496,-0.2849042,0,0
8.631432,8.631432,0.3604744,0.4166791,-0.2849243,0,0
8.636717,8.636717,0.360482,0.4166328,-0.2845759,0,0
8.643389,8.643389,0.3608431,0.4170028,-0.2845977,0,0
8.649979,8.649979,0.3606219,0.4169956,-0.2844342,0,0
8.655295,8.655295,0.3605763,0.4171017,-0.2843576,0,0
8.662154,8.662154,0.3604896,0.4170831,-0.2842887,0,0
8.667409,8.667409,0.3604534,0.4170213,-0.2842533,0,0
8.672693,8.672693,0.3604065,0.4170554,-0.2841941,0,0
8.679112,8.679112,0.3603669,0.4169972,-0.2841783,0,0
8.684748,8.684748,0.3603837,0.4169759,-0.2842144,0,0
8.689734,8.689734,0.3603571,0.4169793,-0.2841899,0,0
8.69609,8.69609,0.3603937,0.4170373,-0.2842534,0,0
8.701674,8.701674,0.3603822,0.4170514,-0.2842487,0,0
8.70738,8.70738,0.3603619,0.4169512,-0.2844533,0,0
8.713385,8.713385,0.3603936,0.4171201,-0.2845801,0,0
8.719008,8.719008,0.3604086,0.417098,-0.2846144,0,0
8.72414,8.72414,0.3604096,0.417115,-0.2846621,0,0
8.730356,8.730356,0.3604503,0.4170206,-0.2844259,0,0
8.735731,8.735731,0.3603511,0.4167883,-0.2842855,0,0
8.741494,8.741494,0.3604305,0.4168833,-0.284177,0,0
8.74625,8.74625,0.3604388,0.4168676,-0.2841241,0,0
8.751308,8.751308,0.3604986,0.4169386,-0.2840936,0,0
8.755707,8.755707,0.3605191,0.4169425,-0.2840444,0,0
8.762367,8.762367,0.3605157,0.4169534,-0.2840618,0,0
8.768475,8.768475,0.3603489,0.4167816,-0.2841979,0,0
8.77284,8.77284,0.3603245,0.4167503,-0.2842044,0,0
8.779164,8.779164,0.3602431,0.4167089,-0.2842802,0,0
8.784807,8.784807,0.3606233,0.4169767,-0.2844436,0,0
8.789227,8.789227,0.3606785,0.4170099,-0.2844921,0,0
8.795499,8.795499,0.3611339,0.4175933,-0.284893,0,0
8.801141,8.801141,0.3613,0.4178617,-0.285092,0,0
8.80584,8.80584,0.3614346,0.4180246,-0.2852226,0,0
8.811428,8.811428,0.3616043,0.4182296,-0.2853876,0,0
8.816312,8.816312,0.3617493,0.4184044,-0.2855289,0,0
8.821433,8.821433,0.3618852,0.4185678,-0.2856615,0,0
8.82694,8.82694,0.3602357,0.4170298,-0.2845802,0,0
8.83217,8.83217,0.3601408,0.4169772,-0.2845585,0,0
8.8374,8.8374,0.3605455,0.4172274,-0.284712,0,0
8.846634,8.846634,0.3608171,0.4174984,-0.2849581,0,0
8.851448,8.851448,0.3603841,0.4172431,-0.2848685,0,0
8.855974,8.855974,0.3603072,0.4172164,-0.2848835,0,0
8.862913,8.862913,0.3605902,0.4173353,-0.2849229,0,0
8.868212,8.868212,0.3609795,0.4178341,-0.285086,0,0
8.873072,8.873072,0.3610781,0.417963,-0.2851434,0,0
8.879884,8.879884,0.3611269,0.4181479,-0.2851565,0,0
8.885273,8.885273,0.361152,0.4182425,-0.2851866,0,0
8.890346,8.890346,0.3612173,0.4183606,-0.2852265,0,0
8.896196,8.896196,0.3611049,0.418118,-0.285083,0,0
8.902296,8.902296,0.3609835,0.4180069,-0.2849257,0,0
8.907411,8.907411,0.3609746,0.4180107,-0.2848889,0,0
8.913218,8.913218,0.3609506,0.4180216,-0.2848336,0,0
8.919155,8.919155,0.3608915,0.4180446,-0.2848191,0,0
8.924412,8.924412,0.3608688,0.4180541,-0.2847862,0,0
8.930469,8.930469,0.3608136,0.4180874,-0.2847784,0,0
8.936248,8.936248,0.3606921,0.4180648,-0.2846956,0,0
8.941851,8.941851,0.3607207,0.418167,-0.2847026,0,0
8.947476,8.947476,0.3606905,0.4181995,-0.2846747,0,0
8.953064,8.953064,0.3607711,0.4184336,-0.284799,0,0
8.958415,8.958415,0.3607664,0.4186274,-0.2848682,0,0
8.964243,8.964243,0.3607629,0.4187455,-0.284896,0,0
8.969761,8.969761,0.3607193,0.419062,-0.284984,0,0
8.974503,8.974503,0.3607074,0.4192153,-0.2850239,0,0
8.980591,8.980591,0.3606947,0.4193822,-0.285068,0,0
8.986326,8.986326,0.3606823,0.419551,-0.2851132,0,0
8.991571,8.991571,0.3608533,0.4199233,-0.2852592,0,0
8.998259,8.998259,0.3608525,0.4197772,-0.2851111,0,0
9.003431,9.003431,0.3608638,0.4198954,-0.2851356,0,0
9.013141,9.013141,0.3605784,0.419205,-0.2846049,0,0
9.018693,9.018693,0.3607235,0.4192968,-0.2846074,0,0
9.023924,9.023924,0.360724,0.4192866,-0.2845457,0,0
9.028975,9.028975,0.3607953,0.4193735,-0.2846566,0,0
9.033578,9.033578,0.3607337,0.4194063,-0.2847464,0,0
9.039053,9.039053,0.3607303,0.4194223,-0.2847512,0,0
9.04441,9.04441,0.3607266,0.4194397,-0.2847564,0,0
9.05032,9.05032,0.3608207,0.4195761,-0.2849885,0,0
9.055616,9.055616,0.3607933,0.4195092,-0.2850344,0,0
9.06051,9.06051,0.3607984,0.4195231,-0.2850738,0,0
9.065829,9.065829,0.360751,0.4194177,-0.2849563,0,0
9.070873,9.070873,0.3607353,0.4193552,-0.2848545,0,0
9.075889,9.075889,0.3607279,0.4193351,-0.284843,0,0
9.081803,9.081803,0.3607323,0.4192038,-0.2847529,0,0
9.087893,9.087893,0.3608238,0.4191624,-0.2847682,0,0
9.092869,9.092869,0.3608391,0.4191243,-0.2847522,0,0
9.098918,9.098918,0.3609003,0.4191448,-0.2848154,0,0
9.105008,9.105008,0.3609265,0.4191156,-0.2848145,0,0
9.110476,9.110476,0.3606629,0.4186823,-0.2846314,0,0
9.116309,9.116309,0.3606132,0.4185503,-0.2845795,0,0
9.122251,9.122251,0.36057,0.4184362,-0.2845346,0,0
9.127392,9.127392,0.3605252,0.4183182,-0.284488,0,0
9.133045,9.133045,0.3606988,0.4182548,-0.2843763,0,0
9.138361,9.138361,0.3606917,0.4181629,-0.2843289,0,0
9.143525,9.143525,0.3608301,0.4180138,-0.2842695,0,0
9.149575,9.149575,0.3608615,0.4178843,-0.2842073,0,0
9.155496,9.155496,0.3608816,0.4177597,-0.2841324,0,0
9.162269,9.162269,0.3609112,0.4176285,-0.2840652,0,0
9.168089,9.168089,0.3608794,0.4176901,-0.2841527,0,0
9.172872,9.172872,0.3608853,0.4176168,-0.2841243,0,0
9.179551,9.179551,0.3609145,0.4176579,-0.2841604,0,0
9.185449,9.185449,0.3605998,0.4173692,-0.2839146,0,0
9.190369,9.190369,0.3605382,0.4172726,-0.2838507,0,0
9.197228,9.197228,0.3603344,0.4170216,-0.2835281,0,0
9.20254,9.20254,0.3601193,0.4168115,-0.2833252,0,0
9.208014,9.208014,0.359991,0.4166534,-0.2831787,0,0
9.21356,9.21356,0.3593584,0.4162636,-0.2828901,0,0
9.218883,9.218883,0.3593303,0.4162557,-0.2828792,0,0
9.224558,9.224558,0.3591362,0.4160901,-0.2827389,0,0
9.230541,9.230541,0.3592587,0.4161961,-0.2827876,0,0
9.235538,9.235538,0.3593886,0.4163135,-0.2828557,0,0
9.241747,9.241747,0.3598012,0.4164991,-0.283043,0,0
9.247116,9.247116,0.3598716,0.4165162,-0.2830552,0,0
9.251789,9.251789,0.3599335,0.4165311,-0.2830659,0,0
9.257379,9.257379,0.3594668,0.4163091,-0.2829379,0,0
9.263511,9.263511,0.3593754,0.4162492,-0.2829212,0,0
9.268941,9.268941,0.3593619,0.416238,-0.2829148,0,0
9.274378,9.274378,0.3593187,0.4162047,-0.2829004,0,0
9.28058,9.28058,0.3593623,0.4162745,-0.2829068,0,0
9.286064,9.286064,0.3593935,0.4163215,-0.2829124,0,0
9.291551,9.291551,0.3594162,0.4163311,-0.2829253,0,0
9.297432,9.297432,0.3594164,0.4163382,-0.282925,0,0
9.30307,9.30307,0.3594166,0.416344,-0.2829246,0,0
9.308896,9.308896,0.359381,0.4161804,-0.2829193,0,0
9.314122,9.314122,0.3593741,0.4161493,-0.282918,0,0
9.320868,9.320868,0.359388,0.4161357,-0.2829183,0,0
9.325812,9.325812,0.3593863,0.416113,-0.2829176,0,0
9.331327,9.331327,0.3594438,0.4161806,-0.2829392,0,0
9.33674,9.33674,0.3594709,0.4162243,-0.2829419,0,0
9.341849,9.341849,0.3594708,0.4162203,-0.2829452,0,0
9.347777,9.347777,0.3594826,0.416224,-0.2829491,0,0
9.353542,9.353542,0.3594374,0.4161389,-0.2829391,0,0
9.359004,9.359004,0.3594071,0.4160936,-0.2829275,0,0
9.364567,9.364567,0.3593971,0.416068,-0.2829247,0,0
9.370204,9.370204,0.3594001,0.4160968,-0.2829207,0,0
9.375003,9.375003,0.3594171,0.4161245,-0.2829152,0,0
9.381419,9.381419,0.3594167,0.4161228,-0.2829112,0,0
9.38682,9.38682,0.3594338,0.4161669,-0.2829075,0,0
9.391647,9.391647,0.3594371,0.4161751,-0.2829041,0,0
9.398299,9.398299,0.3594535,0.4161718,-0.2829078,0,0
9.403722,9.403722,0.359459,0.4161773,-0.282906,0,0
9.409697,9.409697,0.3593655,0.416056,-0.2828717,0,0
9.415405,9.415405,0.3593489,0.4160325,-0.2828622,0,0
9.424236,9.424236,0.3593448,0.4160577,-0.2828645,0,0
9.429947,9.429947,0.3593883,0.4161478,-0.2829031,0,0
9.435013,9.435013,0.3594227,0.4162177,-0.2829373,0,0
9.439966,9.439966,0.3594307,0.4162402,-0.2829471,0,0
9.446384,9.446384,0.3594253,0.4162464,-0.2829788,0,0
9.45199,9.45199,0.3594099,0.4161949,-0.2829891,0,0
9.458231,9.458231,0.35943,0.4161337,-0.2830383,0,0
9.464492,9.464492,0.359436,0.4161184,-0.2830623,0,0
9.470719,9.470719,0.3594985,0.4161217,-0.2831627,0,0
9.476122,9.476122,0.3599212,0.4162725,-0.2834061,0,0
9.481997,9.481997,0.3600371,0.4163024,-0.283493,0,0
9.487432,9.487432,0.3603082,0.416507,-0.2837453,0,0
9.492688,9.492688,0.3605942,0.4167865,-0.2840323,0,0
9.498158,9.498158,0.360802,0.4169236,-0.2842184,0,0
9.504281,9.504281,0.3612297,0.417599,-0.2847093,0,0
9.509034,9.509034,0.3614452,0.4178199,-0.2849255,0,0
9.514566,9.514566,0.3612917,0.4174005,-0.2848011,0,0
9.520851,9.520851,0.3611347,0.4172103,-0.2845738,0,0
9.525686,9.525686,0.3612092,0.4172439,-0.2846382,0,0
9.531482,9.531482,0.3613015,0.4172854,-0.284718,0,0
9.537085,9.537085,0.3596376,0.4158632,-0.2833505,0,0
9.542473,9.542473,0.359442,0.4156707,-0.2831897,0,0
9.548701,9.548701,0.3597442,0.4158998,-0.2832693,0,0
9.554504,9.554504,0.3595865,0.4157342,-0.2831144,0,0
9.56037,9.56037,0.3595606,0.4156127,-0.2830765,0,0
9.566956,9.566956,0.3594221,0.4154471,-0.2829373,0,0
9.571995,9.571995,0.3595569,0.4155321,-0.2831637,0,0
9.577144,9.577144,0.3598245,0.4159326,-0.2835408,0,0
9.583126,9.583126,0.3598001,0.4159052,-0.2835447,0,0
9.588427,9.588427,0.3598702,0.416163,-0.2839801,0,0
9.594038,9.594038,0.3598702,0.4162147,-0.2841691,0,0
9.600181,9.600181,0.3598665,0.4161732,-0.2841669,0,0
9.605045,9.605045,0.3598635,0.4161874,-0.2842429,0,0
9.611353,9.611353,0.3598757,0.4161272,-0.2841843,0,0
9.616948,9.616948,0.3602113,0.4162824,-0.2842619,0,0
9.622109,9.622109,0.360286,0.4163149,-0.2843071,0,0
9.627811,9.627811,0.3603818,0.4163563,-0.2843649,0,0
9.633833,9.633833,0.3612814,0.4171866,-0.2850311,0,0
9.63938,9.63938,0.3615222,0.4173843,-0.2852042,0,0
9.646145,9.646145,0.3618508,0.4176531,-0.2854409,0,0
9.651609,9.651609,0.3603899,0.4163512,-0.2844148,0,0
9.657067,9.657067,0.3603229,0.4162613,-0.2843606,0,0
9.663312,9.663312,0.3608498,0.4166387,-0.284593,0,0
9.668668,9.668668,0.3613705,0.4171773,-0.2849774,0,0
9.674924,9.674924,0.3613738,0.4171915,-0.2850249,0,0
9.681496,9.681496,0.3615102,0.4173064,-0.2851186,0,0
9.686746,9.686746,0.3613545,0.4170837,-0.2851058,0,0
9.692408,9.692408,0.3613714,0.4170697,-0.2850772,0,0
9.69758,9.69758,0.3614208,0.4170868,-0.2851168,0,0
9.703408,9.703408,0.3614279,0.4171564,-0.2850481,0,0
9.708468,9.708468,0.3614662,0.417202,-0.2850515,0,0
9.713528,9.713528,0.3615057,0.4172368,-0.2850625,0,0
9.719388,9.719388,0.3613376,0.4170698,-0.2849719,0,0
9.724162,9.724162,0.3613276,0.4170571,-0.2849596,0,0
9.729248,9.729248,0.3613675,0.4171441,-0.2850238,0,0
9.73479,9.73479,0.3613751,0.4171421,-0.28504,0,0
9.740483,9.740483,0.361377,0.4171474,-0.2850465,0,0
9.745878,9.745878,0.3613628,0.4170907,-0.2849939,0,0
9.751566,9.751566,0.3613611,0.4170819,-0.2849869,0,0
9.756781,9.756781,0.3613543,0.4170433,-0.2849369,0,0
9.762732,9.762732,0.3614052,0.4171479,-0.2849724,0,0
9.768496,9.768496,0.3614536,0.4172049,-0.285125,0,0
9.773585,9.773585,0.3614731,0.4172286,-0.2851615,0,0
9.779572,9.779572,0.3614364,0.4172253,-0.285156,0,0
9.784886,9.784886,0.3613651,0.4171179,-0.2850235,0,0
9.789361,9.789361,0.3613542,0.4171061,-0.2850119,0,0
9.795418,9.795418,0.3613856,0.4171402,-0.2849658,0,0
9.801426,9.801426,0.3604656,0.4164131,-0.2844274,0,0
9.805677,9.805677,0.3602794,0.4162657,-0.284307,0,0
9.811011,9.811011,0.3603043,0.4161418,-0.284236,0,0
9.81534,9.81534,0.3601477,0.4159869,-0.284116,0,0
9.821043,9.821043,0.3605956,0.4163663,-0.284387,0,0
9.830084,9.830084,0.3612472,0.4170144,-0.2848604,0,0
9.834864,9.834864,0.3604289,0.4164119,-0.2844522,0,0
9.840037,9.840037,0.3603292,0.416353,-0.284413,0,0
9.846144,9.846144,0.3599232,0.4159747,-0.2841675,0,0
9.850868,9.850868,0.3602365,0.4161095,-0.2842439,0,0
9.856141,9.856141,0.3601799,0.4160368,-0.2841929,0,0
9.86238,9.86238,0.359989,0.4159817,-0.2841614,0,0
9.866838,9.866838,0.3599791,0.4159938,-0.2841924,0,0
9.871801,9.871801,0.3599173,0.4159512,-0.2841694,0,0
9.877122,9.877122,0.3598394,0.4158975,-0.2841405,0,0
9.88308,9.88308,0.3602796,0.416123,-0.2843242,0,0
9.888627,9.888627,0.3607797,0.4165558,-0.2845632,0,0
9.89401,9.89401,0.3612938,0.4170338,-0.2848906,0,0
9.900189,9.900189,0.3615166,0.4172224,-0.2850176,0,0
9.906033,9.906033,0.3617512,0.4174209,-0.2851515,0,0
9.911772,9.911772,0.3619863,0.4176196,-0.2852859,0,0
9.917655,9.917655,0.3614145,0.4171032,-0.2849579,0,0
9.923598,9.923598,0.3615085,0.4171786,-0.2850115,0,0
9.929061,9.929061,0.3613446,0.4170538,-0.2849302,0,0
9.934556,9.934556,0.3604309,0.4163682,-0.2844195,0,0
9.94046,9.94046,0.36023,0.41622,-0.2843089,0,0
9.946622,9.946622,0.3599972,0.4160483,-0.2841804,0,0
9.952098,9.952098,0.3602256,0.4160415,-0.2841808,0,0
9.95721,9.95721,0.3601355,0.415938,-0.2841042,0,0
9.963727,9.963727,0.3607177,0.416422,-0.2844347,0,0
9.968702,9.968702,0.360773,0.4164485,-0.284449,0,0
9.9738,9.9738,0.3608367,0.4164791,-0.2844654,0,0
9.979394,9.979394,0.361578,0.417165,-0.2850197,0,0
9.984353,9.984353,0.3617353,0.4172898,-0.2851155,0,0
9.988986,9.988986,0.3618852,0.4174087,-0.2852072,0,0
9.995296,9.995296,0.3616034,0.4172757,-0.2850741,0,0
10.00084,10.00084,0.3613171,0.416992,-0.2848791,0,0
10.00531,10.00531,0.3613595,0.4170259,-0.2849055,0,0
10.01104,10.01104,0.3613253,0.4169562,-0.2848827,0,0
10.01663,10.01663,0.3613584,0.4169715,-0.2849028,0,0
10.02201,10.02201,0.3614878,0.4170817,-0.2849677,0,0
10.02761,10.02761,0.3614648,0.4171111,-0.2849793,0,0
10.03309,10.03309,0.3615008,0.4171467,-0.2850057,0,0
10.03931,10.03931,0.3614575,0.4170791,-0.2849611,0,0
10.04562,10.04562,0.3614373,0.4169566,-0.2849059,0,0
10.0508,10.0508,0.3613873,0.4168761,-0.2848719,0,0
10.05591,10.05591,0.3613798,0.4168393,-0.2848582,0,0
10.06238,10.06238,0.3613716,0.4167991,-0.2848431,0,0
10.06832,10.06832,0.3614178,0.4169271,-0.2849273,0,0
10.07381,10.07381,0.361448,0.4169276,-0.2849725,0,0
10.08021,10.08021,0.361395,0.4168582,-0.2849336,0,0
10.08556,10.08556,0.3613875,0.4168398,-0.2849108,0,0
10.08985,10.08985,0.3613828,0.4168252,-0.284907,0,0
10.09508,10.09508,0.3614155,0.4168763,-0.2849216,0,0
10.10031,10.10031,0.3614649,0.4169454,-0.2849599,0,0
10.10535,10.10535,0.3614795,0.4169612,-0.2849694,0,0
10.11163,10.11163,0.3614973,0.4169805,-0.2849811,0,0
10.11719,10.11719,0.3614008,0.4168162,-0.2849172,0,0
10.12285,10.12285,0.3613944,0.416799,-0.2849132,0,0
10.12824,10.12824,0.3613878,0.4167813,-0.284909,0,0
10.13342,10.13342,0.3613845,0.4168639,-0.2850672,0,0
10.13949,10.13949,0.3613783,0.4168652,-0.2850952,0,0
10.14608,10.14608,0.3614902,0.4169616,-0.2851112,0,0
10.15201,10.15201,0.3614834,0.4169231,-0.2850158,0,0
10.15746,10.15746,0.3614905,0.4169245,-0.2850092,0,0
10.1637,10.1637,0.3613728,0.4168389,-0.2849089,0,0
10.16924,10.16924,0.3614269,0.4169214,-0.2849451,0,0
10.17451,10.17451,0.3614245,0.4169287,-0.2849334,0,0
10.18022,10.18022,0.3614927,0.4169928,-0.2850037,0,0
10.18553,10.18553,0.3614059,0.4168581,-0.2849303,0,0
10.19018,10.19018,0.3613958,0.4168418,-0.2849188,0,0
10.19613,10.19613,0.3613384,0.416808,-0.284885,0,0
10.20257,10.20257,0.3604711,0.4161918,-0.284424,0,0
10.20743,10.20743,0.3602644,0.4160408,-0.2843106,0,0
10.21535,10.21535,0.3602268,0.4158745,-0.2842095,0,0
10.22105,10.22105,0.360752,0.416218,-0.2845302,0,0
10.22593,10.22593,0.3602697,0.4159638,-0.2843425,0,0
10.23454,10.23454,0.3600475,0.4158054,-0.2842479,0,0
10.23977,10.23977,0.3599251,0.4157182,-0.2841961,0,0
10.24579,10.24579,0.3597909,0.415566,-0.2840528,0,0
10.25064,10.25064,0.3596732,0.4154736,-0.2839908,0,0
10.2558,10.2558,0.3595351,0.4153652,-0.2839184,0,0
10.26239,10.26239,0.3602813,0.4157298,-0.2841333,0,0
10.26801,10.26801,0.3609762,0.4163783,-0.2845992,0,0
10.27309,10.27309,0.3610457,0.4164179,-0.284625,0,0
10.27919,10.27919,0.3615084,0.4168106,-0.2849067,0,0
10.28396,10.28396,0.3616479,0.4169161,-0.2849805,0,0
10.2889,10.2889,0.3616382,0.4168685,-0.2849354,0,0
10.2952,10.2952,0.3616816,0.4169278,-0.2849609,0,0
10.30066,10.30066,0.3615308,0.4167774,-0.2848769,0,0
10.30577,10.30577,0.3615625,0.4167923,-0.2848889,0,0
10.3125,10.3125,0.3604952,0.4159494,-0.2842996,0,0
10.31811,10.31811,0.3601176,0.4155667,-0.2840531,0,0
10.324,10.324,0.359866,0.4153413,-0.283902,0,0
10.32977,10.32977,0.3599063,0.415322,-0.2838894,0,0
10.33431,10.33431,0.3597393,0.4151613,-0.2837822,0,0
10.34019,10.34019,0.3598876,0.4152493,-0.2838477,0,0
10.3463,10.3463,0.3599666,0.4153079,-0.2838751,0,0
10.35177,10.35177,0.3600223,0.4153517,-0.283891,0,0
10.35677,10.35677,0.3599839,0.4153028,-0.283854,0,0
10.36306,10.36306,0.3600199,0.4153104,-0.283867,0,0
10.36829,10.36829,0.3600028,0.4152776,-0.2838378,0,0
10.37387,10.37387,0.3599807,0.4152394,-0.2838092,0,0
10.37988,10.37988,0.3599772,0.4152015,-0.2837679,0,0
10.38515,10.38515,0.3599611,0.4151666,-0.2837392,0,0
10.39024,10.39024,0.3604165,0.4153808,-0.2838773,0,0
10.39615,10.39615,0.3601153,0.4151964,-0.2837626,0,0
10.40211,10.40211,0.3600042,0.4150845,-0.2837167,0,0
10.40701,10.40701,0.3599742,0.4150392,-0.2836918,0,0
10.41266,10.41266,0.3599465,0.4150017,-0.2836663,0,0
10.418,10.418,0.3599458,0.4149822,-0.2836393,0,0
10.42304,10.42304,0.3599263,0.4149494,-0.2836173,0,0
10.42892,10.42892,0.3599182,0.4149411,-0.28359,0,0
10.43391,10.43391,0.3598989,0.41491,-0.2835643,0,0
10.43846,10.43846,0.3598842,0.4148861,-0.2835447,0,0
10.44314,10.44314,0.3598671,0.4148585,-0.2835221,0,0
10.44839,10.44839,0.3598479,0.4148273,-0.2834969,0,0
10.45417,10.45417,0.3598925,0.4149506,-0.2836215,0,0
10.45965,10.45965,0.3598882,0.4149655,-0.2836478,0,0
10.46637,10.46637,0.3598771,0.4149614,-0.2836522,0,0
10.47143,10.47143,0.3598824,0.4149829,-0.2835635,0,0
10.47706,10.47706,0.3598855,0.4149799,-0.2835729,0,0
10.48389,10.48389,0.359889,0.4150002,-0.2835701,0,0
10.48866,10.48866,0.3598876,0.4150055,-0.2835634,0,0
10.49457,10.49457,0.3599204,0.4150531,-0.2835795,0,0
10.50096,10.50096,0.3599407,0.4150679,-0.2836207,0,0
10.50666,10.50666,0.3599513,0.4150836,-0.2836307,0,0
10.51304,10.51304,0.3599288,0.4150739,-0.2836377,0,0
10.51847,10.51847,0.3599398,0.415052,-0.2836423,0,0
10.5232,10.5232,0.3599438,0.4150531,-0.283649,0,0
10.52947,10.52947,0.3599513,0.4150435,-0.2836606,0,0
10.53492,10.53492,0.3599811,0.4150901,-0.2836924,0,0
10.54036,10.54036,0.3599915,0.4151,-0.2837052,0,0
10.54589,10.54589,0.3604038,0.4153492,-0.2838994,0,0
10.55105,10.55105,0.3605001,0.4154103,-0.2839511,0,0
10.5559,10.5559,0.3601577,0.4152224,-0.2838777,0,0
10.56193,10.56193,0.3600585,0.4151294,-0.2838473,0,0
10.56753,10.56753,0.3600455,0.4150855,-0.2838758,0,0
10.57393,10.57393,0.3600268,0.4150596,-0.283899,0,0
10.58081,10.58081,0.3600703,0.4150639,-0.2839949,0,0
10.58611,10.58611,0.3600685,0.4150498,-0.2840286,0,0
10.59097,10.59097,0.3601252,0.4151176,-0.2841274,0,0
10.59646,10.59646,0.3601549,0.4151485,-0.2842192,0,0
10.60203,10.60203,0.360186,0.4151462,-0.2842676,0,0
10.60669,10.60669,0.3602018,0.4151511,-0.2843152,0,0
10.61278,10.61278,0.3602277,0.4151215,-0.284332,0,0
10.61822,10.61822,0.3602319,0.4151029,-0.2843447,0,0
10.62279,10.62279,0.3602435,0.4150981,-0.2843721,0,0
10.62897,10.62897,0.3602484,0.4150781,-0.2843957,0,0
10.63793,10.63793,0.3602771,0.4150981,-0.2844601,0,0
10.64287,10.64287,0.3602889,0.4150969,-0.2844891,0,0
10.64815,10.64815,0.3603027,0.4150957,-0.2845224,0,0
10.65315,10.65315,0.3603168,0.4150944,-0.2845568,0,0
10.65858,10.65858,0.3603221,0.4151325,-0.2846122,0,0
10.6642,10.6642,0.3603355,0.4151373,-0.2846513,0,0
10.66899,10.66899,0.3603468,0.4151413,-0.2846844,0,0
10.67426,10.67426,0.3603607,0.4151464,-0.284725,0,0
10.68037,10.68037,0.3607583,0.4153052,-0.2847991,0,0
10.68455,10.68455,0.3607971,0.4153203,-0.2848307,0,0
10.68939,10.68939,0.3608421,0.4153379,-0.2848674,0,0
10.696,10.696,0.3612233,0.4156402,-0.2850869,0,0
10.70082,10.70082,0.3612883,0.415677,-0.2851332,0,0
10.70608,10.70608,0.3613999,0.4157394,-0.2852439,0,0
10.71267,10.71267,0.3614823,0.4157072,-0.2853363,0,0
10.71774,10.71774,0.36151,0.4157141,-0.2853782,0,0
10.72286,10.72286,0.3615672,0.415733,-0.2854308,0,0
10.72912,10.72912,0.3615269,0.4157158,-0.2854292,0,0
10.73469,10.73469,0.3616522,0.4158596,-0.2855407,0,0
10.74102,10.74102,0.361717,0.4159079,-0.2856062,0,0
10.74746,10.74746,0.3616784,0.4158211,-0.2856072,0,0
10.75363,10.75363,0.3617635,0.4158846,-0.2856528,0,0
10.7609,10.7609,0.3616494,0.4157422,-0.2855594,0,0
10.76641,10.76641,0.3616538,0.4157249,-0.2855667,0,0
10.7722,10.7722,0.3617093,0.4157629,-0.2855892,0,0
10.77781,10.77781,0.3616149,0.415644,-0.2855408,0,0
10.78378,10.78378,0.3616403,0.4156287,-0.285583,0,0
10.78874,10.78874,0.3616393,0.415604,-0.2855906,0,0
10.79485,10.79485,0.3616643,0.415545,-0.2856711,0,0
10.80118,10.80118,0.3616697,0.4155089,-0.2856977,0,0
10.80655,10.80655,0.3616299,0.4154495,-0.2856932,0,0
10.81231,10.81231,0.3615974,0.4154387,-0.2856603,0,0
10.81767,10.81767,0.3615977,0.4153936,-0.2856134,0,0
10.82279,10.82279,0.3615912,0.415364,-0.2856071,0,0
10.8289,10.8289,0.3617095,0.4154272,-0.2856556,0,0
10.83511,10.83511,0.3616899,0.4153356,-0.2856524,0,0
10.84022,10.84022,0.3616983,0.4153105,-0.2856549,0,0
10.84608,10.84608,0.3616692,0.4152315,-0.2856378,0,0
10.85149,10.85149,0.3616365,0.4152041,-0.2856178,0,0
10.85602,10.85602,0.3616295,0.4151699,-0.2856119,0,0
10.86204,10.86204,0.3615277,0.4150387,-0.2855254,0,0
10.86699,10.86699,0.3615316,0.4149939,-0.2855176,0,0
10.87178,10.87178,0.3615131,0.4149445,-0.2854993,0,0
10.87699,10.87699,0.3615156,0.4149022,-0.2855246,0,0
10.88339,10.88339,0.3614989,0.414844,-0.2855141,0,0
10.88818,10.88818,0.3616017,0.4149646,-0.2856248,0,0
10.89329,10.89329,0.3616128,0.4149477,-0.2856426,0,0
10.90013,10.90013,0.3613146,0.4146507,-0.285476,0,0
10.90476,10.90476,0.3612576,0.4145776,-0.2854494,0,0
10.91031,10.91031,0.3613464,0.4145456,-0.285464,0,0
10.91564,10.91564,0.3613165,0.4144685,-0.285443,0,0
10.92163,10.92163,0.3615656,0.4147365,-0.285651,0,0
10.92701,10.92701,0.3615987,0.4147392,-0.2856814,0,0
10.93298,10.93298,0.3616581,0.4149137,-0.2858176,0,0
10.93836,10.93836,0.3616884,0.4149444,-0.2858617,0,0
10.94421,10.94421,0.3616364,0.4148679,-0.2858315,0,0
10.94949,10.94949,0.3616487,0.4148746,-0.28586,0,0
10.9544,10.9544,0.3615832,0.4147741,-0.2858025,0,0
10.96187,10.96187,0.3616373,0.414783,-0.2858358,0,0
10.96742,10.96742,0.3617375,0.4148988,-0.2859325,0,0
10.97217,10.97217,0.3617666,0.4149194,-0.2859644,0,0
10.97862,10.97862,0.3618037,0.4149733,-0.2860751,0,0
10.98465,10.98465,0.3618365,0.4150027,-0.2861273,0,0
10.99131,10.99131,0.3617968,0.414948,-0.2861882,0,0
10.99678,10.99678,0.3618106,0.4149538,-0.2862395,0,0
11.00186,11.00186,0.3618215,0.4149585,-0.2862806,0,0
11.00735,11.00735,0.361634,0.4147312,-0.2861807,0,0
11.01324,11.01324,0.3616111,0.4146717,-0.2861978,0,0
11.01886,11.01886,0.3615864,0.4146291,-0.2862152,0,0
11.02419,11.02419,0.3617226,0.4147531,-0.2863434,0,0
11.02927,11.02927,0.3617288,0.4147432,-0.2863807,0,0
11.03516,11.03516,0.3616543,0.4146987,-0.2864066,0,0
11.04014,11.04014,0.3616474,0.414685,-0.2864373,0,0
11.05122,11.05122,0.3616676,0.4146767,-0.286491,0,0
11.05517,11.05517,0.3616654,0.4146667,-0.286517,0,0
11.06084,11.06084,0.3616628,0.4146546,-0.2865486,0,0
11.06619,11.06619,0.3616538,0.4146425,-0.2866483,0,0
11.07099,11.07099,0.3616503,0.4146316,-0.2866892,0,0
11.0758,11.0758,0.3616464,0.4146197,-0.2867339,0,0
11.08238,11.08238,0.3616418,0.4146058,-0.2867863,0,0
11.08839,11.08839,0.3616914,0.4147576,-0.2869173,0,0
11.09527,11.09527,0.3617365,0.4148058,-0.2868788,0,0
11.10131,11.10131,0.3616482,0.4147003,-0.2869076,0,0
11.10589,11.10589,0.3616339,0.414686,-0.2869412,0,0
11.11168,11.11168,0.3616259,0.4146393,-0.2869558,0,0
11.11683,11.11683,0.3616105,0.4146146,-0.2869908,0,0
11.12264,11.12264,0.3616596,0.4146961,-0.2870584,0,0
11.12849,11.12849,0.361658,0.4146945,-0.2871021,0,0
11.13377,11.13377,0.3616389,0.4147359,-0.2871723,0,0
11.13857,11.13857,0.3616317,0.4147393,-0.2872061,0,0
11.14479,11.14479,0.3616659,0.4147986,-0.2872422,0,0
11.1504,11.1504,0.3616202,0.4147691,-0.2872248,0,0
11.15534,11.15534,0.3616092,0.4147736,-0.2872483,0,0
11.16254,11.16254,0.3616639,0.4147753,-0.2872754,0,0
11.16767,11.16767,0.3616336,0.4147497,-0.2872829,0,0
11.17276,11.17276,0.3616292,0.4147461,-0.2873012,0,0
11.17893,11.17893,0.3616237,0.4147414,-0.2873244,0,0
11.18413,11.18413,0.3616194,0.4147379,-0.2873423,0,0
11.18954,11.18954,0.3615702,0.4147235,-0.2873461,0,0
11.1959,11.1959,0.361646,0.4147533,-0.2873396,0,0
11.20194,11.20194,0.3616621,0.4147698,-0.2873409,0,0
11.20863,11.20863,0.3616734,0.4147668,-0.2873486,0,0
11.21377,11.21377,0.36168,0.4147686,-0.2873577,0,0
11.22046,11.22046,0.3616931,0.4148191,-0.2873639,0,0
11.22653,11.22653,0.3615755,0.4146945,-0.2873057,0,0
11.232,11.232,0.3615508,0.4146718,-0.2872965,0,0
11.23733,11.23733,0.360714,0.4141449,-0.2868401,0,0
11.24319,11.24319,0.3605173,0.4140159,-0.2867364,0,0
11.24903,11.24903,0.360329,0.4138042,-0.286563,0,0
11.25409,11.25409,0.3608207,0.413965,-0.2867049,0,0
11.25984,11.25984,0.3614213,0.4143724,-0.2870313,0,0
11.26579,11.26579,0.3615518,0.4144211,-0.2870719,0,0
11.27124,11.27124,0.3618662,0.4147183,-0.2873663,0,0
11.27621,11.27621,0.361767,0.4145155,-0.2872916,0,0
11.2833,11.2833,0.3618269,0.4144731,-0.2872477,0,0
11.28809,11.28809,0.3618986,0.4144772,-0.2872677,0,0
11.2931,11.2931,0.3618129,0.414326,-0.2871482,0,0
11.29887,11.29887,0.3618512,0.4142925,-0.2871355,0,0
11.3045,11.3045,0.3618826,0.4143277,-0.2870543,0,0
11.31008,11.31008,0.3619244,0.4143154,-0.2870263,0,0
11.31532,11.31532,0.3619628,0.4142986,-0.2869983,0,0
11.32132,11.32132,0.3621199,0.4144058,-0.2870491,0,0
11.32686,11.32686,0.3620914,0.4143061,-0.2869869,0,0
11.33267,11.33267,0.3621353,0.4142881,-0.2869619,0,0
11.33738,11.33738,0.3620047,0.4140557,-0.2868423,0,0
11.34258,11.34258,0.3620174,0.4139417,-0.2868034,0,0
11.34787,11.34787,0.3620229,0.4138649,-0.2867604,0,0
11.35277,11.35277,0.3620282,0.4137923,-0.2867196,0,0
11.3583,11.3583,0.3621022,0.4139791,-0.2867572,0,0
11.36472,11.36472,0.3621277,0.4139639,-0.2867334,0,0
11.3699,11.3699,0.3620642,0.4139399,-0.2867272,0,0
11.37594,11.37594,0.3620931,0.4139571,-0.2867599,0,0
11.38127,11.38127,0.3621018,0.4139508,-0.2867559,0,0
11.38649,11.38649,0.3620662,0.4138817,-0.2867749,0,0
11.39286,11.39286,0.3620439,0.4137557,-0.2868552,0,0
11.39793,11.39793,0.3620374,0.4137062,-0.2868775,0,0
11.40427,11.40427,0.3619698,0.4136624,-0.286952,0,0
11.40965,11.40965,0.3620723,0.413801,-0.2871522,0,0
11.41502,11.41502,0.3620848,0.4138024,-0.2872356,0,0
11.42082,11.42082,0.3622106,0.4139555,-0.2874454,0,0
11.42675,11.42675,0.3621755,0.4138942,-0.2874715,0,0
11.43199,11.43199,0.3621926,0.413904,-0.2875504,0,0
11.4368,11.4368,0.3622105,0.4139141,-0.2876328,0,0
11.44219,11.44219,0.3622269,0.4139234,-0.287708,0,0
11.44746,11.44746,0.3622445,0.4139334,-0.2877892,0,0
11.45307,11.45307,0.3622215,0.4138137,-0.2876093,0,0
11.46121,11.46121,0.3622388,0.4138031,-0.2876746,0,0
11.4666,11.4666,0.3621423,0.4138025,-0.2873209,0,0
11.4719,11.4719,0.3620339,0.4136854,-0.2871038,0,0
11.47809,11.47809,0.3620835,0.4136724,-0.2870389,0,0
11.48423,11.48423,0.3621624,0.4137487,-0.2870477,0,0
11.48905,11.48905,0.362178,0.4137503,-0.2870207,0,0
11.49551,11.49551,0.3621818,0.4137523,-0.2870349,0,0
11.50153,11.50153,0.3621586,0.4137908,-0.2870536,0,0
11.50665,11.50665,0.3621624,0.4138015,-0.2870452,0,0
11.5132,11.5132,0.362149,0.4138471,-0.2871345,0,0
11.51904,11.51904,0.3621188,0.4137712,-0.2871892,0,0
11.52447,11.52447,0.3621114,0.4137662,-0.2872125,0,0
11.52968,11.52968,0.3622361,0.4139198,-0.2873232,0,0
11.53417,11.53417,0.3622234,0.413912,-0.2873261,0,0
11.53969,11.53969,0.3622361,0.4139318,-0.2873577,0,0
11.54513,11.54513,0.3622494,0.4139526,-0.2873909,0,0
11.55062,11.55062,0.3622632,0.4139742,-0.2874256,0,0
11.55579,11.55579,0.362204,0.4139085,-0.2874052,0,0
11.56261,11.56261,0.3622063,0.4139171,-0.2874351,0,0
11.56731,11.56731,0.3622079,0.4139232,-0.2874567,0,0
11.57186,11.57186,0.3622095,0.4139292,-0.2874776,0,0
11.58015,11.58015,0.3622071,0.4139359,-0.2874416,0,0
11.58535,11.58535,0.3620878,0.4138365,-0.287317,0,0
11.59044,11.59044,0.3620766,0.4138319,-0.2873188,0,0
11.59635,11.59635,0.3621207,0.4138655,-0.2873325,0,0
11.60173,11.60173,0.3619528,0.4137671,-0.2872336,0,0
11.60701,11.60701,0.3619119,0.4137456,-0.2872126,0,0
11.61341,11.61341,0.3620489,0.4138942,-0.2872958,0,0
11.61956,11.61956,0.3619545,0.413861,-0.2873107,0,0
11.6249,11.6249,0.361931,0.413865,-0.2873158,0,0
11.63117,11.63117,0.3619719,0.4138786,-0.2873881,0,0
11.63638,11.63638,0.3619622,0.4138847,-0.2874081,0,0
11.64258,11.64258,0.3619523,0.413891,-0.2874286,0,0
11.64876,11.64876,0.3620668,0.4140588,-0.2875142,0,0
11.65364,11.65364,0.3620536,0.4140793,-0.2875002,0,0
11.65868,11.65868,0.3620875,0.4141734,-0.2875925,0,0
11.66423,11.66423,0.3621022,0.4142225,-0.2876362,0,0
11.66972,11.66972,0.3619336,0.4140629,-0.287582,0,0
11.67503,11.67503,0.3619961,0.4141183,-0.2876036,0,0
11.68052,11.68052,0.3619922,0.4141309,-0.2876219,0,0
11.68618,11.68618,0.3619592,0.4141287,-0.2875921,0,0
11.69043,11.69043,0.3619504,0.4141365,-0.2875983,0,0
11.69591,11.69591,0.3618518,0.4140738,-0.2875569,0,0
11.70219,11.70219,0.361819,0.4140667,-0.2875532,0,0
11.70698,11.70698,0.3619466,0.4141991,-0.2877041,0,0
11.71243,11.71243,0.3618068,0.4140389,-0.2876737,0,0
11.71779,11.71779,0.3617189,0.4140469,-0.2876115,0,0
11.72379,11.72379,0.3616734,0.4140344,-0.2876062,0,0
11.72991,11.72991,0.3617905,0.4141549,-0.2876764,0,0
11.73517,11.73517,0.3617778,0.4141442,-0.2876905,0,0
11.74009,11.74009,0.3617706,0.4141523,-0.2877001,0,0
11.746,11.746,0.3617175,0.4141474,-0.2877275,0,0
11.75127,11.75127,0.3616993,0.4141537,-0.2877423,0,0
11.75634,11.75634,0.3616892,0.4142717,-0.2877842,0,0
11.76346,11.76346,0.3608505,0.4138224,-0.287375,0,0
11.76894,11.76894,0.3609245,0.4138175,-0.2873181,0,0
11.77426,11.77426,0.3607858,0.4137543,-0.287243,0,0
11.78122,11.78122,0.3614119,0.4142579,-0.287487,0,0
11.78628,11.78628,0.3617049,0.4145783,-0.2876981,0,0
11.79165,11.79165,0.3617998,0.4147001,-0.2877467,0,0
11.79797,11.79797,0.3618097,0.4147193,-0.2877771,0,0
11.80399,11.80399,0.3617425,0.4147049,-0.2877773,0,0
11.80934,11.80934,0.3617201,0.4147334,-0.287805,0,0
11.8148,11.8148,0.3617474,0.4147993,-0.2878404,0,0
11.82069,11.82069,0.3615964,0.4147229,-0.2877238,0,0
11.82581,11.82581,0.3616599,0.4147871,-0.287731,0,0
11.8312,11.8312,0.3616651,0.414825,-0.2877315,0,0
11.83631,11.83631,0.3618202,0.4149664,-0.2878664,0,0
11.84246,11.84246,0.3618621,0.4150313,-0.2878999,0,0
11.84807,11.84807,0.3619639,0.4151449,-0.2879808,0,0
11.85344,11.85344,0.3619078,0.4152013,-0.2879637,0,0
11.85956,11.85956,0.3619171,0.4152791,-0.2879755,0,0
11.86829,11.86829,0.3619524,0.4153906,-0.2880135,0,0
11.87345,11.87345,0.3619755,0.4154639,-0.2880386,0,0
11.8795,11.8795,0.3620412,0.415503,-0.2880152,0,0
11.88497,11.88497,0.3619564,0.4154041,-0.2878848,0,0
11.88967,11.88967,0.3619663,0.4154382,-0.2878787,0,0
11.89512,11.89512,0.3620594,0.4155424,-0.2878551,0,0
11.90073,11.90073,0.3620628,0.4156231,-0.2878529,0,0
11.90594,11.90594,0.3620853,0.4156825,-0.2878448,0,0
11.91142,11.91142,0.3621555,0.4157657,-0.2878593,0,0
11.91662,11.91662,0.3621047,0.415747,-0.2878054,0,0
11.92205,11.92205,0.3621146,0.4157856,-0.2877905,0,0
11.92778,11.92778,0.36214,0.4158189,-0.2877505,0,0
11.93292,11.93292,0.3621534,0.4158565,-0.2877299,0,0
11.93836,11.93836,0.3622152,0.4159857,-0.2876914,0,0
11.94434,11.94434,0.3622862,0.4161008,-0.2877056,0,0
11.95042,11.95042,0.3623248,0.41618,-0.2876889,0,0
11.95578,11.95578,0.3622984,0.4161909,-0.2876928,0,0
11.96176,11.96176,0.3623176,0.4162221,-0.2876509,0,0
11.96775,11.96775,0.3623406,0.4162789,-0.287631,0,0
11.97213,11.97213,0.3623573,0.4163205,-0.2876165,0,0
11.9784,11.9784,0.3624069,0.4163596,-0.2875786,0,0
11.98469,11.98469,0.3624335,0.4164108,-0.2875565,0,0
11.98999,11.98999,0.3623366,0.416395,-0.2874554,0,0
11.99662,11.99662,0.3624516,0.4165754,-0.287437,0,0
12.00185,12.00185,0.3624775,0.4166324,-0.2874143,0,0
12.0078,12.0078,0.3625008,0.4167267,-0.2874489,0,0
12.01442,12.01442,0.3625459,0.416824,-0.2874789,0,0
12.02012,12.02012,0.3618329,0.4163348,-0.2871431,0,0
12.02564,12.02564,0.3616608,0.416163,-0.2870079,0,0
12.03092,12.03092,0.3615147,0.4160764,-0.2869154,0,0
12.03753,12.03753,0.3615616,0.4161035,-0.2869066,0,0
12.04447,12.04447,0.3616498,0.4161683,-0.286945,0,0
12.04935,12.04935,0.3616074,0.4161456,-0.2869091,0,0
12.05402,12.05402,0.3616855,0.4162134,-0.2869799,0,0
12.06091,12.06091,0.3616621,0.4162078,-0.2869613,0,0
12.06594,12.06594,0.3617152,0.4162639,-0.2869795,0,0
12.06999,12.06999,0.361711,0.4162692,-0.2869726,0,0
12.07447,12.07447,0.3617057,0.4162759,-0.2869639,0,0
12.08,12.08,0.3617266,0.4162577,-0.2869129,0,0
12.08423,12.08423,0.3617255,0.4162601,-0.2869003,0,0
12.0886,12.0886,0.3617243,0.4162625,-0.2868872,0,0
12.09402,12.09402,0.3617227,0.4162657,-0.2868697,0,0
12.09875,12.09875,0.3617215,0.4162681,-0.2868567,0,0
12.10277,12.10277,0.3617204,0.4162702,-0.2868447,0,0
12.10713,12.10713,0.3617192,0.4162725,-0.2868316,0,0
12.11167,12.11167,0.3617179,0.4162749,-0.2868177,0,0
12.1165,12.1165,0.3623165,0.416548,-0.2870408,0,0
12.12126,12.12126,0.3623539,0.4165681,-0.2870429,0,0
12.12631,12.12631,0.3623977,0.4165917,-0.2870454,0,0
12.13092,12.13092,0.3619358,0.4161505,-0.2870015,0,0
12.13687,12.13687,0.3623574,0.4160425,-0.2871683,0,0
12.14181,12.14181,0.3624097,0.416023,-0.2871863,0,0
12.14689,12.14689,0.3624702,0.4160007,-0.2872071,0,0
12.15273,12.15273,0.3615171,0.4150383,-0.2868897,0,0
12.15851,12.15851,0.3613421,0.4145761,-0.286788,0,0
12.16487,12.16487,0.3612541,0.414342,-0.2867466,0,0
12.16977,12.16977,0.3611805,0.4141463,-0.2867127,0,0
12.17548,12.17548,0.3612034,0.4141351,-0.2867087,0,0
12.18232,12.18232,0.3611406,0.4139485,-0.2866777,0,0
12.18747,12.18747,0.3611993,0.4140885,-0.2867578,0,0
12.19298,12.19298,0.361165,0.4139778,-0.2867548,0,0
12.19936,12.19936,0.3612233,0.4141498,-0.2868736,0,0
12.20426,12.20426,0.3612237,0.4142022,-0.2869266,0,0
12.21004,12.21004,0.3612081,0.4141681,-0.2869174,0,0
12.21546,12.21546,0.3611962,0.4141419,-0.2869381,0,0
12.22155,12.22155,0.3611853,0.4140766,-0.2868973,0,0
12.22793,12.22793,0.3611724,0.4140375,-0.2869042,0,0
12.23373,12.23373,0.3611702,0.4140445,-0.2868953,0,0
12.23993,12.23993,0.3611604,0.4140205,-0.2868993,0,0
12.24596,12.24596,0.3611539,0.4140373,-0.2869334,0,0
12.25192,12.25192,0.3611448,0.4140232,-0.2869448,0,0
12.25767,12.25767,0.3611042,0.4139929,-0.2869406,0,0
12.26356,12.26356,0.3610864,0.4139477,-0.2869022,0,0
12.27223,12.27223,0.3610553,0.413892,-0.2868606,0,0
12.27748,12.27748,0.3610846,0.4139307,-0.2868505,0,0
12.2828,12.2828,0.3610797,0.413921,-0.2868411,0,0
12.2878,12.2878,0.3610775,0.4139917,-0.2868622,0,0
12.29301,12.29301,0.3610593,0.414014,-0.2868895,0,0
12.29814,12.29814,0.3610528,0.4140227,-0.2868929,0,0
12.30422,12.30422,0.3614136,0.4141801,-0.287008,0,0
12.30962,12.30962,0.3617949,0.4144106,-0.2871737,0,0
12.31519,12.31519,0.3619615,0.4145094,-0.2872432,0,0
12.32088,12.32088,0.3621092,0.4145969,-0.2873051,0,0
12.32611,12.32611,0.3619086,0.4144506,-0.2872478,0,0
12.33148,12.33148,0.3619646,0.4144758,-0.2872702,0,0
12.33703,12.33703,0.3618914,0.414431,-0.287231,0,0
12.34221,12.34221,0.3619143,0.4144389,-0.2872382,0,0
12.34855,12.34855,0.3619346,0.4145139,-0.2872887,0,0
12.35379,12.35379,0.3620521,0.4146449,-0.2874013,0,0
12.35925,12.35925,0.3620949,0.4146892,-0.2874381,0,0
12.36517,12.36517,0.3621439,0.4147395,-0.2874802,0,0
12.37027,12.37027,0.3621853,0.4147821,-0.2875161,0,0
12.37718,12.37718,0.3615908,0.4141278,-0.2870266,0,0
12.38383,12.38383,0.3615272,0.4140446,-0.286956,0,0
12.389,12.389,0.3614797,0.4139881,-0.286913,0,0
12.39508,12.39508,0.3616519,0.4141254,-0.2870194,0,0
12.40086,12.40086,0.3618783,0.4142751,-0.2871993,0,0
12.40563,12.40563,0.3619323,0.4143014,-0.2872351,0,0
12.41218,12.41218,0.3618906,0.4142559,-0.287236,0,0
12.41788,12.41788,0.3618786,0.4142728,-0.2872275,0,0
12.42397,12.42397,0.3619012,0.4142855,-0.2872472,0,0
12.4297,12.4297,0.3619551,0.4143699,-0.2872971,0,0
12.43479,12.43479,0.3618728,0.4142525,-0.2872674,0,0
12.44012,12.44012,0.3618735,0.4142449,-0.287278,0,0
12.44634,12.44634,0.3619067,0.4142265,-0.2872973,0,0
12.45141,12.45141,0.3617804,0.414059,-0.2872146,0,0
12.45643,12.45643,0.3617539,0.4140079,-0.2872031,0,0
12.46238,12.46238,0.3618521,0.4140561,-0.2872368,0,0
12.46777,12.46777,0.3618647,0.4140685,-0.2872623,0,0
12.47329,12.47329,0.3618701,0.4140485,-0.2872688,0,0
12.47913,12.47913,0.3618841,0.4140399,-0.2873258,0,0
12.48386,12.48386,0.3617297,0.4138185,-0.2872296,0,0
12.48951,12.48951,0.3616925,0.4137446,-0.2872165,0,0
12.49485,12.49485,0.3617306,0.4137121,-0.2872044,0,0
12.50086,12.50086,0.3617805,0.4137484,-0.2872269,0,0
12.50619,12.50619,0.3617803,0.4137137,-0.2872238,0,0
12.51195,12.51195,0.3618834,0.4137679,-0.2872527,0,0
12.51776,12.51776,0.3617943,0.4136224,-0.2871856,0,0
12.52329,12.52329,0.3617889,0.4135787,-0.2871724,0,0
12.52869,12.52869,0.3618118,0.4135558,-0.2871683,0,0
12.53369,12.53369,0.3618537,0.4135823,-0.2871962,0,0
12.53936,12.53936,0.3618649,0.4135598,-0.2871948,0,0
12.54494,12.54494,0.3617097,0.413404,-0.2870865,0,0
12.55054,12.55054,0.3617876,0.4134145,-0.2870976,0,0
12.55528,12.55528,0.3617883,0.4133801,-0.2870823,0,0
12.56147,12.56147,0.3618599,0.4134614,-0.2871172,0,0
12.5675,12.5675,0.3617789,0.4133937,-0.2870778,0,0
12.57212,12.57212,0.3617714,0.4133737,-0.2870667,0,0
12.57808,12.57808,0.3617607,0.4133455,-0.2870508,0,0
12.58399,12.58399,0.3618219,0.4132966,-0.2871891,0,0
12.58848,12.58848,0.3618307,0.4132714,-0.2872097,0,0
12.59416,12.59416,0.3618425,0.4132372,-0.2872376,0,0
12.59992,12.59992,0.3617926,0.4131854,-0.2872633,0,0
12.60443,12.60443,0.3617917,0.4131563,-0.2872843,0,0
12.61121,12.61121,0.3617439,0.4131339,-0.287151,0,0
12.61698,12.61698,0.3617893,0.4132271,-0.2870767,0,0
12.62277,12.62277,0.361789,0.4132168,-0.2870621,0,0
12.63,12.63,0.3617886,0.4132029,-0.2870427,0,0
12.63611,12.63611,0.3618958,0.4132528,-0.2871915,0,0
12.64184,12.64184,0.3619085,0.4132432,-0.2872103,0,0
12.64803,12.64803,0.3617965,0.4131022,-0.2871997,0,0
12.65312,12.65312,0.3617588,0.4130702,-0.2871896,0,0
12.65899,12.65899,0.3617887,0.413126,-0.2872097,0,0
12.66419,12.66419,0.3617832,0.4131154,-0.2872196,0,0
12.66938,12.66938,0.3618448,0.4132859,-0.2873138,0,0
12.67493,12.67493,0.3618568,0.4133233,-0.2873495,0,0
12.6877,12.6877,0.361739,0.413247,-0.2871709,0,0
12.69259,12.69259,0.3618063,0.4133558,-0.287147,0,0
12.69759,12.69759,0.3618108,0.4133901,-0.2871256,0,0
12.70315,12.70315,0.3618216,0.4134501,-0.2871746,0,0
12.70819,12.70819,0.3617271,0.413404,-0.2871881,0,0
12.71351,12.71351,0.3617048,0.4134217,-0.2871884,0,0
12.71868,12.71868,0.3617561,0.4134891,-0.2872691,0,0
12.72423,12.72423,0.3617519,0.4135201,-0.2872899,0,0
12.73035,12.73035,0.3618132,0.413603,-0.2873809,0,0
12.73573,12.73573,0.3618252,0.4136281,-0.2873914,0,0
12.74136,12.74136,0.3618351,0.4136626,-0.2874185,0,0
12.74726,12.74726,0.3618319,0.4137273,-0.287392,0,0
12.75294,12.75294,0.361849,0.4137388,-0.2873881,0,0
12.75752,12.75752,0.3618578,0.41377,-0.2873986,0,0
12.76442,12.76442,0.3617807,0.4137349,-0.2873793,0,0
12.77019,12.77019,0.3617417,0.4136633,-0.2873771,0,0
12.77512,12.77512,0.3618289,0.4137779,-0.287439,0,0
12.78148,12.78148,0.3618414,0.4138082,-0.287459,0,0
12.78682,12.78682,0.3617957,0.4137803,-0.2874329,0,0
12.79182,12.79182,0.3617941,0.4137943,-0.2874405,0,0
12.7977,12.7977,0.3618855,0.4138937,-0.2874719,0,0
12.8038,12.8038,0.3617039,0.4137345,-0.2873591,0,0
12.80832,12.80832,0.3616802,0.4137242,-0.2873455,0,0
12.81419,12.81419,0.3616468,0.4137099,-0.2873263,0,0
12.81919,12.81919,0.3616231,0.4136997,-0.2873127,0,0
12.82399,12.82399,0.3615973,0.4136887,-0.2872979,0,0
12.82969,12.82969,0.3616242,0.4136176,-0.2873289,0,0
12.83502,12.83502,0.3616017,0.4135964,-0.2873182,0,0
12.84069,12.84069,0.3617914,0.4138092,-0.287446,0,0
12.84662,12.84662,0.361759,0.4137624,-0.2874089,0,0
12.85171,12.85171,0.3617906,0.4138132,-0.2874131,0,0
12.85698,12.85698,0.3617934,0.4138207,-0.2874099,0,0
12.86304,12.86304,0.361912,0.4139569,-0.2874959,0,0
12.86809,12.86809,0.3618091,0.4138716,-0.2874565,0,0
12.87329,12.87329,0.3618041,0.4138772,-0.2874593,0,0
12.87926,12.87926,0.3618308,0.413905,-0.2874664,0,0
12.88474,12.88474,0.3618331,0.4139154,-0.2874702,0,0
12.8909,12.8909,0.3619123,0.4139926,-0.287501,0,0
12.89668,12.89668,0.3617748,0.4138702,-0.2874144,0,0
12.90274,12.90274,0.3618598,0.4139475,-0.2874641,0,0
12.90819,12.90819,0.361868,0.4139596,-0.2874672,0,0
12.91379,12.91379,0.3619422,0.4140367,-0.2875281,0,0
12.91973,12.91973,0.3617661,0.413853,-0.2874326,0,0
12.92494,12.92494,0.3617415,0.4138293,-0.2874217,0,0
12.93045,12.93045,0.361737,0.4137804,-0.2874084,0,0
12.93561,12.93561,0.3616873,0.41372,-0.2873716,0,0
12.9409,12.9409,0.3616623,0.4136867,-0.2873557,0,0
12.94622,12.94622,0.3616558,0.4136572,-0.287339,0,0
12.95196,12.95196,0.3617739,0.4137732,-0.2874198,0,0
12.95703,12.95703,0.3617866,0.4137762,-0.2874272,0,0
12.96287,12.96287,0.3617517,0.4137196,-0.2874206,0,0
12.96864,12.96864,0.3617538,0.4137086,-0.2874251,0,0
12.97322,12.97322,0.3618914,0.4138008,-0.2875068,0,0
12.97989,12.97989,0.3609498,0.4131681,-0.2869962,0,0
12.98573,12.98573,0.3607509,0.4130269,-0.2868918,0,0
12.99084,12.99084,0.3608406,0.4129142,-0.2868183,0,0
12.99739,12.99739,0.3614203,0.4132988,-0.2870753,0,0
13.00323,13.00323,0.3617736,0.4135689,-0.2873214,0,0
13.00878,13.00878,0.3618782,0.4136232,-0.2873694,0,0
13.01428,13.01428,0.3619767,0.4137277,-0.2874751,0,0
13.01974,13.01974,0.3618809,0.4136207,-0.2874275,0,0
13.02486,13.02486,0.361933,0.413643,-0.2874601,0,0
13.03069,13.03069,0.3619132,0.413587,-0.2874191,0,0
13.03625,13.03625,0.3617928,0.4133868,-0.2873125,0,0
13.04424,13.04424,0.3618778,0.4133958,-0.2873124,2,0
13.05099,0.0067474,0.3619903,0.4134731,-0.2873613,2,1
13.05584,0.0115941,0.3620316,0.4134758,-0.2873684,2,1
13.0615,0.0172631,0.3620732,0.4134784,-0.2873755,2,1
13.06674,0.0224993,0.362115,0.4134811,-0.2873827,2,1
13.0732,0.0289635,0.3620398,0.4133484,-0.2873528,2,1
13.07967,0.0354331,0.361942,0.413215,-0.2872556,2,1
13.08473,0.040487,0.3620064,0.4132542,-0.2872236,2,1
13.08984,0.0456037,0.3620266,0.4132384,-0.2872061,2,1
13.09677,0.0525305,0.3620176,0.4131899,-0.2871703,2,1
13.1038,0.0595581,0.3620378,0.4131877,-0.2871776,2,1
13.10877,0.0645302,0.3620505,0.4131729,-0.2871656,2,1
13.1144,0.0701582,0.362066,0.4131548,-0.2871509,2,1
13.12248,0.0782383,0.3619935,0.4130105,-0.287108,2,1
13.12751,0.0832731,0.3619866,0.4129693,-0.2870875,2,1
13.1322,0.087958,0.3619803,0.4129308,-0.2870683,2,1
13.13814,0.0938963,0.3621652,0.413028,-0.2870967,2,1
13.14475,0.1005132,0.3621962,0.4130057,-0.2870826,2,1
13.15053,0.106288,0.3622057,0.4129415,-0.287211,2,1
13.15551,0.1112693,0.3622295,0.4129134,-0.2872254,2,1
13.16195,0.1177107,0.3621033,0.4127656,-0.2871434,2,1
13.16702,0.1227794,0.3621164,0.4126118,-0.2870126,2,1
13.17217,0.1279291,0.3621207,0.4125409,-0.2869793,2,1
13.17819,0.1339458,0.362157,0.4124553,-0.2867631,2,1
13.18319,0.1389471,0.3623517,0.4124601,-0.2867159,2,1
13.18728,0.1430369,0.3623982,0.4124193,-0.2866632,2,1
13.19176,0.1475224,0.3624508,0.4123732,-0.2866037,2,1
13.19755,0.1533091,0.3624189,0.4121909,-0.2864043,2,1
13.20344,0.1592003,0.3625802,0.4122368,-0.2863699,2,1
13.20801,0.1637756,0.3626409,0.4121929,-0.2862985,2,1
13.21501,0.1707682,0.3627439,0.4120574,-0.2861797,2,1
13.22053,0.1762955,0.362821,0.4119225,-0.2860518,2,1
13.22513,0.1808952,0.3628849,0.4118527,-0.2859696,2,1
13.23077,0.1865305,0.36294,0.4115981,-0.2857764,2,1
13.23599,0.1917486,0.3629077,0.411324,-0.285556,2,1
13.24157,0.1973293,0.3629494,0.4111817,-0.2854272,2,1
13.24829,0.2040526,0.3632402,0.4111405,-0.2853929,2,1
13.25385,0.2096111,0.3632078,0.4108867,-0.2851945,2,1
13.25961,0.2153665,0.3632722,0.410734,-0.2850643,2,1
13.26536,0.2211223,0.3636518,0.4107399,-0.2848896,2,1
13.27074,0.2265035,0.3639292,0.4106088,-0.2846965,2,1
13.27629,0.2320499,0.3641218,0.4102868,-0.2844112,2,1
13.28243,0.2381947,0.3642815,0.4101257,-0.284237,2,1
13.28748,0.24324,0.3644822,0.410035,-0.2841444,2,1
13.29236,0.2481203,0.3646422,0.4098983,-0.283996,2,1
13.29778,0.2535415,0.3648337,0.4097361,-0.2838182,2,1
13.30292,0.2586787,0.3649805,0.4096127,-0.283682,2,1
13.30854,0.2642974,0.3648787,0.4091022,-0.2835241,2,1
13.31383,0.2695938,0.3650201,0.4088916,-0.283355,2,1
13.31925,0.2750057,0.364069,0.4080064,-0.2830447,2,1
13.32429,0.280046,0.3640842,0.4077453,-0.2828787,2,1
13.33017,0.2859278,0.3640454,0.4065788,-0.2822192,2,1
13.33526,0.2910169,0.3642029,0.4062813,-0.2822462,2,1
13.34064,0.296398,0.3642417,0.4059008,-0.2820664,2,1
13.34605,0.3018114,0.3643725,0.4053803,-0.2818659,2,1
13.35102,0.3067782,0.3644312,0.4049726,-0.2816852,2,1
13.35597,0.3117263,0.364496,0.4045307,-0.2814914,2,1
13.36228,0.3180357,0.3645679,0.4040482,-0.2812821,2,1
13.36808,0.3238401,0.3649558,0.4047033,-0.2816609,2,1
13.37339,0.3291534,0.3650769,0.4044027,-0.2815456,2,1
13.37973,0.3354875,0.3653988,0.4040525,-0.2816166,2,1
13.38505,0.3408072,0.3655414,0.4037996,-0.2815298,2,1
13.38931,0.3450693,0.3656625,0.4035796,-0.2814746,2,1
13.39465,0.3504096,0.366248,0.403597,-0.2814055,2,1
13.40035,0.3561106,0.3666996,0.4038139,-0.2815673,2,1
13.40566,0.3614166,0.3669963,0.4037247,-0.2815596,2,1
13.41094,0.3667045,0.3675404,0.4042447,-0.2821437,2,1
13.41668,0.3724378,0.3676029,0.4041093,-0.2823948,2,1
13.42209,0.3778501,0.3678477,0.4041118,-0.2825401,2,1
13.42746,0.3832162,0.3679261,0.4040714,-0.2827544,2,1
13.43304,0.3887982,0.3681745,0.4040628,-0.2829469,2,1
13.43836,0.3941213,0.3680819,0.4037119,-0.2829849,2,1
13.44431,0.4000733,0.3683027,0.4034952,-0.2830591,2,1
13.44974,0.4055,0.368471,0.4033833,-0.2831832,2,1
13.45501,0.4107694,0.3683476,0.4028926,-0.2830068,2,1
13.46134,0.4171004,0.3684601,0.4026866,-0.2830694,2,1
13.46733,0.4230954,0.3682956,0.4021116,-0.2828986,2,1
13.47274,0.4284968,0.3683329,0.4018391,-0.2829037,2,1
13.47868,0.4344442,0.3685313,0.4016301,-0.2830368,2,1
13.4844,0.4401645,0.3685988,0.4013954,-0.2830688,2,1
13.48909,0.4448514,0.368839,0.4013972,-0.2833224,2,1
13.49533,0.4510929,0.3690729,0.4013255,-0.2836065,2,1
13.50139,0.4571491,0.3694157,0.4012636,-0.2838028,2,1
13.50583,0.4615942,0.3695693,0.4011497,-0.2839215,2,1
13.51234,0.4680983,0.3701092,0.4009764,-0.2839996,2,1
13.51762,0.4733843,0.3703766,0.4008301,-0.2841277,2,1
13.52265,0.4784145,0.370596,0.4007091,-0.2842339,2,1
13.52934,0.4851035,0.3717015,0.4007966,-0.2841187,2,1
13.53412,0.4898807,0.3720951,0.4007067,-0.2841938,2,1
13.5401,0.4958613,0.3721721,0.4005185,-0.2840215,2,1
13.54556,0.5013176,0.3725103,0.4004042,-0.28405,2,1
13.55027,0.5060359,0.3732201,0.4003837,-0.2839511,2,1
13.55514,0.5109048,0.3736234,0.4002842,-0.2839589,2,1
13.56138,0.5171372,0.3740621,0.4001733,-0.2839698,2,1
13.56625,0.5220082,0.37482,0.4004537,-0.2837256,2,1
13.57158,0.5273439,0.3764758,0.4005001,-0.2833124,2,1
13.57682,0.5325786,0.3781619,0.400711,-0.2828709,2,1
13.58239,0.538146,0.378978,0.4007252,-0.2827154,2,1
13.58769,0.543453,0.3799925,0.4018259,-0.2816695,2,1
13.59363,0.5493866,0.381148,0.4021222,-0.2812283,2,1
13.5996,0.55536,0.3822353,0.4024301,-0.2806057,2,1
13.60463,0.5603921,0.3826398,0.4023009,-0.2798458,2,1
13.61075,0.5665058,0.383982,0.4023845,-0.2789775,2,1
13.61595,0.5717136,0.3850029,0.4025292,-0.2783787,2,1
13.62143,0.5771936,0.38547,0.4027421,-0.277199,2,1
13.62703,0.5827849,0.3864504,0.4030737,-0.2758615,2,1
13.63232,0.5880778,0.3873437,0.4032574,-0.2750118,2,1
13.63789,0.5936465,0.3883545,0.4036593,-0.2733459,2,1
13.64454,0.6002955,0.3894142,0.4039031,-0.2721773,2,1
13.65046,0.6062225,0.391706,0.4054576,-0.2703795,2,1
13.65576,0.6115242,0.3930113,0.4060054,-0.2691524,2,1
13.66202,0.6177819,0.3943185,0.4065354,-0.2679396,2,1
13.66767,0.6234279,0.3958974,0.4081905,-0.2665579,2,1
13.67286,0.6286214,0.3971483,0.4088593,-0.2654344,2,1
13.67882,0.6345834,0.3987093,0.4096718,-0.2640517,2,1
13.68392,0.6396823,0.3971906,0.4101412,-0.2629654,2,1
13.68861,0.6443685,0.39805,0.4107263,-0.2619296,2,1
13.69469,0.6504443,0.401708,0.4144588,-0.2578518,2,1
13.70044,0.6562023,0.4042561,0.4174985,-0.2563846,2,1
13.70458,0.660342,0.4055507,0.4186594,-0.2551384,2,1
13.71087,0.6666289,0.4074997,0.4228291,-0.252996,2,1
13.71567,0.6714241,0.4091539,0.4247704,-0.2513589,2,1
13.72095,0.67671,0.4105504,0.4272383,-0.2496964,2,1
13.72725,0.6830063,0.4125661,0.4304084,-0.2474389,2,1
13.73195,0.687707,0.4140414,0.4323853,-0.2459111,2,1
13.73684,0.6925977,0.4156556,0.4352128,-0.2438828,2,1
13.74287,0.6986312,0.4174114,0.4376708,-0.2420085,2,1
13.74774,0.7035019,0.4182051,0.4394165,-0.2393646,2,1
13.7528,0.7085589,0.4197334,0.4423105,-0.2372306,2,1
13.75782,0.7135767,0.4213826,0.4448504,-0.2350915,2,1
13.76705,0.7228062,0.4230501,0.4488756,-0.2308054,2,1
13.77206,0.7278166,0.4244056,0.451156,-0.228733,2,1
13.77768,0.7334334,0.4260736,0.4539081,-0.2262322,2,1
13.78316,0.7389182,0.4275125,0.4562362,-0.2241164,2,1
13.78873,0.7444918,0.428825,0.4597787,-0.2219726,2,1
13.7936,0.7493619,0.430306,0.462291,-0.2198364,2,1
13.79894,0.7546937,0.4288674,0.4618715,-0.2224079,2,1
13.80437,0.7601274,0.4335818,0.47209,-0.2167885,2,1
13.81012,0.7658723,0.4357721,0.4764153,-0.2140035,2,1
13.81564,0.7714002,0.4387006,0.4829989,-0.2115055,2,1
13.82118,0.7769352,0.4399122,0.4877129,-0.2097246,2,1
13.82619,0.7819436,0.4419122,0.4921168,-0.2073905,2,1
13.83195,0.7877115,0.4432338,0.4970861,-0.2050367,2,1
13.83727,0.7930238,0.4443759,0.5020268,-0.2025169,2,1
13.84227,0.7980245,0.4458823,0.5059516,-0.200464,2,1
13.84808,0.803839,0.4472672,0.5115657,-0.1978657,2,1
13.85348,0.8092387,0.4476886,0.5167547,-0.1948088,2,1
13.85904,0.8147922,0.4490673,0.5213832,-0.1923213,2,1
13.86471,0.8204706,0.449992,0.5260313,-0.1897978,2,1
13.87001,0.825769,0.451336,0.5315121,-0.1876332,2,1
13.87512,0.830881,0.452519,0.5373636,-0.1852741,2,1
13.88111,0.8368679,0.4538573,0.5424771,-0.1828285,2,1
13.88614,0.8418926,0.45443,0.5476328,-0.1805957,2,1
13.89146,0.8472182,0.4556302,0.5527054,-0.1781934,2,1
13.89704,0.8527983,0.4570446,0.5584286,-0.1754493,2,1
13.9032,0.8589541,0.4573626,0.5643826,-0.172865,2,1
13.90854,0.8642932,0.4585088,0.5695131,-0.1704005,2,1
13.91449,0.8702489,0.4573564,0.5709509,-0.1704968,2,1
13.92007,0.8758317,0.4583679,0.5817314,-0.1664319,2,1
13.92523,0.8809848,0.459274,0.5876675,-0.1638702,2,1
13.93044,0.8861983,0.4598033,0.5952584,-0.1615194,2,1
13.93577,0.89153,0.4602424,0.6024861,-0.1594048,2,1
13.9415,0.8972598,0.4610087,0.6085539,-0.1570748,2,1
13.94775,0.9035072,0.4615064,0.6164256,-0.1554478,2,1
13.95312,0.908877,0.4607447,0.6227201,-0.1530233,2,1
13.95916,0.9149107,0.4612337,0.6295586,-0.1505628,2,1
13.96535,0.9211107,0.4611008,0.6371809,-0.1487779,2,1
13.97089,0.926649,0.4616346,0.6444441,-0.1478333,2,1
13.97633,0.9320843,0.4621854,0.6520472,-0.1456378,2,1
13.98251,0.9382712,0.460786,0.6578487,-0.1435263,2,1
13.98734,0.9430945,0.4609554,0.6636057,-0.1417419,2,1
13.99399,0.9497488,0.46066,0.6747895,-0.1413921,2,1
13.99881,0.9545607,0.4608022,0.6805902,-0.1401014,2,1
14.00406,0.9598177,0.4610362,0.6874828,-0.138524,2,1
14.00973,0.9654878,0.460271,0.6961389,-0.1381897,2,1
14.01524,0.9709913,0.4592663,0.7045328,-0.1376161,2,1
14.02067,0.9764205,0.459301,0.7116206,-0.1372645,2,1
14.02528,0.9810398,0.4593018,0.7179309,-0.1363302,2,1
14.03089,0.9866475,0.4593765,0.7256389,-0.1351343,2,1
14.03629,0.9920409,0.4583184,0.7335401,-0.134441,2,1
14.04085,0.9966096,0.4582934,0.7390824,-0.1336115,2,1
14.04638,1.002131,0.4583246,0.746771,-0.1324153,2,1
14.05192,1.007677,0.4564049,0.744738,-0.133132,2,1
14.05674,1.012496,0.4561944,0.7507472,-0.1322616,2,1
14.06282,1.018575,0.4560246,0.757266,-0.1312812,2,1
14.06822,1.02398,0.4530909,0.7759822,-0.1291,2,1
14.07241,1.028167,0.4527562,0.7821276,-0.1282047,2,1
14.0786,1.034356,0.4508235,0.7751552,-0.1300406,2,1
14.08466,1.040419,0.4471339,0.7933081,-0.1283674,2,1
14.08912,1.044876,0.4459687,0.80105,-0.1275331,2,1
14.09492,1.05068,0.4432885,0.8112475,-0.1267111,2,1
14.10078,1.056534,0.4411759,0.8175085,-0.1261253,2,1
14.10529,1.061048,0.4397478,0.824505,-0.1254377,2,1
14.11144,1.067191,0.4371262,0.8312746,-0.1247704,2,1
14.11655,1.072308,0.4346461,0.8375932,-0.1241921,2,1
14.12169,1.07744,0.4329544,0.8437975,-0.1236119,2,1
14.12767,1.083427,0.4299431,0.8505504,-0.1229024,2,1
14.13281,1.088569,0.4278564,0.8573035,-0.1222814,2,1
14.13789,1.09364,0.4241166,0.8622202,-0.1210196,2,1
14.14416,1.099912,0.4214345,0.8693171,-0.1202133,2,1
14.14914,1.10489,0.4190954,0.8755442,-0.1202009,2,1
14.15486,1.110614,0.4148084,0.8817759,-0.1192528,2,1
14.16157,1.117319,0.4115947,0.8891146,-0.1185415,2,1
14.16735,1.123098,0.4085162,0.8962047,-0.1185999,2,1
14.17293,1.128685,0.4056383,0.9028637,-0.1181495,2,1
14.17904,1.134792,0.4007272,0.9093474,-0.1180094,2,1
14.1843,1.140056,0.3980342,0.9147428,-0.1177376,2,1
14.18908,1.144837,0.3947513,0.9192045,-0.1175019,2,1
14.1949,1.150656,0.390664,0.9255961,-0.1172504,2,1
14.20022,1.15597,0.3877345,0.9307894,-0.117065,2,1
14.2052,1.160955,0.3841862,0.9353792,-0.1170272,2,1
14.21082,1.166571,0.3806227,0.9412919,-0.1169168,2,1
14.2159,1.171655,0.3768197,0.9465462,-0.1169726,2,1
14.2214,1.177153,0.3732693,0.951004,-0.1170374,2,1
14.2272,1.18295,0.3694339,0.9568006,-0.1170979,2,1
14.23293,1.188681,0.3656298,0.9621121,-0.1172748,2,1
14.23824,1.193989,0.3609611,0.9668151,-0.1170586,2,1
14.24428,1.200037,0.3568492,0.9718248,-0.1173164,2,1
14.24942,1.20517,0.3532469,0.9765445,-0.1174886,2,1
14.25482,1.210571,0.3488719,0.9817306,-0.117746,2,1
14.26115,1.216898,0.3444718,0.9864563,-0.1181305,2,1
14.26643,1.222179,0.3406157,0.9911402,-0.1184827,2,1
14.27172,1.22747,0.3366454,0.9952397,-0.1187444,2,1
14.27773,1.233483,0.3317707,1.000262,-0.1191024,2,1
14.28299,1.238737,0.328209,1.004254,-0.1195138,2,1
14.28811,1.243865,0.3241026,1.007562,-0.1197682,2,1
14.29394,1.249688,0.3192709,1.012591,-0.1204074,2,1
14.30071,1.256459,0.3147233,1.015975,-0.1206073,2,1
14.3049,1.260648,0.3116269,1.018959,-0.1210039,2,1
14.31074,1.266493,0.307183,1.023201,-0.1216749,2,1
14.31642,1.272174,0.3029172,1.02687,-0.1221622,2,1
14.32148,1.277228,0.2993959,1.030113,-0.1227885,2,1
14.32725,1.282998,0.2956199,1.033428,-0.1230087,2,1
14.33186,1.287606,0.2926301,1.035879,-0.1230669,2,1
14.33674,1.29249,0.2891263,1.038574,-0.123312,2,1
14.34207,1.29782,0.2856788,1.041544,-0.123831,2,1
14.34731,1.303056,0.2819906,1.044697,-0.1244626,2,1
14.35211,1.307865,0.2785654,1.047603,-0.1251199,2,1
14.3575,1.313249,0.2744883,1.051038,-0.1259915,2,1
14.36393,1.319683,0.2751786,1.048983,-0.1251131,2,1
14.36804,1.323791,0.272857,1.050807,-0.1255053,2,1
14.37277,1.328521,0.2701012,1.052958,-0.1260166,2,1
14.37893,1.334677,0.2622178,1.059232,-0.12746,2,1
14.38408,1.339835,0.2589605,1.061739,-0.1281405,2,1
14.38941,1.345157,0.2557655,1.063719,-0.128731,2,1
14.39486,1.35061,0.2517484,1.06667,-0.1296557,2,1
14.40061,1.356365,0.2490657,1.067877,-0.1295031,2,1
14.40514,1.360892,0.2461655,1.069847,-0.1300572,2,1
14.41545,1.371205,0.2393424,1.073931,-0.1312611,2,1
14.42019,1.375939,0.2367164,1.075597,-0.1318393,2,1
14.42566,1.381414,0.2333065,1.077349,-0.1321874,2,1
14.4308,1.386547,0.2300914,1.079283,-0.1329012,2,1
14.43646,1.392213,0.2300122,1.078405,-0.1322766,2,1
14.44215,1.397895,0.2243794,1.080868,-0.1328007,2,1
14.44746,1.403208,0.2208121,1.082655,-0.1333715,2,1
14.45328,1.409031,0.2166865,1.084283,-0.1336987,2,1
14.45836,1.41411,0.2136255,1.085705,-0.134191,2,1
14.46429,1.420041,0.210338,1.08689,-0.1342305,2,1
14.47014,1.425894,0.2073591,1.087686,-0.1343092,2,1
14.47477,1.430519,0.2046277,1.08837,-0.1342603,2,1
14.48094,1.436688,0.2013183,1.089568,-0.1345942,2,1
14.48629,1.442039,0.1985924,1.090344,-0.1344298,2,1
14.49048,1.446229,0.1961766,1.091163,-0.1346308,2,1
14.49663,1.452383,0.192757,1.09207,-0.1345415,2,1
14.50266,1.458411,0.189974,1.092612,-0.1343711,2,1
14.50698,1.462729,0.1876013,1.093288,-0.1344892,2,1
14.51321,1.46896,0.1841846,1.093917,-0.134303,2,1
14.51943,1.475182,0.1811625,1.094339,-0.1339405,2,1
14.52417,1.479921,0.1786212,1.094896,-0.133965,2,1
14.53021,1.485955,0.1754718,1.095188,-0.1335904,2,1
14.5351,1.490852,0.1725663,1.09571,-0.1335897,2,1
14.54096,1.49671,0.170141,1.096004,-0.1331661,2,1
14.54698,1.502731,0.1674388,1.096209,-0.1326548,2,1
14.55251,1.508256,0.1650936,1.096302,-0.1321065,2,1
14.55774,1.513485,0.1623312,1.096623,-0.1318885,2,1
14.56414,1.519892,0.1598183,1.096546,-0.1312351,2,1
14.56916,1.524912,0.1577228,1.096403,-0.1305523,2,1
14.57376,1.52951,0.155348,1.09651,-0.1302171,2,1
14.57973,1.535479,0.153111,1.096577,-0.1295207,2,1
14.5845,1.540248,0.1513968,1.096707,-0.1289168,2,1
14.59014,1.545892,0.1489474,1.096805,-0.1284407,2,1
14.59587,1.551614,0.146679,1.096768,-0.1276145,2,1
14.60151,1.557262,0.1451192,1.096905,-0.1269713,2,1
14.60674,1.562485,0.1430404,1.096966,-0.126449,2,1
14.61325,1.568996,0.1406964,1.097111,-0.125586,2,1
14.61907,1.574824,0.1390349,1.097059,-0.1246586,2,1
14.6233,1.57905,0.1375111,1.097082,-0.1241654,2,1
14.62887,1.584614,0.1357394,1.097224,-0.1233159,2,1
14.63481,1.590554,0.1337521,1.097335,-0.1223516,2,1
14.64033,1.596075,0.1320238,1.097384,-0.1216979,2,1
14.64661,1.602358,0.1302648,1.097536,-0.120846,2,1
14.65193,1.607679,0.1286824,1.097681,-0.1200396,2,1
14.65718,1.612932,0.1267988,1.097766,-0.1192617,2,1
14.66395,1.619695,0.1251086,1.09787,-0.1183181,2,1
14.66971,1.625456,0.1235215,1.097832,-0.1172743,2,1
14.67578,1.631524,0.1214365,1.097885,-0.1162761,2,1
14.68267,1.638418,0.1199045,1.097918,-0.1151021,2,1
14.68851,1.644257,0.1184964,1.098006,-0.1140398,2,1
14.69459,1.650337,0.1166553,1.098053,-0.1130033,2,1
14.69993,1.655683,0.1156841,1.098175,-0.1120466,2,1
14.70388,1.659628,0.1146227,1.098212,-0.1114019,2,1
14.70816,1.663908,0.1134634,1.098249,-0.1107058,2,1
14.71251,1.668258,0.1122862,1.098284,-0.1100077,2,1
14.71672,1.672472,0.1110366,1.098316,-0.1092759,2,1
14.72102,1.676772,0.1099716,1.098341,-0.1086598,2,1
14.72508,1.680827,0.1088526,1.098364,-0.1080199,2,1
14.72945,1.685196,0.1076537,1.098385,-0.1073427,2,1
14.73365,1.6894,0.1063708,1.098403,-0.1066275,2,1
14.73973,1.695476,0.105523,1.098803,-0.1055637,2,1
14.74439,1.700139,0.1042653,1.098847,-0.1048299,2,1
14.74857,1.704314,0.1031673,1.098882,-0.1041971,2,1
14.75276,1.708512,0.1020503,1.098915,-0.1035609,2,1
14.75677,1.712517,0.1008342,1.098948,-0.1028766,2,1
14.76159,1.717342,0.09967668,1.098976,-0.1022333,2,1
14.7656,1.721344,0.09860159,1.098999,-0.1016429,2,1
14.76973,1.725475,0.1061778,1.099504,-0.1043949,2,1
14.77401,1.729759,0.105137,1.100064,-0.1018217,2,1
14.77913,1.734883,0.1042686,1.100181,-0.1010614,2,1
14.78364,1.739387,0.1034458,1.100289,-0.1003478,2,1
14.7886,1.744346,0.09928577,1.101357,-0.09508665,2,1
14.79544,1.751193,0.1001378,1.101773,-0.0953204,2,1
14.80093,1.756676,0.09914616,1.102033,-0.09420821,2,1
14.80561,1.761358,0.09817758,1.102286,-0.09313019,2,1
14.81101,1.766763,0.09662446,1.103162,-0.09079075,2,1
14.81578,1.771527,0.09590572,1.103532,-0.0896553,2,1
14.82206,1.777812,0.09524403,1.103763,-0.08852975,2,1
14.8287,1.784446,0.0943259,1.103926,-0.08710226,2,1
14.8342,1.78995,0.0936255,1.103933,-0.0856735,2,1
14.83961,1.795362,0.09283613,1.104133,-0.08448617,2,1
14.84601,1.801761,0.09212452,1.104209,-0.08279242,2,1
14.85174,1.807486,0.09153516,1.104226,-0.08128113,2,1
14.85641,1.812159,0.09083956,1.104358,-0.07998828,2,1
14.86213,1.817878,0.09038278,1.104359,-0.07842482,2,1
14.86711,1.822855,0.09001236,1.104287,-0.07686376,2,1
14.87261,1.828357,0.08940972,1.104352,-0.07538561,2,1
14.87858,1.834331,0.08876625,1.104208,-0.07313938,2,1
14.88405,1.839802,0.08834761,1.104319,-0.07158954,2,1
14.88963,1.845376,0.08777855,1.104366,-0.06992554,2,1
14.89588,1.85163,0.08702646,1.104492,-0.06777237,2,1
14.9016,1.857349,0.08658218,1.104591,-0.06615449,2,1
14.90724,1.862986,0.08601543,1.104672,-0.0644061,2,1
14.91311,1.868855,0.08539945,1.104717,-0.06225439,2,1
14.9192,1.874951,0.08491643,1.104695,-0.06026246,2,1
14.92455,1.880295,0.08441398,1.104744,-0.05853627,2,1
14.93076,1.886504,0.08399349,1.104644,-0.05621958,2,1
14.93506,1.890811,0.08358271,1.104661,-0.05463115,2,1
14.94019,1.895936,0.08334909,1.104499,-0.0528634,2,1
14.94535,1.901097,0.08324792,1.104303,-0.05087727,2,1
14.95017,1.905922,0.08292447,1.10425,-0.04914182,2,1
14.95579,1.911539,0.08275089,1.104137,-0.04677176,2,1
14.96176,1.917508,0.0827859,1.103801,-0.04447491,2,1
14.96722,1.922964,0.0825653,1.103669,-0.04241089,2,1
14.97235,1.928094,0.08255067,1.10363,-0.0405006,2,1
14.97777,1.933517,0.08234647,1.10353,-0.03821152,2,1
14.98373,1.93948,0.08217596,1.103426,-0.03611692,2,1
14.98936,1.94511,0.08193617,1.103462,-0.03401957,2,1
14.99536,1.951112,0.08159149,1.10344,-0.0316572,2,1
15.00145,1.9572,0.08128913,1.103456,-0.02962874,2,1
15.00599,1.96174,0.0811026,1.103423,-0.02789395,2,1
15.01195,1.967703,0.08073862,1.103445,-0.02588419,2,1
15.01722,1.972964,0.08033184,1.103537,-0.02386865,2,1
15.02216,1.977911,0.08010789,1.103544,-0.02227221,2,1
15.02807,1.983821,0.07981628,1.103555,-0.02012163,2,1
15.03356,1.989302,0.07919259,1.103633,-0.01831246,2,1
15.03874,1.99449,0.07890099,1.10365,-0.01666263,2,1
15.04495,2.000699,0.07852432,1.103673,-0.01448481,2,1
15.0528,2.008552,0.07839975,1.103643,-0.01197048,2,1
15.05779,2.013532,0.07815222,1.103648,-0.01011814,2,1
15.06381,2.019554,0.07820519,1.103717,-0.008552168,2,1
15.06875,2.024499,0.07823311,1.10373,-0.007177074,2,1
15.07343,2.029175,0.0781084,1.103752,-0.005526673,2,1
15.07961,2.035353,0.07798421,1.10354,-0.003763057,2,1
15.08445,2.040194,0.07792866,1.103317,-0.002443254,2,1
15.09015,2.045896,0.07781501,1.103236,-0.0006790832,2,1
15.09591,2.051655,0.07784148,1.102835,0.001123529,2,1
15.10165,2.057394,0.07791006,1.102653,0.002385315,2,1
15.10698,2.062726,0.07787678,1.102499,0.003936168,2,1
15.11255,2.068298,0.07800601,1.102316,0.005245976,2,1
15.11775,2.073501,0.07812765,1.102121,0.006566692,2,1
15.12309,2.078837,0.07816206,1.101973,0.007854506,2,1
15.1286,2.084344,0.07825492,1.101785,0.009042099,2,1
15.13357,2.089315,0.0782982,1.101662,0.01017242,2,1
15.13926,2.095007,0.07834803,1.101516,0.0113985,2,1
15.1448,2.100545,0.07839899,1.101493,0.01239468,2,1
15.14998,2.105733,0.07845256,1.101375,0.01356193,2,1
15.15517,2.110918,0.07863847,1.101408,0.01449393,2,1
15.1608,2.116543,0.07892271,1.10148,0.01527842,2,1
15.16575,2.121494,0.07904808,1.101435,0.0162607,2,1
15.17083,2.126573,0.07926216,1.101448,0.01694925,2,1
15.17645,2.132201,0.07944386,1.101409,0.01808742,2,1
15.18275,2.138496,0.07966584,1.101331,0.01882887,2,1
15.1882,2.143945,0.07996264,1.101326,0.0195106,2,1
15.19451,2.150256,0.08021554,1.101284,0.02060791,2,1
15.20044,2.156184,0.08059617,1.101362,0.02109244,2,1
15.20599,2.161737,0.08084927,1.101352,0.02193813,2,1
15.2119,2.16765,0.08082625,1.1011,0.02163341,2,1
15.21659,2.172334,0.0812225,1.100922,0.02268377,2,1
15.22204,2.177786,0.08146361,1.100846,0.02339213,2,1
15.22793,2.183677,0.08169449,1.100631,0.02396153,2,1
15.23311,2.188856,0.08198038,1.100578,0.02435106,2,1
15.23809,2.19384,0.08219022,1.1005,0.02484575,2,1
15.24428,2.200032,0.08240782,1.100451,0.02528444,2,1
15.24914,2.20489,0.08261905,1.100381,0.02576116,2,1
15.25383,2.209577,0.08275956,1.10038,0.0260535,2,1
15.25996,2.215708,0.08299024,1.100316,0.02656257,2,1
15.26553,2.221277,0.08303174,1.10035,0.02683821,2,1
15.27079,2.226539,0.08322719,1.100547,0.0269727,2,1
15.2776,2.23335,0.08339616,1.100663,0.02729705,2,1
15.28244,2.238188,0.08353615,1.100693,0.02757147,2,1
15.28751,2.243257,0.08353405,1.100812,0.02765979,2,1
15.29275,2.248499,0.08346077,1.100861,0.02787536,2,1
15.29758,2.253333,0.08353944,1.100913,0.02813284,2,1
15.30325,2.259003,0.08333455,1.100915,0.02839295,2,1
15.30842,2.264174,0.08331113,1.100903,0.02867522,2,1
15.31401,2.269759,0.08331718,1.100935,0.02897895,2,1
15.31983,2.275575,0.08332556,1.100813,0.02930042,2,1
15.32515,2.280902,0.08333208,1.100807,0.02957758,2,1
15.33045,2.286202,0.08333918,1.100802,0.02985804,2,1
15.3358,2.291554,0.08335043,1.100815,0.03004939,2,1
15.34129,2.297045,0.08335797,1.100813,0.03029727,2,1
15.34691,2.302663,0.08346903,1.100999,0.02994567,2,1
15.35159,2.307338,0.08348824,1.10102,0.03009931,2,1
15.35635,2.312098,0.08351047,1.101044,0.03027579,2,1
15.36262,2.318375,0.08353428,1.10107,0.03046335,2,1
15.36843,2.324176,0.08370081,1.101004,0.03100542,2,1
15.37291,2.328657,0.08373683,1.101014,0.03119532,2,1
15.37859,2.334342,0.08378676,1.101029,0.03145719,2,1
15.38468,2.340435,0.08416382,1.100985,0.03105952,2,1
15.38944,2.345195,0.08424024,1.100994,0.03119819,2,1
15.39517,2.350925,0.08444218,1.101188,0.03136233,2,1
15.40127,2.357022,0.08445665,1.101305,0.03136983,2,1
15.40574,2.361489,0.08452686,1.101362,0.03146431,2,1
15.41169,2.36744,0.08454295,1.101472,0.03147374,2,1
15.41749,2.373236,0.08455143,1.101555,0.03153234,2,1
15.42287,2.378616,0.08459578,1.101623,0.03160098,2,1
15.42887,2.384616,0.08461373,1.101712,0.03159351,2,1
15.43445,2.390206,0.08462411,1.101737,0.03162035,2,1
15.43978,2.395529,0.08465122,1.101789,0.03165968,2,1
15.44594,2.401696,0.08462242,1.101747,0.03170858,2,1
15.45194,2.407694,0.08458237,1.101648,0.03179854,2,1
15.45719,2.41294,0.08458485,1.101649,0.0318573,2,1
15.46394,2.419694,0.0845719,1.10148,0.03192822,2,1
15.4695,2.425253,0.08458187,1.10132,0.03200452,2,1
15.47501,2.430765,0.08458383,1.101245,0.03207562,2,1
15.48177,2.437519,0.08478487,1.100923,0.03211644,2,1
15.48793,2.443682,0.0848423,1.100556,0.03234194,2,1
15.49453,2.450287,0.08502796,1.100287,0.03241003,2,1
15.5,2.455755,0.08509777,1.100119,0.03248464,2,1
15.50511,2.460861,0.0852503,1.099976,0.03242885,2,1
15.51185,2.467607,0.08554974,1.099998,0.0321993,2,1
15.51779,2.473547,0.08572952,1.100045,0.03201722,2,1
15.52331,2.479064,0.08586051,1.099978,0.03196314,2,1
15.52917,2.484929,0.08590477,1.099927,0.03192376,2,1
15.53426,2.490012,0.08602349,1.09986,0.03186982,2,1
15.53969,2.495439,0.08613094,1.0998,0.03182095,2,1
15.54513,2.500882,0.08624689,1.099735,0.03176816,2,1
15.55031,2.50606,0.08627253,1.099707,0.03157522,2,1
15.55551,2.511261,0.08638178,1.099643,0.03149724,2,1
15.5608,2.516552,0.08647306,1.09959,0.03143203,2,1
15.56634,2.522094,0.08657975,1.099528,0.03135575,2,1
15.57146,2.527216,0.08637355,1.099647,0.0310443,2,1
15.57693,2.532679,0.08648591,1.099801,0.03034036,2,1
15.58298,2.538729,0.08656766,1.099787,0.03015076,2,1
15.58803,2.54378,0.08664213,1.099775,0.029978,2,1
15.59325,2.549002,0.08672549,1.099761,0.02978458,2,1
15.59936,2.55511,0.08693435,1.099958,0.02849774,2,1
15.60383,2.559585,0.08701707,1.099974,0.02820534,2,1
15.60882,2.564572,0.08695698,1.100023,0.02792206,2,1
15.61447,2.570227,0.08704723,1.100049,0.02753105,2,1
15.62024,2.575989,0.08723402,1.100169,0.02676662,2,1
15.62562,2.581376,0.08742283,1.100331,0.02541663,2,1
15.63132,2.587074,0.08753601,1.100398,0.02479916,2,1
15.63594,2.591691,0.0874835,1.100627,0.02382279,2,1
15.64178,2.597529,0.08756014,1.100732,0.02311607,2,1
15.64756,2.603311,0.08753493,1.100999,0.02208012,2,1
15.65276,2.608511,0.08759049,1.101138,0.02130419,2,1
15.6582,2.613949,0.08758944,1.101493,0.02023429,2,1
15.66428,2.62003,0.08763722,1.101683,0.01935739,2,1
15.66975,2.625499,0.08754872,1.102133,0.0182467,2,1
15.67531,2.631064,0.08749083,1.102519,0.01675721,2,1
15.68116,2.636918,0.0873737,1.10271,0.01554912,2,1
15.6863,2.642058,0.08726555,1.102943,0.01436006,2,1
15.69283,2.648589,0.08721405,1.103195,0.0127268,2,1
15.70132,2.657073,0.08722221,1.103503,0.010636,2,1
15.7064,2.662158,0.08720557,1.103688,0.009565018,2,1
15.71194,2.667689,0.08717313,1.103786,0.007924847,2,1
15.71665,2.6724,0.08702186,1.103925,0.006407965,2,1
15.72205,2.677806,0.08697324,1.10408,0.005164489,2,1
15.72817,2.683921,0.08675712,1.104182,0.003340542,2,1
15.7338,2.689555,0.08658478,1.104336,0.00144558,2,1
15.73908,2.694832,0.0864913,1.104462,0.0001115985,2,1
15.74399,2.69975,0.08635251,1.104495,-0.001527891,2,1
15.74836,2.704115,0.08626112,1.104588,-0.002798483,2,1
15.75413,2.709883,0.08603653,1.104843,-0.005108275,2,1
15.76014,2.7159,0.0859067,1.104981,-0.006795581,2,1
15.76538,2.721134,0.08573133,1.105191,-0.008862492,2,1
15.77084,2.726599,0.08545512,1.10524,-0.01094259,2,1
15.77546,2.731211,0.08528872,1.105372,-0.01281273,2,1
15.78171,2.737464,0.08489229,1.105428,-0.01482697,2,1
15.78733,2.743087,0.08459362,1.105529,-0.01697067,2,1
15.79244,2.748198,0.0843762,1.105635,-0.01882946,2,1
15.79804,2.753795,0.08402009,1.105711,-0.02125555,2,1
15.80367,2.759431,0.08363745,1.105651,-0.02341543,2,1
15.80844,2.764196,0.08338662,1.10571,-0.02527429,2,1
15.81373,2.769487,0.08299977,1.105612,-0.02784295,2,1
15.81998,2.775732,0.08258136,1.105496,-0.03038978,2,1
15.82495,2.780705,0.08229218,1.105492,-0.03241912,2,1
15.83046,2.786219,0.08187073,1.105382,-0.03497603,2,1
15.83572,2.791479,0.08135857,1.105178,-0.03773927,2,1
15.84101,2.79677,0.08103494,1.105114,-0.03984588,2,1
15.84703,2.802785,0.08070434,1.105052,-0.04293529,2,1
15.85235,2.808108,0.08019335,1.104916,-0.04537044,2,1
15.85748,2.813232,0.07980587,1.104823,-0.04793871,2,1
15.86369,2.819442,0.07936403,1.10482,-0.05080069,2,1
15.86861,2.824367,0.07873396,1.104745,-0.05312144,2,1
15.87395,2.829712,0.07826835,1.104667,-0.05582234,2,1
15.88035,2.836108,0.07754314,1.104642,-0.05860649,2,1
15.8849,2.840662,0.0770172,1.104564,-0.06081501,2,1
15.89057,2.84633,0.07649174,1.104488,-0.06349385,2,1
15.8968,2.85256,0.07578962,1.10438,-0.06663463,2,1
15.90211,2.85787,0.07522798,1.10427,-0.06898066,2,1
15.90738,2.863142,0.07471026,1.104183,-0.07152232,2,1
15.91276,2.868521,0.07418446,1.104141,-0.074091,2,1
15.91718,2.872939,0.0737288,1.10407,-0.07640067,2,1
15.92247,2.878227,0.07328065,1.103998,-0.07873385,2,1
15.92851,2.884266,0.07264087,1.104046,-0.08130808,2,1
15.93318,2.888941,0.07207014,1.104071,-0.08364598,2,1
15.93824,2.893997,0.07163126,1.104042,-0.08574353,2,1
15.94457,2.900329,0.07111989,1.104256,-0.08869034,2,1
15.94914,2.904902,0.07072131,1.104275,-0.09076232,2,1
15.95403,2.909788,0.07025384,1.104295,-0.09326574,2,1
15.96017,2.915925,0.06977896,1.104312,-0.09589763,2,1
15.96488,2.920636,0.06920266,1.104617,-0.09785266,2,1
15.9703,2.926061,0.06874319,1.10468,-0.1003232,2,1
15.975,2.930759,0.06829202,1.104743,-0.102834,2,1
15.98117,2.936929,0.06830847,1.104757,-0.1014127,2,1
15.98609,2.94185,0.06794738,1.104808,-0.1032795,2,1
15.99097,2.946727,0.06751225,1.104768,-0.104622,2,1
15.99619,2.951946,0.0665461,1.104733,-0.1092951,2,1
16.00241,2.958169,0.06607923,1.104626,-0.1115407,2,1
16.0068,2.962559,0.06568679,1.104618,-0.1135046,2,1
16.01253,2.968285,0.06524603,1.104457,-0.1150225,2,1
16.01748,2.973235,0.06478873,1.104414,-0.1172274,2,1
16.02334,2.979101,0.06439645,1.104116,-0.1182291,2,1
16.02932,2.98508,0.06409901,1.104039,-0.1195625,2,1
16.0347,2.990462,0.06384039,1.104023,-0.1209162,2,1
16.03963,2.995394,0.06354969,1.103965,-0.1222899,2,1
16.04555,3.001304,0.06326326,1.103989,-0.123454,2,1
16.05067,3.006432,0.06296297,1.103945,-0.1248758,2,1
16.05501,3.010773,0.06269065,1.103904,-0.1262002,2,1
16.06123,3.016988,0.06230627,1.104012,-0.1272362,2,1
16.06606,3.021815,0.06203037,1.103993,-0.1284932,2,1
16.07039,3.026153,0.0617858,1.103975,-0.1296345,2,1
16.07685,3.032608,0.06138768,1.103982,-0.1286526,2,1
16.0821,3.037858,0.06111266,1.103968,-0.1295456,2,1
16.08705,3.042807,0.0603513,1.103913,-0.1308962,2,1
16.09176,3.047513,0.05998727,1.103891,-0.1318682,2,1
16.09764,3.053401,0.05949035,1.103944,-0.1326423,2,1
16.10286,3.058619,0.0591768,1.10394,-0.1328666,2,1
16.10791,3.063667,0.05879915,1.103932,-0.1336638,2,1
16.11329,3.069051,0.05844859,1.103867,-0.133786,2,1
16.11897,3.074726,0.05811494,1.103646,-0.1337994,2,1
16.12512,3.080876,0.05768971,1.103569,-0.1343952,2,1
16.13276,3.088517,0.05734194,1.103509,-0.1345377,2,1
16.13941,0.0066534,0.05707054,1.103527,-0.1346277,1,2
16.14532,0.0125621,0.05677223,1.103489,-0.1349425,1,2
16.15101,0.0182535,0.0565287,1.103626,-0.1349399,1,2
16.15618,0.0234181,0.05624051,1.103621,-0.135198,1,2
16.16116,0.0283997,0.05599926,1.103618,-0.1354157,1,2
16.16684,0.0340794,0.05609112,1.103587,-0.1345172,1,2
16.17194,0.0391752,0.05587692,1.10358,-0.1346125,1,2
16.17814,0.0453806,0.05558864,1.103571,-0.1347423,1,2
16.1834,0.0506431,0.05544786,1.103811,-0.1333952,1,2
16.18755,0.05479,0.05525985,1.103847,-0.1332719,1,2
16.19296,0.0601967,0.05499808,1.103897,-0.1331014,1,2
16.19819,0.0654291,0.05490164,1.10417,-0.1323014,1,2
16.20335,0.0705882,0.05484624,1.104376,-0.1316769,1,2
16.20878,0.0760175,0.05465876,1.104502,-0.131295,1,2
16.21502,0.0822539,0.05446607,1.104636,-0.1304848,1,2
16.22028,0.0875119,0.05430819,1.104743,-0.1300917,1,2
16.22779,0.0950278,0.05416939,1.104762,-0.1289493,1,2
16.23389,0.1011263,0.0540677,1.104855,-0.1278974,1,2
16.23956,0.1067973,0.05406006,1.105045,-0.1270717,1,2
16.24547,0.1127059,0.05405838,1.105192,-0.1261463,1,2
16.25053,0.1177681,0.05397358,1.105306,-0.1254708,1,2
16.2555,0.1227375,0.05401722,1.105327,-0.1244662,1,2
16.26142,0.1286546,0.05383716,1.105395,-0.1232895,1,2
16.26569,0.1329248,0.05376594,1.105468,-0.122603,1,2
16.27001,0.1372493,0.05367935,1.105443,-0.1216304,1,2
16.27421,0.1414468,0.05359841,1.105504,-0.1208221,1,2
16.28066,0.1479037,0.05344169,1.105589,-0.1194694,1,2
16.28626,0.1534963,0.05334729,1.105644,-0.1181529,1,2
16.29195,0.1591915,0.05324325,1.105712,-0.1170406,1,2
16.29699,0.1642292,0.05329005,1.105646,-0.1155589,1,2
16.30242,0.1696575,0.05331886,1.105586,-0.1142247,1,2
16.30765,0.174893,0.05327592,1.105597,-0.113047,1,2
16.31309,0.1803324,0.05334863,1.105482,-0.111322,1,2
16.31867,0.1859061,0.05333101,1.105412,-0.1098539,1,2
16.32329,0.190525,0.05331735,1.105382,-0.1086585,1,2
16.32944,0.1966777,0.05327425,1.105312,-0.1069239,1,2
16.338,0.2052382,0.05342737,1.105209,-0.1042932,1,2
16.34476,0.2120007,0.05345727,1.105143,-0.1025813,1,2
16.34954,0.2167762,0.05348288,1.105089,-0.101273,1,2
16.35501,0.2222514,0.05372599,1.105282,-0.09928878,1,2
16.36091,0.2281457,0.05379573,1.105255,-0.09772429,1,2
16.3664,0.2336435,0.05386908,1.105224,-0.09615718,1,2
16.37215,0.2393895,0.05382555,1.105247,-0.09610383,1,2
16.37814,0.2453747,0.053765,1.105143,-0.09375456,1,2
16.38289,0.2501289,0.05379941,1.105116,-0.09250142,1,2
16.38834,0.2555805,0.05398448,1.105089,-0.08823621,1,2
16.39446,0.2617016,0.05419133,1.105155,-0.08546446,1,2
16.39997,0.2672052,0.05429243,1.105143,-0.08351003,1,2
16.40562,0.2728584,0.05441491,1.105125,-0.08127312,1,2
16.41104,0.2782782,0.0544679,1.105352,-0.07954597,1,2
16.4166,0.2838391,0.05457359,1.105367,-0.07755432,1,2
16.4223,0.289541,0.05468812,1.10538,-0.07558875,1,2
16.42776,0.2949973,0.05481663,1.105388,-0.07351749,1,2
16.43298,0.3002141,0.05478919,1.105298,-0.07157397,1,2
16.43855,0.3057933,0.05489794,1.105286,-0.06970929,1,2
16.44468,0.3119133,0.0550424,1.105267,-0.06741036,1,2
16.45069,0.3179297,0.05519732,1.105353,-0.0681563,1,2
16.45672,0.3239602,0.05538627,1.105218,-0.06574522,1,2
16.4636,0.3308339,0.05571094,1.105111,-0.06062472,1,2
16.46931,0.3365452,0.05587519,1.104946,-0.05791602,1,2
16.47472,0.3419596,0.05607163,1.104869,-0.05528445,1,2
16.47996,0.3471934,0.05624373,1.104704,-0.05354673,1,2
16.48439,0.3516285,0.05640534,1.104627,-0.05161963,1,2
16.4887,0.3559337,0.05656961,1.104552,-0.04975215,1,2
16.49438,0.3616224,0.05675405,1.10446,-0.04770794,1,2
16.49975,0.3669847,0.05694437,1.104374,-0.04569978,1,2
16.50397,0.3712129,0.05711811,1.104298,-0.04394589,1,2
16.51012,0.3773631,0.05676057,1.104388,-0.04477675,1,2
16.51559,0.3828335,0.05684016,1.104188,-0.04028237,1,2
16.52115,0.3883852,0.05688475,1.104048,-0.03803182,1,2
16.52749,0.3947289,0.05701479,1.103983,-0.03565741,1,2
16.53254,0.3997782,0.0571348,1.10389,-0.03357732,1,2
16.53772,0.4049572,0.0573068,1.10388,-0.03158263,1,2
16.5443,0.4115373,0.05748068,1.103782,-0.02912555,1,2
16.54935,0.4165946,0.05764491,1.103757,-0.02734568,1,2
16.55441,0.4216517,0.05778817,1.10364,-0.02538131,1,2
16.56093,0.4281736,0.0578151,1.103618,-0.02317042,1,2
16.56593,0.4331753,0.05793619,1.103552,-0.02135444,1,2
16.57104,0.4382779,0.05783895,1.103519,-0.01955869,1,2
16.57713,0.4443673,0.05795937,1.103567,-0.01737559,1,2
16.58188,0.4491229,0.05804016,1.103539,-0.01582137,1,2
16.58692,0.4541639,0.05814384,1.103505,-0.01399259,1,2
16.59338,0.4606258,0.05800373,1.103569,-0.01202734,1,2
16.59838,0.4656238,0.0580469,1.103563,-0.01048961,1,2
16.60381,0.4710514,0.05810677,1.103556,-0.008628339,1,2
16.6096,0.4768457,0.05817833,1.103549,-0.006680943,1,2
16.61429,0.4815333,0.0582497,1.103542,-0.00494786,1,2
16.62026,0.4875056,0.0580809,1.103503,-0.005430143,1,2
16.62648,0.4937174,0.05822945,1.103473,-0.002290778,1,2
16.63096,0.4981973,0.05828484,1.10346,-0.0007815063,1,2
16.63592,0.503162,0.05836002,1.103442,0.001082696,1,2
16.64165,0.5088943,0.05844097,1.103425,0.002909675,1,2
16.6479,0.5151371,0.05884887,1.103426,0.004406661,1,2
16.65357,0.5208161,0.05882263,1.103228,0.00593061,1,2
16.66006,0.5272989,0.05893547,1.103164,0.007755291,1,2
16.6657,0.532939,0.05888069,1.102987,0.009082161,1,2
16.67079,0.5380347,0.05900605,1.102786,0.01015837,1,2
16.67641,0.5436523,0.05910875,1.102661,0.01180904,1,2
16.68276,0.5500052,0.0592161,1.102538,0.013412,1,2
16.68691,0.5541504,0.05929588,1.102451,0.01453613,1,2
16.69274,0.5599813,0.05950424,1.102424,0.01563186,1,2
16.69744,0.5646831,0.05962007,1.102331,0.01692386,1,2
16.70224,0.5694864,0.05972545,1.102249,0.01805332,1,2
16.70779,0.5750344,0.05948728,1.102082,0.0171043,1,2
16.71395,0.5811929,0.0595964,1.101948,0.01849968,1,2
16.71929,0.5865359,0.05967985,1.101849,0.01951262,1,2
16.72655,0.5937909,0.05968962,1.101372,0.02050655,1,2
16.73113,0.5983723,0.05976109,1.101248,0.02143176,1,2
16.73612,0.6033607,0.05992994,1.100335,0.02347085,1,2
16.7417,0.6089473,0.06003345,1.100049,0.02478184,1,2
16.7476,0.6148433,0.0600368,1.099603,0.02579839,1,2
16.75318,0.6204265,0.06000658,1.099225,0.02655957,1,2
16.76015,0.627395,0.06002012,1.098944,0.02727938,1,2
16.76451,0.6317512,0.06005694,1.0987,0.02804941,1,2
16.77014,0.637381,0.06015975,1.09859,0.02841795,1,2
16.77657,0.6438146,0.06017942,1.098477,0.02913899,1,2
16.78139,0.6486295,0.0602177,1.098312,0.02973061,1,2
16.78684,0.6540842,0.06018315,1.098283,0.03007103,1,2
16.79309,0.6603366,0.06010929,1.098192,0.03058971,1,2
16.79869,0.6659268,0.06011182,1.098063,0.03113847,1,2
16.80443,0.6716723,0.05995444,1.098004,0.03154416,1,2
16.81009,0.6773334,0.05992098,1.09788,0.03210372,1,2
16.81485,0.6820953,0.05986953,1.097925,0.03229459,1,2
16.82036,0.6876007,0.05983709,1.097845,0.03273004,1,2
16.82487,0.6921086,0.05980886,1.097773,0.03312114,1,2
16.83089,0.6981302,0.05984317,1.09781,0.03320406,1,2
16.83685,0.7040929,0.05979087,1.097854,0.03295673,1,2
16.84296,0.7102022,0.05976376,1.097806,0.03325973,1,2
16.84839,0.7156369,0.0595429,1.097621,0.03372295,1,2
16.85402,0.721261,0.05937156,1.097469,0.03399521,1,2
16.85975,0.726993,0.0593329,1.097417,0.03417411,1,2
16.86463,0.7318773,0.05926659,1.097346,0.03441774,1,2
16.86994,0.7371832,0.0592971,1.097368,0.03449787,1,2
16.87475,0.7419942,0.05924397,1.097307,0.03474246,1,2
16.88051,0.7477544,0.05924134,1.09731,0.03476846,1,2
16.88531,0.7525527,0.05920502,1.097269,0.03493923,1,2
16.8897,0.75694,0.05917193,1.097232,0.03509584,1,2
16.89594,0.7631851,0.05903037,1.097161,0.03517447,1,2
16.90144,0.768682,0.05897894,1.097116,0.03532852,1,2
16.90627,0.7735136,0.05892898,1.097072,0.03547878,1,2
16.91204,0.7792894,0.05884316,1.097047,0.03519737,1,2
16.91698,0.7842231,0.05878452,1.097001,0.03530891,1,2
16.92183,0.7890704,0.05873796,1.096965,0.03539773,1,2
16.92795,0.7951909,0.05850385,1.096903,0.03541718,1,2
16.93288,0.8001286,0.05842943,1.09686,0.03550586,1,2
16.93801,0.8052551,0.05847252,1.097151,0.03504461,1,2
16.94405,0.8112975,0.05840428,1.097139,0.03508285,1,2
16.94936,0.8166,0.05798488,1.097285,0.03489973,1,2
16.95397,0.8212129,0.05771963,1.097386,0.03467005,1,2
16.96035,0.8275964,0.05753185,1.097428,0.03460831,1,2
16.9657,0.8329445,0.05736955,1.09755,0.0343334,1,2
16.97071,0.8379477,0.05724192,1.09769,0.03412402,1,2
16.97677,0.8440107,0.05708688,1.097795,0.03390212,1,2
16.98252,0.8497611,0.0569354,1.097873,0.03375892,1,2
16.98855,0.8557912,0.05674544,1.09791,0.03354727,1,2
17.00033,0.8675737,0.05624601,1.097955,0.03320542,1,2
17.00549,0.8727286,0.05608441,1.097996,0.03307015,1,2
17.01126,0.8784972,0.05588938,1.098046,0.03290669,1,2
17.01667,0.88391,0.0556846,1.097994,0.03272025,1,2
17.02239,0.8896305,0.05593439,1.098009,0.03258529,1,2
17.02766,0.8949011,0.05578974,1.098094,0.03214598,1,2
17.03282,0.9000592,0.05566291,1.098136,0.031928,1,2
17.03804,0.9052811,0.05550131,1.098125,0.03160406,1,2
17.04442,0.9116676,0.05527467,1.09815,0.03133823,1,2
17.0494,0.9166483,0.05513315,1.098176,0.03111495,1,2
17.05435,0.921593,0.05504167,1.098337,0.03079553,1,2
17.06036,0.9276038,0.0549791,1.09855,0.03035144,1,2
17.06529,0.9325362,0.05487057,1.098637,0.03007637,1,2
17.07071,0.9379531,0.05486709,1.098961,0.02964431,1,2
17.07613,0.9433787,0.05476589,1.09912,0.0292827,1,2
17.08189,0.9491363,0.0547027,1.099415,0.02888015,1,2
17.08658,0.9538252,0.05462756,1.099567,0.02857959,1,2
17.09234,0.9595824,0.05453505,1.099755,0.02820831,1,2
17.09787,0.9651157,0.05441902,1.100071,0.0276673,1,2
17.10366,0.970911,0.05440734,1.100072,0.02752919,1,2
17.10941,0.9766527,0.05416037,1.100377,0.0266872,1,2
17.11449,0.9817331,0.05403418,1.100585,0.02620165,1,2
17.1199,0.9871423,0.05397012,1.100825,0.02566308,1,2
17.12476,0.9920024,0.05387032,1.101018,0.02521447,1,2
17.13106,0.9983053,0.05376855,1.101287,0.02458489,1,2
17.13632,1.003569,0.05365028,1.101378,0.02403722,1,2
17.14305,1.010293,0.05352929,1.101589,0.02345306,1,2
17.14849,1.015731,0.05337689,1.101615,0.0229997,1,2
17.15323,1.020478,0.05336891,1.101714,0.02244492,1,2
17.15925,1.026496,0.05327452,1.101859,0.02190831,1,2
17.1647,1.031942,0.0532563,1.102009,0.02133037,1,2
17.16974,1.036983,0.05324092,1.10215,0.02070999,1,2
17.17469,1.041941,0.05317608,1.102299,0.02012567,1,2
17.18101,1.048254,0.0532154,1.102337,0.01950444,1,2
17.18641,1.053657,0.05309873,1.102458,0.01885651,1,2
17.19306,1.06031,0.05302193,1.102616,0.01807123,1,2
17.1991,1.066345,0.05300135,1.102763,0.01724497,1,2
17.20481,1.072062,0.05293062,1.103013,0.01636964,1,2
17.21052,1.077767,0.05298103,1.103245,0.01545019,1,2
17.21498,1.082227,0.05295608,1.103404,0.01475697,1,2
17.2209,1.088146,0.05291207,1.103445,0.01392315,1,2
17.22718,1.094429,0.05287758,1.103608,0.01303516,1,2
17.23299,1.100235,0.05288937,1.103823,0.01195519,1,2
17.23898,1.106222,0.05281289,1.104046,0.0109144,1,2
17.24471,1.111952,0.05274641,1.104119,0.009883832,1,2
17.25,1.117248,0.05270974,1.104251,0.009044334,1,2
17.25491,1.122153,0.05264756,1.10436,0.007980645,1,2
17.26096,1.128207,0.05265874,1.104488,0.006764077,1,2
17.26656,1.133804,0.05271205,1.104642,0.005540159,1,2
17.27123,1.138477,0.05270739,1.104757,0.004655693,1,2
17.27697,1.144218,0.05275021,1.10485,0.003244914,1,2
17.28241,1.149651,0.05275757,1.104958,0.002249401,1,2
17.28796,1.155201,0.05275158,1.104907,0.0008541085,1,2
17.29349,1.160733,0.05270687,1.104833,-0.0006020926,1,2
17.29888,1.166127,0.05270097,1.104869,-0.001713369,1,2
17.30384,1.171088,0.05276149,1.104879,-0.00305552,1,2
17.30984,1.177082,0.05278306,1.104918,-0.004652701,1,2
17.31595,1.183197,0.05279989,1.10496,-0.006256752,1,2
17.32152,1.188765,0.05275371,1.105001,-0.007828519,1,2
17.32705,1.194295,0.05263484,1.10502,-0.009471126,1,2
17.33154,1.198784,0.05261206,1.105047,-0.0106729,1,2
17.33611,1.203352,0.05261861,1.105127,-0.01226553,1,2
17.34332,1.210559,0.0525954,1.10518,-0.01413507,1,2
17.34845,1.215695,0.05251587,1.105381,-0.01592602,1,2
17.3534,1.220639,0.05247316,1.105513,-0.01793546,1,2
17.35952,1.226767,0.05243847,1.105602,-0.01972008,1,2
17.36459,1.231836,0.05261134,1.105822,-0.02176494,1,2
17.36968,1.236919,0.05253306,1.105985,-0.02378841,1,2
17.37524,1.242486,0.05252137,1.10605,-0.02617255,1,2
17.38111,1.248355,0.05251251,1.106148,-0.02797963,1,2
17.38679,1.254029,0.05244282,1.106243,-0.0304853,1,2
17.39303,1.260267,0.05239369,1.106232,-0.03347293,1,2
17.3981,1.265337,0.05237455,1.106285,-0.03529482,1,2
17.40281,1.270056,0.05231844,1.106178,-0.03747834,1,2
17.40719,1.274433,0.05229783,1.106194,-0.03922945,1,2
17.41236,1.279603,0.05227659,1.106211,-0.04137964,1,2
17.41809,1.285325,0.05239187,1.106147,-0.04403,1,2
17.42435,1.291589,0.05240357,1.106144,-0.04646006,1,2
17.43014,1.297377,0.05244327,1.106102,-0.0464749,1,2
17.43574,1.302975,0.05255021,1.105831,-0.05103714,1,2
17.44183,1.309068,0.05259191,1.10575,-0.05367009,1,2
17.44716,1.3144,0.05249512,1.105517,-0.05628202,1,2
17.45239,1.319628,0.05251607,1.105441,-0.05871117,1,2
17.45825,1.325496,0.05254025,1.10531,-0.06180584,1,2
17.46433,1.33157,0.05244216,1.105293,-0.06435409,1,2
17.47018,1.337422,0.05234153,1.105095,-0.06692521,1,2
17.47543,1.342674,0.05232088,1.104975,-0.06971195,1,2
17.48174,1.348981,0.05230098,1.104819,-0.07219246,1,2
17.48803,1.355269,0.05241693,1.104712,-0.07493304,1,2
17.49363,1.36087,0.05252635,1.104559,-0.07757998,1,2
17.49952,1.366764,0.05257212,1.104442,-0.08001351,1,2
17.50458,1.371816,0.05262184,1.104332,-0.08233334,1,2
17.51064,1.377876,0.05276078,1.104118,-0.08490455,1,2
17.51628,1.383517,0.05284629,1.103965,-0.08772786,1,2
17.52192,1.389162,0.05313312,1.103852,-0.08988754,1,2
17.52789,1.395126,0.05332137,1.103651,-0.09238751,1,2
17.53345,1.400692,0.05361896,1.103612,-0.09501681,1,2
17.53842,1.405661,0.05377086,1.103516,-0.0969855,1,2
17.54431,1.411551,0.05394182,1.10357,-0.09939572,1,2
17.54938,1.41662,0.05411403,1.1035,-0.1015704,1,2
17.55406,1.421301,0.05434207,1.103355,-0.1037191,1,2
17.56084,1.428081,0.05459969,1.103269,-0.106152,1,2
17.56623,1.433472,0.05481319,1.103181,-0.108406,1,2
17.57121,1.438447,0.05497297,1.103044,-0.1101992,1,2
17.57744,1.444681,0.05526634,1.102818,-0.1126283,1,2
17.58308,1.450324,0.05547305,1.102699,-0.1145773,1,2
17.58806,1.455306,0.05577574,1.102474,-0.1161025,1,2
17.59413,1.461374,0.05608553,1.102285,-0.11857,1,2
17.60003,1.467272,0.05660508,1.102127,-0.1198519,1,2
17.60484,1.472079,0.05687824,1.10199,-0.1214838,1,2
17.61091,1.478154,0.05721353,1.101797,-0.1232157,1,2
17.61617,1.483406,0.05754413,1.101625,-0.1250759,1,2
17.62192,1.489159,0.05778433,1.10135,-0.1263255,1,2
17.62782,1.495064,0.05797054,1.101207,-0.1277796,1,2
17.63257,1.499813,0.05821014,1.10105,-0.1291667,1,2
17.6375,1.504742,0.0583797,1.101073,-0.130431,1,2
17.64392,1.511163,0.05856569,1.100991,-0.1318306,1,2
17.6577,1.524936,0.05908511,1.100749,-0.1352722,1,2
17.66753,0.0098366,0.05921401,1.100528,-0.1364315,2,3
17.67582,0.0181236,0.0595019,1.100327,-0.1382599,2,3
17.68083,0.023134,0.05958907,1.100079,-0.1385307,2,3
17.68507,0.0273769,0.05978914,1.100102,-0.1388616,2,3
17.68972,0.0320234,0.05994811,1.1,-0.1396116,2,3
17.69526,0.0375671,0.06015181,1.099792,-0.1400546,2,3
17.70164,0.0439494,0.06033983,1.099643,-0.1404828,2,3
17.70661,0.0489126,0.06051103,1.099516,-0.1410933,2,3
17.71273,0.0550318,0.06068897,1.099317,-0.1413642,2,3
17.71791,0.0602197,0.06078213,1.099118,-0.1414765,2,3
17.72392,0.0662235,0.06094097,1.098955,-0.1419204,2,3
17.73094,0.07324021,0.0610779,1.098757,-0.1419323,2,3
17.7367,0.079005,0.06130465,1.098604,-0.1418885,2,3
17.74383,0.0861301,0.06160868,1.09845,-0.1417606,2,3
17.74951,0.09181601,0.06180216,1.098299,-0.1418913,2,3
17.75517,0.09747081,0.06200965,1.098137,-0.1420306,2,3
17.76097,0.1032684,0.06237554,1.098029,-0.1415762,2,3
17.76509,0.1073945,0.0625418,1.097923,-0.1415928,2,3
17.77061,0.1129099,0.06250302,1.098048,-0.1407496,2,3
17.77711,0.1194165,0.0629008,1.097962,-0.1398644,2,3
17.78169,0.1239947,0.06307049,1.097893,-0.1396422,2,3
17.78692,0.1292226,0.06341211,1.098024,-0.1388887,2,3
17.79305,0.1353552,0.06381774,1.098231,-0.1379979,2,3
17.79814,0.1404466,0.06405055,1.098252,-0.1375739,2,3
17.80325,0.1455578,0.06432437,1.098454,-0.136686,2,3
17.80942,0.1517249,0.06464795,1.098614,-0.1356799,2,3
17.81404,0.1563454,0.06490932,1.098696,-0.1350416,2,3
17.81973,0.1620387,0.06511293,1.098795,-0.1340243,2,3
17.82578,0.1680836,0.06540406,1.098896,-0.1331769,2,3
17.83069,0.1729934,0.06556513,1.098923,-0.1320577,2,3
17.83576,0.1780717,0.06581727,1.099003,-0.1311843,2,3
17.84112,0.183426,0.06604108,1.099073,-0.1304095,2,3
17.84693,0.1892347,0.0663096,1.099156,-0.1294805,2,3
17.85188,0.1941924,0.06662545,1.099504,-0.1280649,2,3
17.85669,0.1989982,0.06687976,1.099615,-0.1271454,2,3
17.86213,0.204436,0.06712375,1.099721,-0.1262648,2,3
17.86755,0.209863,0.06713849,1.099704,-0.1259356,2,3
17.87252,0.2148317,0.06735663,1.099794,-0.1251245,2,3
17.87853,0.2208387,0.06736964,1.099836,-0.1232356,2,3
17.88497,0.2272832,0.06823926,1.10034,-0.1188684,2,3
17.88953,0.2318402,0.06856161,1.100506,-0.1173109,2,3
17.89541,0.2377177,0.06910191,1.100929,-0.1146364,2,3
17.90182,0.2441284,0.06955101,1.10116,-0.1125766,2,3
17.90676,0.249066,0.06992391,1.101367,-0.1108242,2,3
17.91338,0.2556862,0.07038794,1.101563,-0.1084163,2,3
17.91923,0.2615414,0.07077637,1.101647,-0.106611,2,3
17.92561,0.2679208,0.07120666,1.101832,-0.1041682,2,3
17.93115,0.2734611,0.07159788,1.101996,-0.1022476,2,3
17.93639,0.2786986,0.07216901,1.102224,-0.09997761,2,3
17.94356,0.2858682,0.07270061,1.102434,-0.09758157,2,3
17.94969,0.2919955,0.07323997,1.102675,-0.09513675,2,3
17.95458,0.2968911,0.07369176,1.102696,-0.0928424,2,3
17.96223,0.3045358,0.07422442,1.102801,-0.08988196,2,3
17.96729,0.3095984,0.07465634,1.10286,-0.08753316,2,3
17.97317,0.3154802,0.07519855,1.102977,-0.08491941,2,3
17.9794,0.3217094,0.07562269,1.10309,-0.08237235,2,3
17.98546,0.3277669,0.07613239,1.103194,-0.07988264,2,3
17.9913,0.3336109,0.07659641,1.103576,-0.07730473,2,3
17.99635,0.3386595,0.07686175,1.103846,-0.07492015,2,3
18.00193,0.3442385,0.0772621,1.104006,-0.07278688,2,3
18.00682,0.349131,0.07766449,1.10416,-0.07069954,2,3
18.01247,0.3547757,0.07813842,1.104334,-0.06830864,2,3
18.01822,0.3605313,0.07829738,1.104433,-0.0655105,2,3
18.02396,0.3662707,0.07872323,1.104583,-0.06319758,2,3
18.03036,0.3726613,0.07814351,1.104332,-0.06489443,2,3
18.03641,0.3787158,0.07903115,1.104588,-0.05810678,2,3
18.04318,0.3854833,0.07953805,1.104599,-0.05454759,2,3
18.04894,0.3912499,0.08002271,1.104696,-0.05135983,2,3
18.05467,0.3969762,0.08018139,1.104719,-0.04877052,2,3
18.0607,0.4030049,0.08034948,1.104781,-0.04651234,2,3
18.06665,0.4089569,0.0807246,1.104851,-0.04360625,2,3
18.07246,0.4147671,0.08077376,1.105015,-0.04135263,2,3
18.07823,0.4205349,0.0808963,1.105101,-0.03877534,2,3
18.08488,0.4271896,0.08117712,1.105194,-0.03600786,2,3
18.08996,0.432269,0.08127754,1.105376,-0.03400139,2,3
18.09613,0.4384374,0.08137779,1.105587,-0.03138883,2,3
18.10222,0.4445241,0.08148208,1.105678,-0.02924591,2,3
18.10699,0.4492925,0.08164057,1.105775,-0.02723533,2,3
18.11263,0.4549369,0.08184642,1.10582,-0.025078,2,3
18.1179,0.4602084,0.08205644,1.105917,-0.02270025,2,3
18.1235,0.4658068,0.08223843,1.10594,-0.02083697,2,3
18.12907,0.4713765,0.08244676,1.106008,-0.01890397,2,3
18.13424,0.4765472,0.08258238,1.10603,-0.01689529,2,3
18.13942,0.4817232,0.08274774,1.10608,-0.01512037,2,3
18.14503,0.487332,0.08295432,1.106137,-0.01300592,2,3
18.15022,0.4925303,0.0830153,1.106194,-0.01127779,2,3
18.15561,0.4979142,0.08318578,1.106248,-0.00948469,2,3
18.16212,0.5044213,0.08338753,1.106306,-0.007339045,2,3
18.1677,0.5100026,0.0832036,1.106285,-0.005783759,2,3
18.17285,0.5151528,0.083302,1.106323,-0.004029527,2,3
18.17944,0.5217498,0.08343942,1.106331,-0.001718257,2,3
18.18537,0.52768,0.08361052,1.106372,-0.0002617575,2,3
18.19046,0.5327643,0.08373287,1.106406,0.001394775,2,3
18.19722,0.5395265,0.08397976,1.106504,0.003276888,2,3
18.2028,0.5451055,0.08407691,1.106492,0.004503641,2,3
18.20924,0.5515465,0.08430745,1.106457,0.006153598,2,3
18.2144,0.5567091,0.08446545,1.106469,0.007630624,2,3
18.22065,0.562956,0.08475183,1.106438,0.008953944,2,3
18.22728,0.5695871,0.08505236,1.106521,0.01039237,2,3
18.23252,0.5748249,0.08525747,1.106543,0.01171007,2,3
18.23832,0.5806255,0.08531725,1.106549,0.01294244,2,3
18.24492,0.5872277,0.08532076,1.106495,0.01409163,2,3
18.24991,0.5922217,0.08544078,1.106494,0.01519077,2,3
18.25555,0.5978579,0.08559623,1.106494,0.0165683,2,3
18.26171,0.6040223,0.08534833,1.106355,0.01741134,2,3
18.26665,0.6089582,0.08541752,1.106333,0.01846197,2,3
18.27151,0.6138154,0.0852422,1.106328,0.01780264,2,3
18.2765,0.6188086,0.08528195,1.106305,0.0187151,2,3
18.28116,0.6234617,0.08531435,1.106288,0.0194102,2,3
18.28732,0.629622,0.08546174,1.106295,0.02160634,2,3
18.29292,0.6352277,0.08546174,1.106229,0.02128585,2,3
18.29817,0.6404765,0.08551516,1.106202,0.022206,2,3
18.30406,0.6463637,0.08545303,1.105828,0.02389492,2,3
18.30972,0.6520193,0.08548448,1.105716,0.02500132,2,3
18.31496,0.6572674,0.08563236,1.105619,0.02574605,2,3
18.32074,0.6630419,0.08561329,1.105598,0.02626684,2,3
18.32594,0.6682383,0.08565354,1.105513,0.02713042,2,3
18.33361,0.6759139,0.08573908,1.105494,0.02789527,2,3
18.33817,0.6804734,0.0857773,1.10544,0.02850371,2,3
18.34393,0.6862305,0.0858358,1.105633,0.02872071,2,3
18.34871,0.6910131,0.08588206,1.105614,0.02931826,2,3
18.35324,0.6955452,0.08593135,1.105592,0.02993331,2,3
18.35953,0.7018329,0.08568773,1.105602,0.02939528,2,3
18.36418,0.7064866,0.0857007,1.105587,0.02983799,2,3
18.36835,0.7106606,0.08571321,1.105572,0.03023433,2,3
18.37286,0.71517,0.08559205,1.105219,0.03123233,2,3
18.37797,0.7202787,0.08555161,1.105145,0.03091014,2,3
18.38282,0.7251282,0.08554351,1.105086,0.03128128,2,3
18.39017,0.732472,0.08543247,1.104903,0.03228409,2,3
18.39545,0.7377596,0.08530814,1.104722,0.03276886,2,3
18.40127,0.7435745,0.08529887,1.104715,0.03299501,2,3
18.40646,0.7487655,0.08526112,1.104634,0.03342948,2,3
18.41252,0.754827,0.08530568,1.104627,0.03355106,2,3
18.41778,0.7600864,0.08528616,1.104557,0.03394341,2,3
18.42466,0.7669669,0.08538847,1.10466,0.03409854,2,3
18.43052,0.7728242,0.08552819,1.104778,0.03417203,2,3
18.43619,0.7784939,0.08552986,1.104837,0.03428435,2,3
18.44254,0.7848491,0.08555853,1.104853,0.034517,2,3
18.44755,0.7898542,0.08547661,1.104882,0.03460512,2,3
18.45266,0.7949693,0.085425,1.104967,0.03495659,2,3
18.45857,0.8008776,0.08542725,1.104958,0.03489707,2,3
18.46449,0.8067895,0.08551247,1.105079,0.03485676,2,3
18.47038,0.812689,0.08559981,1.105205,0.03481311,2,3
18.47598,0.8182824,0.08563347,1.105277,0.03490845,2,3
18.4817,0.824002,0.08563846,1.105341,0.03485696,2,3
18.4873,0.8296034,0.08556125,1.105344,0.03485177,2,3
18.49312,0.8354195,0.08548909,1.105313,0.0348681,2,3
18.49861,0.8409082,0.08547312,1.105339,0.03490014,2,3
18.50378,0.846085,0.08542095,1.105295,0.03487043,2,3
18.5089,0.8512013,0.08539113,1.105296,0.03479441,2,3
18.51394,0.8562396,0.08536377,1.105305,0.03478899,2,3
18.5196,0.8619006,0.08537284,1.105314,0.03472125,2,3
18.52471,0.867011,0.08535457,1.105322,0.03470135,2,3
18.53009,0.8723943,0.08534607,1.105292,0.03462825,2,3
18.53544,0.8777429,0.08529875,1.105219,0.03453859,2,3
18.54026,0.8825666,0.08527946,1.105206,0.03450176,2,3
18.54596,0.8882657,0.0852437,1.105117,0.03439796,2,3
18.55159,0.8938945,0.08521666,1.105083,0.03433824,2,3
18.55742,0.8997195,0.08528882,1.10505,0.03415371,2,3
18.56417,0.9064755,0.08544136,1.105087,0.03390935,2,3
18.56925,0.9115534,0.08554424,1.105149,0.03368217,2,3
18.57452,0.9168246,0.0855961,1.105152,0.03352208,2,3
18.58093,0.923231,0.08558396,1.105164,0.03327147,2,3
18.58585,0.9281517,0.0855023,1.105108,0.03310227,2,3
18.59075,0.9330583,0.08550795,1.105098,0.03294882,2,3
18.59636,0.9386667,0.08535164,1.105218,0.03255277,2,3
18.60202,0.9443219,0.08531566,1.105327,0.0322502,2,3
18.60685,0.9491577,0.08528742,1.105363,0.03203561,2,3
18.61158,0.9538826,0.08526004,1.105399,0.0318279,2,3
18.6167,0.9590071,0.08522668,1.105442,0.03157533,2,3
18.62227,0.9645727,0.08529857,1.105673,0.03108222,2,3
18.6287,0.9710032,0.08528451,1.105771,0.03075353,2,3
18.63381,0.9761137,0.0851836,1.105947,0.02984688,2,3
18.63936,0.9816675,0.08514927,1.10604,0.02943457,2,3
18.64556,0.9878622,0.08510216,1.106069,0.02877223,2,3
18.65077,0.9930785,0.08506735,1.106025,0.02836213,2,3
18.6559,0.998208,0.08502748,1.106076,0.02786506,2,3
18.66217,1.004479,0.08509044,1.106116,0.02717691,2,3
18.6672,1.009506,0.08508894,1.106124,0.02661528,2,3
18.67138,1.013683,0.08508087,1.106153,0.02620297,2,3
18.67658,1.018891,0.08500323,1.106072,0.02562602,2,3
18.68187,1.024176,0.08497957,1.106079,0.02514991,2,3
18.68721,1.02952,0.08495292,1.106087,0.02460778,2,3
18.6929,1.035203,0.08492579,1.106095,0.02404975,2,3
18.69783,1.040132,0.08487543,1.10603,0.02299643,2,3
18.70414,1.046441,0.08494937,1.106027,0.02258369,2,3
18.71007,1.052371,0.08489877,1.105915,0.02100033,2,3
18.71477,1.057071,0.08487704,1.105886,0.02021091,2,3
18.72062,1.062922,0.08484473,1.105842,0.01911552,2,3
18.72609,1.068397,0.08480619,1.105783,0.01807123,2,3
18.73093,1.073232,0.08478233,1.105749,0.01726255,2,3
18.73637,1.078669,0.084614,1.105595,0.01610526,2,3
18.74216,1.084459,0.08461976,1.105527,0.01499499,2,3
18.74763,1.089933,0.08457848,1.105462,0.01398598,2,3
18.75317,1.095471,0.08464535,1.105487,0.01256144,2,3
18.75986,1.102158,0.08463045,1.105441,0.01134526,2,3
18.76477,1.107069,0.08461937,1.105404,0.01034167,2,3
18.77001,1.11231,0.08460955,1.105486,0.008855399,2,3
18.77591,1.118213,0.08459847,1.105467,0.00748422,2,3
18.78148,1.123782,0.08454387,1.105545,0.007252388,2,3
18.78643,1.128729,0.08443893,1.105659,0.004485365,2,3
18.79263,1.134927,0.0843992,1.105688,0.002795599,2,3
18.79797,1.140269,0.08416399,1.105728,0.0006594546,2,3
18.80312,1.145419,0.08410858,1.105847,-0.0007603206,2,3
18.80877,1.151073,0.08403288,1.105904,-0.002541915,2,3
18.81426,1.156562,0.08395883,1.106157,-0.004440963,2,3
18.8199,1.162204,0.08384372,1.106155,-0.006090946,2,3
18.8264,1.168696,0.08375353,1.106245,-0.00811613,2,3
18.83234,1.174645,0.08359129,1.106381,-0.0101873,2,3
18.83755,1.179852,0.08347649,1.106596,-0.0121325,2,3
18.84355,1.18585,0.08330234,1.106669,-0.01400457,2,3
18.84844,1.190741,0.08320526,1.106764,-0.01561334,2,3
18.85359,1.195889,0.08321612,1.10703,-0.01769346,2,3
18.85982,1.202123,0.08313756,1.107182,-0.01963402,2,3
18.86428,1.206584,0.08301954,1.107359,-0.02139433,2,3
18.86963,1.211936,0.08293858,1.107515,-0.02326816,2,3
18.87469,1.216993,0.08283867,1.10758,-0.02557582,2,3
18.8804,1.222703,0.08280332,1.107443,-0.02749058,2,3
18.88525,1.227551,0.08274356,1.107518,-0.02925701,2,3
18.88999,1.232293,0.08268848,1.107593,-0.03101268,2,3
18.89487,1.23718,0.08263251,1.107678,-0.03295615,2,3
18.90113,1.243439,0.08260961,1.107625,-0.03371446,2,3
18.90626,1.248566,0.08256211,1.107687,-0.0353796,2,3
18.91167,1.253973,0.08244078,1.107968,-0.03968489,2,3
18.91664,1.258941,0.08231216,1.108047,-0.04231618,2,3
18.9221,1.264407,0.08224864,1.108145,-0.04451931,2,3
18.92739,1.26969,0.08201277,1.108525,-0.04686718,2,3
18.93305,1.275353,0.08190115,1.108728,-0.04961202,2,3
18.9382,1.280506,0.08164483,1.109278,-0.05154765,2,3
18.94355,1.285858,0.08147532,1.109926,-0.05377088,2,3
18.9486,1.290905,0.08135092,1.110273,-0.05601517,2,3
18.95419,1.296495,0.08112577,1.11103,-0.05857286,2,3
18.95968,1.301983,0.08084151,1.111649,-0.06078814,2,3
18.9675,1.309806,0.08059958,1.112357,-0.06419709,2,3
18.97193,1.314238,0.0804715,1.112766,-0.0661773,2,3
18.97803,1.320331,0.08018969,1.113537,-0.06891763,2,3
18.98452,1.326829,0.07997777,1.114235,-0.07146028,2,3
18.98986,1.332165,0.07968867,1.114783,-0.0736199,2,3
18.99616,1.338465,0.07974777,1.11549,-0.07639588,2,3
19.00226,1.344564,0.07967622,1.116095,-0.07868364,2,3
19.00887,1.351176,0.07956748,1.11674,-0.08142632,2,3
19.0144,1.356705,0.07942361,1.11725,-0.08373305,2,3
19.01983,1.362132,0.07930065,1.117823,-0.08561796,2,3
19.02557,1.367877,0.07920372,1.11839,-0.08796708,2,3
19.03065,1.372949,0.07895024,1.118838,-0.08981876,2,3
19.03572,1.378019,0.07880089,1.119304,-0.09181556,2,3
19.04214,1.384441,0.07867249,1.119843,-0.09411623,2,3
19.04733,1.389629,0.07849513,1.120307,-0.09594484,2,3
19.05246,1.394759,0.07837478,1.120815,-0.09775734,2,3
19.05857,1.400868,0.07812797,1.1214,-0.1001113,2,3
19.06353,1.405834,0.07802238,1.121758,-0.1016029,2,3
19.06873,1.411031,0.07772626,1.122155,-0.1032233,2,3
19.07363,1.415935,0.07755434,1.122607,-0.105138,2,3
19.07962,1.421919,0.07714067,1.12295,-0.1068057,2,3
19.08527,1.427571,0.07675534,1.123349,-0.1084852,2,3
19.09057,1.432869,0.0765072,1.123744,-0.1102414,2,3
19.0961,1.438398,0.07622566,1.124047,-0.1119533,2,3
19.10231,1.444615,0.07582825,1.124463,-0.1135612,2,3
19.10861,1.450909,0.07551161,1.124885,-0.1155129,2,3
19.11357,1.455872,0.07503034,1.125217,-0.1169235,2,3
19.11927,1.461571,0.07459764,1.125381,-0.1180241,2,3
19.1243,1.466602,0.07427476,1.125673,-0.119477,2,3
19.13038,1.472686,0.07382678,1.125941,-0.1207076,2,3
19.1355,1.477803,0.07334418,1.126229,-0.1219101,2,3
19.14193,1.484233,0.07294001,1.126534,-0.1233924,2,3
19.14758,1.489877,0.0724662,1.126705,-0.1244577,2,3
19.15312,1.495422,0.07196766,1.126858,-0.1255888,2,3
19.15929,1.501591,0.07145371,1.127126,-0.1266555,2,3
19.16478,1.507083,0.07103069,1.127359,-0.1278287,2,3
19.17052,1.512818,0.07055768,1.12752,-0.1287043,2,3
19.17647,1.518774,0.07000557,1.127676,-0.1296194,2,3
19.18334,1.525637,0.06949072,1.127901,-0.1308063,2,3
19.18927,0.0059351,0.06915393,1.128117,-0.1315976,4,4
19.19454,0.0112008,0.06874143,1.128314,-0.1325689,4,4
19.19986,0.0165199,0.06838582,1.128485,-0.1334178,4,4
19.20526,0.0219229,0.06799544,1.128743,-0.1338794,4,4
19.21049,0.027156,0.0680515,1.128736,-0.1333767,4,4
19.21555,0.032211,0.06771727,1.12891,-0.1340481,4,4
19.22059,0.037255,0.06715412,1.12926,-0.1349466,4,4
19.22673,0.043393,0.0667122,1.129506,-0.135786,4,4
19.23224,0.0489038,0.06632049,1.129726,-0.136539,4,4
19.23715,0.0538144,0.06595112,1.129926,-0.1363125,4,4
19.24364,0.0603027,0.06556353,1.130231,-0.136589,4,4
19.24812,0.0647784,0.06525917,1.13042,-0.1369782,4,4
19.25291,0.0695663,0.06494405,1.13063,-0.1371244,4,4
19.25829,0.0749447,0.06451142,1.130903,-0.1376097,4,4
19.26489,0.0815504,0.06416208,1.131073,-0.1376414,4,4
19.27097,0.08763091,0.06376377,1.131313,-0.1380105,4,4
19.27858,0.09524041,0.0633543,1.131554,-0.1379667,4,4
19.28394,0.1005954,0.06350572,1.131482,-0.1374454,4,4
19.28937,0.1060271,0.06324142,1.131644,-0.137568,4,4
19.29448,0.1111347,0.06281889,1.132109,-0.1373504,4,4
19.29943,0.1160897,0.06256869,1.132303,-0.1373865,4,4
19.30376,0.120413,0.06233031,1.132489,-0.1374217,4,4
19.30937,0.1260292,0.06220077,1.132696,-0.1369134,4,4
19.31427,0.1309232,0.06193675,1.132921,-0.1368559,4,4
19.31975,0.1364069,0.06198094,1.132842,-0.136169,4,4
19.32567,0.1423252,0.06173719,1.133042,-0.1360023,4,4
19.33057,0.1472233,0.06129866,1.133553,-0.135028,4,4
19.33593,0.152586,0.06104083,1.133811,-0.1341628,4,4
19.34235,0.1590031,0.06087416,1.134132,-0.133433,4,4
19.34729,0.1639442,0.06066219,1.134373,-0.1329666,4,4
19.35251,0.1691666,0.0604301,1.134636,-0.1324578,4,4
19.35856,0.1752191,0.06018267,1.134925,-0.1314899,4,4
19.36425,0.1809027,0.06010571,1.135066,-0.1306385,4,4
19.3694,0.1860555,0.05997973,1.134904,-0.129388,4,4
19.375,0.1916583,0.05977452,1.135066,-0.1285023,4,4
19.38051,0.197162,0.05959096,1.135255,-0.1273185,4,4
19.38576,0.2024143,0.05941044,1.135407,-0.1264603,4,4
19.39062,0.2072763,0.05923292,1.135535,-0.1253051,4,4
19.39643,0.213084,0.05893496,1.135686,-0.1239949,4,4
19.40219,0.2188442,0.05851072,1.135759,-0.1227143,4,4
19.40743,0.2240821,0.05824875,1.13589,-0.1216325,4,4
19.41292,0.2295714,0.0578614,1.135749,-0.1200926,4,4
19.4186,0.2352568,0.05754469,1.135662,-0.1183603,4,4
19.42372,0.2403724,0.05729627,1.135687,-0.1172482,4,4
19.42912,0.2457696,0.05713054,1.135605,-0.1155388,4,4
19.43439,0.2510448,0.05705996,1.135539,-0.113773,4,4
19.43988,0.2565367,0.05686285,1.135521,-0.1123751,4,4
19.44565,0.262301,0.0567483,1.135466,-0.1104945,4,4
19.45112,0.267776,0.0566131,1.135403,-0.1086103,4,4
19.45716,0.2738163,0.05639926,1.135348,-0.1065321,4,4
19.46333,0.2799853,0.05617652,1.135208,-0.104689,4,4
19.46863,0.2852841,0.0559946,1.135003,-0.1028475,4,4
19.47411,0.2907629,0.05579855,1.134883,-0.100925,4,4
19.48044,0.2970991,0.0556117,1.134669,-0.09864204,4,4
19.48595,0.3026021,0.05557472,1.134533,-0.09660442,4,4
19.49246,0.3091176,0.05541399,1.134364,-0.09437829,4,4
19.49746,0.3141192,0.05547399,1.134351,-0.09247938,4,4
19.50317,0.3198223,0.05524273,1.134192,-0.0901462,4,4
19.50929,0.3259472,0.0551054,1.134038,-0.08788048,4,4
19.51491,0.3315625,0.05498293,1.134021,-0.0855491,4,4
19.52064,0.3372923,0.05475544,1.133907,-0.08346733,4,4
19.52636,0.343017,0.05449693,1.133655,-0.08112828,4,4
19.53147,0.3481298,0.05434116,1.133505,-0.07912271,4,4
19.53705,0.3537082,0.05434848,1.133322,-0.07680943,4,4
19.54221,0.3588683,0.05439989,1.133188,-0.07486574,4,4
19.54687,0.3635241,0.05433941,1.133047,-0.07304843,4,4
19.5519,0.3685616,0.05441404,1.132858,-0.07087512,4,4
19.55745,0.3741028,0.05438286,1.132642,-0.06829292,4,4
19.56397,0.3806308,0.05445092,1.132319,-0.06585817,4,4
19.56993,0.3865856,0.05451474,1.132086,-0.06340879,4,4
19.57587,0.3925243,0.05454691,1.131812,-0.06074621,4,4
19.58145,0.3981063,0.05468229,1.131824,-0.05869433,4,4
19.58696,0.4036139,0.05498105,1.131639,-0.05654374,4,4
19.59202,0.4086728,0.05509548,1.131458,-0.05447749,4,4
19.59719,0.4138393,0.05525408,1.131413,-0.05208714,4,4
19.6025,0.4191555,0.05525189,1.131378,-0.05010324,4,4
19.60809,0.4247483,0.05536788,1.131238,-0.04783233,4,4
19.61885,0.4355015,0.05521612,1.131233,-0.04362942,4,4
19.62326,0.4399174,0.05525295,1.131173,-0.04206243,4,4
19.62802,0.444676,0.0553039,1.1311,-0.04019707,4,4
19.63256,0.4492149,0.05535997,1.131027,-0.03840943,4,4
19.63748,0.4541319,0.05543361,1.131019,-0.0365417,4,4
19.64424,0.4608957,0.0555766,1.131022,-0.03644742,4,4
19.64952,0.4661777,0.05565394,1.130963,-0.03477462,4,4
19.65527,0.4719291,0.05588769,1.130771,-0.03045046,4,4
19.66128,0.4779355,0.05612737,1.130615,-0.02824081,4,4
19.66577,0.482424,0.0562572,1.130525,-0.02639733,4,4
19.67071,0.4873623,0.05639249,1.130208,-0.02472568,4,4
19.67693,0.4935891,0.05672924,1.130067,-0.02256166,4,4
19.68231,0.4989659,0.05691132,1.129931,-0.02074485,4,4
19.68777,0.5044236,0.05713625,1.129886,-0.01905435,4,4
19.69371,0.5103634,0.0574753,1.129852,-0.01721485,4,4
19.6994,0.5160564,0.05770716,1.129755,-0.01545523,4,4
19.7046,0.5212519,0.05773584,1.129438,-0.01386342,4,4
19.7109,0.5275593,0.05784151,1.129296,-0.01204612,4,4
19.71623,0.5328878,0.05803031,1.129148,-0.01022206,4,4
19.7219,0.5385602,0.05819622,1.12909,-0.008862775,4,4
19.72782,0.5444703,0.05846811,1.128896,-0.007208545,4,4
19.73235,0.5490086,0.05864226,1.128779,-0.005838927,4,4
19.73864,0.5552957,0.05887149,1.128648,-0.004022554,4,4
19.74468,0.5613383,0.05897198,1.128539,-0.002554815,4,4
19.75277,0.5694297,0.059081,1.128376,-0.0005158782,4,4
19.75772,0.574377,0.05923876,1.12825,0.001042657,4,4
19.76394,0.5805969,0.05926599,1.128161,0.002376456,4,4
19.77023,0.5868891,0.05935977,1.128067,0.003871504,4,4
19.77625,0.5929062,0.05957836,1.128,0.005202148,4,4
19.78209,0.5987508,0.05971777,1.127912,0.006512608,4,4
19.78785,0.6045066,0.05989367,1.127898,0.007697456,4,4
19.79394,0.6105964,0.06009405,1.127886,0.009062752,4,4
19.79956,0.6162131,0.06024222,1.127837,0.01021887,4,4
19.8049,0.6215532,0.06042693,1.12778,0.01118454,4,4
19.81059,0.6272447,0.06063999,1.127648,0.01228395,4,4
19.815,0.6316551,0.06080369,1.127582,0.01332879,4,4
19.81986,0.6365189,0.06101682,1.127675,0.01396771,4,4
19.82537,0.642023,0.06118617,1.127743,0.01478451,4,4
19.83071,0.6473634,0.06137316,1.127736,0.01576696,4,4
19.83646,0.6531143,0.06159177,1.127929,0.01662765,4,4
19.84308,0.6597391,0.06170225,1.128004,0.01733887,4,4
19.84814,0.6647946,0.06185881,1.128049,0.01813121,4,4
19.85386,0.6705126,0.06182345,1.128047,0.01888232,4,4
19.86062,0.6772778,0.06195964,1.128087,0.01979226,4,4
19.86675,0.6834025,0.06202902,1.127881,0.02062881,4,4
19.8721,0.6887528,0.06213524,1.127869,0.02138481,4,4
19.8785,0.6951554,0.06211192,1.127975,0.0211462,4,4
19.8848,0.7014518,0.06227944,1.128075,0.02208885,4,4
19.88954,0.70619,0.06237127,1.128102,0.02267789,4,4
19.89496,0.7116173,0.06238857,1.12817,0.02309855,4,4
19.90023,0.7168885,0.0622833,1.128094,0.02353239,4,4
19.90519,0.721848,0.06231604,1.128102,0.02405724,4,4
19.91094,0.7275922,0.0623816,1.12805,0.02446012,4,4
19.91572,0.7323762,0.06242512,1.128044,0.02497895,4,4
19.92137,0.7380203,0.06256966,1.128046,0.02527438,4,4
19.92714,0.7437984,0.06273819,1.12807,0.02565722,4,4
19.93217,0.7488273,0.06282491,1.128072,0.02607966,4,4
19.93768,0.7543299,0.06292656,1.128026,0.02650848,4,4
19.94403,0.7606866,0.06302632,1.128017,0.0269723,4,4
19.94927,0.7659215,0.06311564,1.127928,0.02726793,4,4
19.95492,0.7715693,0.0632258,1.127899,0.02774539,4,4
19.96137,0.7780269,0.06332201,1.127831,0.02782157,4,4
19.96651,0.7831661,0.06341462,1.127804,0.02814368,4,4
19.97174,0.7883969,0.06357798,1.127913,0.02830035,4,4
19.97713,0.7937821,0.06370029,1.127915,0.0286258,4,4
19.9828,0.7994516,0.06389243,1.128062,0.02877363,4,4
19.98857,0.80523,0.06395175,1.128121,0.02893233,4,4
19.99402,0.8106778,0.06399159,1.128166,0.02909056,4,4
19.99947,0.8161299,0.06407477,1.128199,0.02928593,4,4
20.00455,0.821202,0.06416323,1.128234,0.02949297,4,4
20.01005,0.8267065,0.06415913,1.128406,0.02936081,4,4
20.01519,0.8318486,0.06423927,1.128477,0.02951407,4,4
20.02126,0.8379186,0.06439096,1.128733,0.02947348,4,4
20.02726,0.8439178,0.06456723,1.128836,0.02955272,4,4
20.03215,0.8488035,0.06466509,1.128929,0.02963589,4,4
20.03687,0.8535321,0.06472493,1.128989,0.0296764,4,4
20.04321,0.8598645,0.06472308,1.129088,0.02966313,4,4
20.04837,0.8650278,0.06479039,1.129176,0.02971577,4,4
20.05321,0.8698629,0.06484369,1.129245,0.02964704,4,4
20.05914,0.8757976,0.06491286,1.129336,0.02967503,4,4
20.06458,0.8812343,0.06493909,1.129366,0.0295373,4,4
20.06943,0.8860905,0.06493576,1.129273,0.02943289,4,4
20.07476,0.8914198,0.06498885,1.129317,0.02939721,4,4
20.08071,0.8973721,0.06494989,1.129225,0.02924989,4,4
20.08494,0.9015962,0.06497196,1.129234,0.02920629,4,4
20.09035,0.9070106,0.06500109,1.129245,0.02914863,4,4
20.09629,0.9129491,0.06496455,1.12909,0.02895515,4,4
20.10107,0.9177247,0.06497794,1.129077,0.0288942,4,4
20.10647,0.923124,0.06492797,1.128912,0.02868301,4,4
20.11175,0.9284055,0.06493557,1.128875,0.02858924,4,4
20.11673,0.9333881,0.06494337,1.128838,0.02849209,4,4
20.12197,0.9386293,0.06497554,1.128685,0.02788296,4,4
20.12778,0.9444371,0.06492665,1.128732,0.02761569,4,4
20.1322,0.9488595,0.06492859,1.128699,0.0274597,4,4
20.13775,0.9544033,0.06474084,1.128551,0.02676808,4,4
20.14421,0.9608597,0.06453549,1.128478,0.02622226,4,4
20.14973,0.9663839,0.0644552,1.128413,0.02586583,4,4
20.15507,0.9717286,0.06436383,1.128382,0.02529983,4,4
20.16143,0.9780871,0.06425373,1.128407,0.02467859,4,4
20.1669,0.9835526,0.06420744,1.128487,0.02397921,4,4
20.17301,0.9896657,0.06411285,1.128481,0.0233347,4,4
20.17949,0.9961414,0.06400936,1.128466,0.02255449,4,4
20.18464,1.001299,0.06376106,1.128372,0.02192534,4,4
20.18933,1.005982,0.0636563,1.128347,0.02142625,4,4
20.19473,1.011384,0.06342006,1.128256,0.02059727,4,4
20.20111,1.017765,0.06325806,1.128358,0.0194165,4,4
20.20667,1.02333,0.06310745,1.128353,0.01863021,4,4
20.21294,1.029594,0.06298675,1.128509,0.01727955,4,4
20.21847,1.035124,0.06282655,1.1285,0.01613578,4,4
20.22392,1.040572,0.06269705,1.128519,0.01525971,4,4
20.22966,1.046317,0.06250091,1.128403,0.01412897,4,4
20.23487,1.051532,0.06236164,1.128422,0.01280054,4,4
20.24004,1.056701,0.06223954,1.128421,0.01190046,4,4
20.24589,1.062547,0.06206247,1.128623,0.01026901,4,4
20.25121,1.067863,0.06181291,1.128763,0.008752041,4,4
20.25631,1.072967,0.06163575,1.128834,0.007444508,4,4
20.26662,1.08328,0.06113492,1.128948,0.004676577,4,4
20.27094,1.087602,0.06097309,1.129,0.003588356,4,4
20.27747,1.094128,0.06070808,1.129217,0.001078263,4,4
20.28357,1.100232,0.0605003,1.129314,-0.0005346909,4,4
20.28975,1.106411,0.06019779,1.129415,-0.002645049,4,4
20.29602,1.112682,0.05994251,1.129528,-0.004659459,4,4
20.30232,1.118974,0.05953026,1.129594,-0.006783038,4,4
20.30834,1.125,0.05927922,1.129686,-0.008640867,4,4
20.31346,1.130121,0.05923447,1.129717,-0.008951575,4,4
20.31917,1.135827,0.05891372,1.129756,-0.01256616,4,4
20.32416,1.140815,0.05870496,1.129815,-0.01444578,4,4
20.32896,1.145617,0.05862275,1.129927,-0.01684596,4,4
20.33395,1.150613,0.05837544,1.129861,-0.01891676,4,4
20.33928,1.155939,0.05819561,1.129891,-0.0208362,4,4
20.34502,1.161682,0.05793413,1.129956,-0.02318785,4,4
20.34995,1.166605,0.05775309,1.129989,-0.02512645,4,4
20.35519,1.171847,0.05770103,1.130268,-0.02773027,4,4
20.36153,1.178191,0.05758836,1.130423,-0.03016792,4,4
20.36672,1.183384,0.05747152,1.130407,-0.03247207,4,4
20.37224,1.188904,0.05734325,1.130473,-0.03475105,4,4
20.37807,1.194729,0.05726159,1.130333,-0.037525,4,4
20.38402,1.200683,0.05716515,1.130342,-0.03981918,4,4
20.38959,1.20625,0.05717936,1.130147,-0.04218207,4,4
20.3953,1.211962,0.05725905,1.12993,-0.04485714,4,4
20.40068,1.217343,0.05737786,1.129724,-0.04704008,4,4
20.40575,1.222411,0.05739584,1.129614,-0.04924726,4,4
20.41146,1.228122,0.05765283,1.129139,-0.05156863,4,4
20.41639,1.233046,0.05787866,1.128817,-0.05389294,4,4
20.42171,1.238365,0.05799215,1.12861,-0.05592895,4,4
20.42729,1.243953,0.05813405,1.128242,-0.05842035,4,4
20.43271,1.249372,0.05827706,1.127978,-0.06075,4,4
20.43859,1.255254,0.05854383,1.127576,-0.06354082,4,4
20.44509,1.261746,0.05891682,1.127292,-0.0661929,4,4
20.45089,1.267549,0.05924673,1.126994,-0.0687459,4,4
20.45653,1.273187,0.05953386,1.12668,-0.07142327,4,4
20.46301,1.279675,0.06007321,1.126347,-0.07385615,4,4
20.46826,1.284917,0.06057489,1.126037,-0.07598159,4,4
20.47316,1.289824,0.06095092,1.125746,-0.0782738,4,4
20.47959,1.296255,0.06155784,1.125365,-0.08058684,4,4
20.48466,1.30132,0.06210457,1.124953,-0.08254707,4,4
20.48963,1.306291,0.06254148,1.124638,-0.08460186,4,4
20.49478,1.311438,0.06319734,1.124146,-0.08663306,4,4
20.49969,1.316348,0.06362366,1.123837,-0.0884016,4,4
20.50476,1.321423,0.06431524,1.123469,-0.09015909,4,4
20.51046,1.327117,0.06495326,1.123105,-0.09208199,4,4
20.51533,1.331986,0.06553053,1.122738,-0.09408447,4,4
20.52034,1.336998,0.0661319,1.122272,-0.09548965,4,4
20.52632,1.342984,0.06686074,1.121716,-0.09738842,4,4
20.53121,1.347875,0.06741781,1.121334,-0.09906149,4,4
20.53605,1.352705,0.06819797,1.120927,-0.1005996,4,4
20.54235,1.35901,0.06893162,1.120462,-0.102573,4,4
20.54726,1.36392,0.06965958,1.119998,-0.1039228,4,4
20.55205,1.368711,0.07031654,1.119523,-0.1051742,4,4
20.55731,1.373965,0.07110639,1.119011,-0.107027,4,4
20.56326,1.379917,0.07181854,1.118526,-0.1082948,4,4
20.56861,1.385274,0.07267242,1.118102,-0.1095512,4,4
20.57529,1.39195,0.07368064,1.117494,-0.1115651,4,4
20.58056,1.397216,0.07450353,1.117184,-0.1124324,4,4
20.58582,1.402475,0.07527822,1.11676,-0.113811,4,4
20.59234,1.409001,0.07644697,1.116312,-0.1150592,4,4
20.59773,1.414393,0.07709615,1.115982,-0.1160734,4,4
20.60357,1.420227,0.0778852,1.115587,-0.1173196,4,4
20.61001,1.426664,0.07873289,1.115564,-0.1180594,4,4
20.61521,1.431872,0.07953591,1.115252,-0.1192026,4,4
20.62166,1.438317,0.08013105,1.114896,-0.1199333,4,4
20.6278,1.444456,0.08065299,1.114719,-0.1206109,4,4
20.63308,1.449736,0.08133787,1.114444,-0.1215472,4,4
20.63879,1.455444,0.0816564,1.114447,-0.1219448,4,4
20.64461,1.461265,0.08229392,1.114223,-0.122806,4,4
20.65042,1.467077,0.08281974,1.114154,-0.1228258,4,4
20.65549,1.472148,0.08340854,1.113977,-0.1234607,4,4
20.66169,1.47835,0.08400915,1.113798,-0.1241079,4,4
20.66777,1.484434,0.08454664,1.113593,-0.124196,4,4
20.67527,1.491934,0.08516257,1.113602,-0.1238659,4,4
20.68155,0.0062707,0.08571274,1.113478,-0.1241554,3,5
20.68666,0.0113809,0.08615581,1.11329,-0.1238884,3,5
20.69243,0.0171561,0.08656821,1.113186,-0.1236654,3,5
20.6975,0.022222,0.08703939,1.113061,-0.1237125,3,5
20.70334,0.0280633,0.08729278,1.113119,-0.1233883,3,5
20.71008,0.0347996,0.08761512,1.113119,-0.1229522,3,5
20.71486,0.0395866,0.08798134,1.113065,-0.1228155,3,5
20.72076,0.0454841,0.08819169,1.112806,-0.1221407,3,5
20.72694,0.0516612,0.0883965,1.112616,-0.1214215,3,5
20.73151,0.0562317,0.08864143,1.112514,-0.1211138,3,5
20.73631,0.0610319,0.08884673,1.112393,-0.1203248,3,5
20.74261,0.0673281,0.08913977,1.112262,-0.1198251,3,5
20.74784,0.0725638,0.08934032,1.112161,-0.1188903,3,5
20.75203,0.0767533,0.08954277,1.112069,-0.1184509,3,5
20.75796,0.0826844,0.0897894,1.111965,-0.1173913,3,5
20.76384,0.0885628,0.09013722,1.111656,-0.1162551,3,5
20.76975,0.0944752,0.09043245,1.111489,-0.1154426,3,5
20.77752,0.1022442,0.09086319,1.111144,-0.113505,3,5
20.78425,0.1089684,0.09118449,1.110945,-0.1124683,3,5
20.79032,0.1150396,0.09135253,1.1109,-0.1110954,3,5
20.7962,0.1209252,0.09150398,1.110885,-0.1096099,3,5
20.80219,0.126915,0.09168041,1.110744,-0.1082417,3,5
20.80614,0.1308597,0.09183343,1.11066,-0.1074248,3,5
20.81075,0.1354676,0.09201434,1.11056,-0.1064652,3,5
20.81513,0.1398527,0.09220667,1.110455,-0.1054525,3,5
20.82078,0.1455047,0.09233937,1.110397,-0.1040247,3,5
20.82665,0.1513744,0.09216434,1.110514,-0.1036483,3,5
20.83199,0.1567155,0.0923039,1.110444,-0.1026204,3,5
20.83711,0.1618323,0.09254287,1.110483,-0.09987448,3,5
20.84288,0.1676056,0.09271015,1.110437,-0.09845629,3,5
20.84829,0.1730126,0.09304931,1.110468,-0.09658885,3,5
20.85316,0.177879,0.09322476,1.110445,-0.09494232,3,5
20.85867,0.183396,0.09341763,1.110415,-0.09346303,3,5
20.86352,0.1882403,0.09340899,1.110327,-0.09200422,3,5
20.86897,0.1936942,0.09357306,1.110281,-0.09044796,3,5
20.87441,0.1991375,0.09375691,1.110229,-0.08874202,3,5
20.88018,0.204904,0.09371742,1.110013,-0.08703052,3,5
20.8849,0.2096266,0.09384042,1.109945,-0.08564113,3,5
20.88919,0.2139191,0.09395644,1.109881,-0.08435982,3,5
20.89557,0.2202956,0.0942065,1.109583,-0.08192135,3,5
20.90131,0.2260356,0.09446229,1.109317,-0.07978319,3,5
20.90577,0.2304961,0.09463692,1.109177,-0.07813327,3,5
20.91462,0.2393448,0.09507039,1.108957,-0.07487725,3,5
20.91928,0.2440008,0.09524874,1.108834,-0.07338897,3,5
20.92549,0.2502145,0.09549706,1.108636,-0.07130877,3,5
20.93095,0.2556727,0.09573662,1.108464,-0.06938083,3,5
20.93668,0.2614067,0.09569573,1.108473,-0.06909654,3,5
20.943,0.2677208,0.09610118,1.108354,-0.06541773,3,5
20.94863,0.2733563,0.0963592,1.108217,-0.06321442,3,5
20.95424,0.2789659,0.09655124,1.108093,-0.06063256,3,5
20.96094,0.2856661,0.09666293,1.107935,-0.05829689,3,5
20.96664,0.2913639,0.09684788,1.107746,-0.05616119,3,5
20.97203,0.2967526,0.09704434,1.107599,-0.05408061,3,5
20.97758,0.3023042,0.09726845,1.107433,-0.05180034,3,5
20.98242,0.3071477,0.09744379,1.107305,-0.05007848,3,5
20.98779,0.3125216,0.09766309,1.107147,-0.04799412,3,5
20.99404,0.3187689,0.09789312,1.106874,-0.04549041,3,5
20.99923,0.3239582,0.09809092,1.106721,-0.04367618,3,5
21.00455,0.3292762,0.09801144,1.106778,-0.0456689,3,5
21.01057,0.3353018,0.09889156,1.106202,-0.04017068,3,5
21.01544,0.3401644,0.09924493,1.105951,-0.03766464,3,5
21.02016,0.3448861,0.09953539,1.105745,-0.0356524,3,5
21.02622,0.3509519,0.09995041,1.105261,-0.03251604,3,5
21.03112,0.3558523,0.100288,1.104988,-0.03022885,3,5
21.03639,0.3611152,0.100388,1.105029,-0.0311998,3,5
21.04238,0.367104,0.1011814,1.104666,-0.02754048,3,5
21.04745,0.3721763,0.1016109,1.104403,-0.02525014,3,5
21.05303,0.3777631,0.1021969,1.104134,-0.02266285,3,5
21.05911,0.3838389,0.102644,1.103977,-0.02078643,3,5
21.06369,0.3884223,0.1030474,1.103772,-0.01888207,3,5
21.06919,0.3939238,0.1035064,1.103692,-0.01713884,3,5
21.07481,0.3995401,0.1040556,1.103457,-0.01472723,3,5
21.08053,0.405263,0.1045114,1.103468,-0.01315588,3,5
21.08629,0.4110192,0.1050231,1.103481,-0.01131111,3,5
21.09257,0.4173037,0.1055976,1.103447,-0.00931729,3,5
21.09789,0.4226216,0.1061325,1.103352,-0.007309124,3,5
21.10353,0.4282621,0.1066115,1.10327,-0.005548198,3,5
21.10962,0.4343545,0.1067816,1.103133,-0.003878426,3,5
21.11499,0.4397244,0.1072566,1.103022,-0.001906611,3,5
21.12043,0.4451599,0.1074103,1.102795,-0.0004700348,3,5
21.12642,0.4511572,0.1076738,1.102738,0.001122013,3,5
21.13154,0.4562691,0.1080051,1.102637,0.002708059,3,5
21.13615,0.4608876,0.1080894,1.102478,0.004016794,3,5
21.14253,0.4672647,0.1081564,1.102377,0.005460151,3,5
21.14777,0.4725034,0.1083781,1.102273,0.006921209,3,5
21.15269,0.4774255,0.1083665,1.102169,0.00805125,3,5
21.15849,0.4832199,0.1085804,1.102046,0.009755984,3,5
21.16446,0.4891948,0.1086055,1.101847,0.01101117,3,5
21.16933,0.4940627,0.1086771,1.101662,0.01215803,3,5
21.17634,0.501072,0.1089292,1.101444,0.01386862,3,5
21.1811,0.5058367,0.1090532,1.101332,0.01492394,3,5
21.18578,0.5105122,0.1091923,1.101214,0.01607976,3,5
21.19249,0.5172267,0.1094981,1.100999,0.01736653,3,5
21.1969,0.5216308,0.1097588,1.100843,0.01819333,3,5
21.20261,0.527341,0.1098867,1.100633,0.01911608,3,5
21.20838,0.5331099,0.1100947,1.100454,0.02036388,3,5
21.21324,0.5379719,0.1102457,1.100278,0.02115314,3,5
21.21963,0.5443581,0.1104049,1.10025,0.02201005,3,5
21.2254,0.5501325,0.1105942,1.100113,0.02307581,3,5
21.23036,0.5550924,0.1107029,1.100128,0.02365269,3,5
21.23554,0.5602715,0.110883,1.100024,0.02464106,3,5
21.24235,0.5670814,0.1110526,1.100236,0.0250069,3,5
21.24717,0.5719029,0.1111962,1.100211,0.02569044,3,5
21.25248,0.5772129,0.1113581,1.100184,0.02645336,3,5
21.25834,0.5830806,0.1113585,1.10021,0.02712723,3,5
21.26389,0.5886218,0.1114809,1.100197,0.02781515,3,5
21.26906,0.5937987,0.1114268,1.100235,0.02748704,3,5
21.27472,0.5994588,0.1115441,1.100227,0.02814578,3,5
21.28093,0.6056691,0.1118239,1.1002,0.02914443,3,5
21.28634,0.6110778,0.1120314,1.100249,0.02971025,3,5
21.29152,0.6162525,0.1121833,1.100254,0.03032629,3,5
21.29631,0.6210411,0.112338,1.10026,0.03094869,3,5
21.30219,0.6269256,0.1125009,1.100293,0.03124987,3,5
21.3076,0.6323351,0.1126615,1.100304,0.03182743,3,5
21.31312,0.6378511,0.1125681,1.100191,0.03185611,3,5
21.31878,0.6435115,0.1126385,1.100154,0.03207389,3,5
21.32367,0.6484004,0.1127326,1.100138,0.03244899,3,5
21.32842,0.6531561,0.1127903,1.100153,0.03262045,3,5
21.33277,0.6575047,0.1128679,1.100145,0.03291715,3,5
21.33725,0.6619876,0.1129583,1.100136,0.0332606,3,5
21.34285,0.6675829,0.1130487,1.100127,0.03360196,3,5
21.34713,0.6718605,0.1131268,1.100119,0.03389482,3,5
21.35207,0.676809,0.1132162,1.10011,0.03422819,3,5
21.35662,0.68136,0.1133151,1.100101,0.03459461,3,5
21.36187,0.6866064,0.1133955,1.100094,0.03489053,3,5
21.36663,0.6913606,0.1133895,1.100145,0.03487662,3,5
21.37106,0.6957938,0.1132391,1.100003,0.03442013,3,5
21.37558,0.7003107,0.1133024,1.099988,0.03466443,3,5
21.38077,0.7055046,0.1133601,1.099973,0.03488608,3,5
21.38538,0.7101172,0.1134187,1.099959,0.03510971,3,5
21.38993,0.7146688,0.1134272,1.099994,0.03491254,3,5
21.39471,0.7194442,0.1133063,1.100123,0.03454561,3,5
21.39947,0.724201,0.11334,1.100125,0.03466945,3,5
21.40403,0.728762,0.1133769,1.100128,0.03480428,3,5
21.40985,0.7345835,0.1134231,1.100131,0.03497265,3,5
21.41386,0.7385919,0.113459,1.100134,0.03510246,3,5
21.41978,0.7445162,0.1132084,1.10035,0.03482886,3,5
21.42691,0.7516498,0.1131533,1.100519,0.03474313,3,5
21.43309,0.7578219,0.1131368,1.100598,0.03479309,3,5
21.44076,0.7654971,0.1130667,1.100679,0.03462005,3,5
21.44747,0.7722041,0.1129817,1.100686,0.03444044,3,5
21.45364,0.7783722,0.1128766,1.100658,0.03425746,3,5
21.46084,0.7855719,0.1128399,1.100758,0.03401585,3,5
21.46697,0.7917042,0.1127906,1.100808,0.03389394,3,5
21.47298,0.797715,0.112798,1.10091,0.03357094,3,5
21.47955,0.8042875,0.1128575,1.101012,0.0332851,3,5
21.48505,0.8097887,0.1128464,1.101077,0.03310542,3,5
21.49165,0.816384,0.1128566,1.101295,0.03267733,3,5
21.49636,0.8211008,0.1128051,1.1013,0.03242436,3,5
21.50184,0.8265815,0.1126923,1.101361,0.03210834,3,5
21.50712,0.8318616,0.1126514,1.101432,0.03185321,3,5
21.51283,0.8375725,0.112679,1.101613,0.03147747,3,5
21.51805,0.8427895,0.1126997,1.101804,0.03106038,3,5
21.52311,0.8478488,0.1126879,1.101906,0.03079047,3,5
21.52928,0.8540161,0.1126472,1.102044,0.03025826,3,5
21.53484,0.8595802,0.1125879,1.102154,0.02973026,3,5
21.54086,0.8655976,0.1125589,1.102268,0.02934165,3,5
21.54714,0.8718818,0.1125334,1.102336,0.02880617,3,5
21.55237,0.8771041,0.1124493,1.102406,0.02834026,3,5
21.56157,0.8863131,0.1123706,1.102606,0.02746208,3,5
21.56651,0.8912435,0.1123362,1.102688,0.02709353,3,5
21.57084,0.8955728,0.1123024,1.102769,0.02673133,3,5
21.577,0.9017365,0.1123481,1.102998,0.0258557,3,5
21.58251,0.9072498,0.1123253,1.103108,0.02538447,3,5
21.58854,0.9132793,0.1124178,1.103105,0.02504928,3,5
21.59459,0.9193228,0.1124812,1.103301,0.02360479,3,5
21.60036,0.9250959,0.1124903,1.103412,0.02296577,3,5
21.60599,0.9307262,0.112501,1.103537,0.02223701,3,5
21.61178,0.9365171,0.1124204,1.103592,0.0209586,3,5
21.61654,0.9412804,0.1124179,1.103697,0.02018294,3,5
21.62258,0.9473152,0.1124421,1.103784,0.01930957,3,5
21.62856,0.9532947,0.1124701,1.103956,0.01816684,3,5
21.63344,0.9581784,0.1123426,1.104028,0.01704976,3,5
21.63947,0.9642117,0.1123139,1.104136,0.01607111,3,5
21.64491,0.9696456,0.1121695,1.104218,0.01502981,3,5
21.65,0.974738,0.1121159,1.104312,0.01408877,3,5
21.65563,0.9803692,0.1119688,1.104501,0.01272097,3,5
21.66111,0.9858468,0.1118664,1.104711,0.01140511,3,5
21.66641,0.9911439,0.111787,1.104848,0.01030062,3,5
21.67152,0.9962623,0.1115483,1.104957,0.009004321,3,5
21.67669,1.001425,0.1114262,1.105099,0.007759109,3,5
21.68207,1.006812,0.111271,1.105104,0.00648516,3,5
21.68715,1.011885,0.1111523,1.105211,0.005316686,3,5
21.69316,1.017895,0.1105705,1.105347,0.003303926,3,5
21.69901,1.023747,0.1103563,1.105459,0.001973681,3,5
21.70376,1.0285,0.1101623,1.105562,0.0007626489,3,5
21.70942,1.034157,0.1099407,1.105682,-0.0006277747,3,5
21.71548,1.040223,0.1096817,1.105824,-0.002262432,3,5
21.72099,1.045731,0.109315,1.105773,-0.003816899,3,5
21.72732,1.052063,0.1092831,1.106077,-0.003536824,3,5
21.73169,1.056427,0.1091154,1.106172,-0.004481781,3,5
21.7364,1.061141,0.1080818,1.106622,-0.009159748,3,5
21.7429,1.067634,0.107404,1.106681,-0.0119286,3,5
21.74802,1.07276,0.1069737,1.106832,-0.01394731,3,5
21.7529,1.077638,0.1065821,1.106845,-0.01569145,3,5
21.75862,1.083361,0.1060587,1.10689,-0.01782606,3,5
21.76452,1.08926,0.1056146,1.106994,-0.01984084,3,5
21.76968,1.094422,0.1051988,1.107161,-0.02165437,3,5
21.77586,1.100594,0.104654,1.107196,-0.02416303,3,5
21.78152,1.106253,0.1042526,1.107288,-0.02601693,3,5
21.78638,1.11112,0.1037611,1.107275,-0.02787344,3,5
21.79273,1.117466,0.1032355,1.107372,-0.03022905,3,5
21.79877,1.12351,0.1027572,1.107428,-0.03274061,3,5
21.80512,1.129861,0.1024576,1.10766,-0.03523684,3,5
21.81102,1.135752,0.1020411,1.107854,-0.03766804,3,5
21.8164,1.141136,0.1016925,1.108133,-0.04023933,3,5
21.82187,1.146601,0.101363,1.108292,-0.04224607,3,5
21.82701,1.151746,0.1009034,1.108637,-0.04453709,3,5
21.83113,1.155863,0.1006119,1.108807,-0.04625317,3,5
21.83676,1.161497,0.1001868,1.109066,-0.04880873,3,5
21.8432,1.167933,0.09963086,1.109439,-0.05161159,3,5
21.84772,1.172455,0.09930266,1.109648,-0.05353242,3,5
21.85277,1.177503,0.09898365,1.109959,-0.05585811,3,5
21.85848,1.183218,0.09855158,1.110272,-0.05858199,3,5
21.86394,1.188677,0.09830245,1.110576,-0.06080626,3,5
21.8691,1.193832,0.0979132,1.110852,-0.06322885,3,5
21.87506,1.199796,0.09749757,1.111182,-0.0660798,3,5
21.88068,1.205418,0.09705316,1.111495,-0.06850237,3,5
21.88539,1.210127,0.09674255,1.11174,-0.07059706,3,5
21.89138,1.216116,0.09635495,1.11205,-0.07329037,3,5
21.89653,1.221268,0.09599134,1.112348,-0.07590496,3,5
21.90328,1.228021,0.09600116,1.112091,-0.07599982,3,5
21.90907,1.23381,0.09569435,1.112298,-0.0781901,3,5
21.91425,1.238984,0.09505467,1.112626,-0.08321212,3,5
21.91943,1.244162,0.09474815,1.11282,-0.08558401,3,5
21.92491,1.249641,0.09441219,1.113036,-0.08826274,3,5
21.93047,1.255201,0.09397715,1.113166,-0.0912043,3,5
21.93614,1.260878,0.09403613,1.112873,-0.09063962,3,5
21.94175,1.26649,0.09354419,1.112851,-0.09454286,3,5
21.94664,1.271381,0.09323969,1.112926,-0.09696388,3,5
21.95164,1.276372,0.09293614,1.112841,-0.09927621,3,5
21.95633,1.281067,0.09260697,1.112881,-0.1019527,3,5
21.96242,1.287156,0.09244426,1.112791,-0.1038945,3,5
21.96775,1.292483,0.09221157,1.11269,-0.1058399,3,5
21.97219,1.296932,0.09199481,1.112673,-0.1077639,3,5
21.97811,1.302847,0.09170365,1.112615,-0.1102476,3,5
21.98437,1.309105,0.09144049,1.112581,-0.1126695,3,5
21.98939,1.31413,0.09118593,1.112297,-0.1142531,3,5
21.99535,1.320088,0.09096734,1.112274,-0.1167539,3,5
22.00151,1.326246,0.0906352,1.112148,-0.1187644,3,5
22.00724,1.331981,0.09035793,1.112059,-0.1211423,3,5
22.01296,1.337693,0.09006327,1.112004,-0.1231987,3,5
22.01859,1.343328,0.08975363,1.111913,-0.1249359,3,5
22.02361,1.348343,0.08951335,1.111843,-0.1267982,3,5
22.0288,1.353535,0.08925708,1.111707,-0.1285262,3,5
22.03431,1.359048,0.08906586,1.111617,-0.1304346,3,5
22.04006,1.364794,0.08883619,1.111529,-0.1323626,3,5
22.0455,1.370237,0.08873574,1.111584,-0.1338393,3,5
22.05043,1.375168,0.08854434,1.111635,-0.1352541,3,5
22.05708,1.381814,0.08828817,1.111601,-0.1375926,3,5
22.06382,1.388558,0.08805072,1.111749,-0.1393137,3,5
22.07019,0.0063653,0.08780665,1.111851,-0.1410328,3,6
22.07571,0.0118884,0.08757845,1.112007,-0.1426532,3,6
22.08195,0.0181231,0.08738178,1.112072,-0.1443101,3,6
22.08729,0.0234707,0.08712365,1.112112,-0.1454563,3,6
22.09266,0.0288401,0.08701904,1.112203,-0.1465996,3,6
22.09743,0.0336024,0.08685623,1.112263,-0.1479369,3,6
22.10283,0.0390024,0.08671986,1.112388,-0.1488647,3,6
22.10928,0.0454587,0.08665647,1.112651,-0.1501024,3,6
22.11404,0.05021941,0.0865377,1.112765,-0.1512756,3,6
22.11951,0.05568741,0.08642434,1.112875,-0.152449,3,6
22.12604,0.0622124,0.0861996,1.113063,-0.1529473,3,6
22.13069,0.0668681,0.08608628,1.113169,-0.1538083,3,6
22.13569,0.0718678,0.08596338,1.113099,-0.1542486,3,6
22.1419,0.0780772,0.08583014,1.113178,-0.15517,3,6
22.14855,0.0847287,0.08552077,1.113192,-0.1555501,3,6
22.15506,0.0912376,0.08532161,1.113091,-0.1557963,3,6
22.16126,0.09743801,0.08519243,1.113095,-0.155921,3,6
22.16671,0.1028828,0.08504525,1.113111,-0.1563916,3,6
22.17161,0.1077886,0.08492332,1.113063,-0.156277,3,6
22.17727,0.113444,0.08476074,1.112977,-0.1561117,3,6
22.1822,0.1183772,0.08463909,1.112961,-0.1562931,3,6
22.18737,0.1235454,0.08447364,1.112863,-0.1558253,3,6
22.19327,0.1294418,0.08429854,1.11282,-0.1558969,3,6
22.19798,0.1341542,0.08417885,1.112791,-0.1559464,3,6
22.20658,0.1427535,0.08423656,1.112597,-0.1545921,3,6
22.21235,0.1485199,0.08431669,1.112383,-0.1537228,3,6
22.2179,0.1540748,0.08429137,1.112302,-0.1528353,3,6
22.22407,0.1602448,0.08423989,1.112211,-0.1523287,3,6
22.22941,0.1655875,0.08437373,1.112201,-0.1512749,3,6
22.23437,0.1705403,0.08448923,1.112068,-0.1501638,3,6
22.24055,0.1767265,0.08451354,1.111975,-0.1493643,3,6
22.24605,0.182221,0.08467423,1.111788,-0.1480078,3,6
22.2505,0.1866715,0.08488305,1.111732,-0.1468548,3,6
22.25491,0.1910827,0.08497037,1.111642,-0.1459585,3,6
22.26105,0.1972304,0.08506816,1.111694,-0.1445728,3,6
22.26673,0.2029007,0.08521604,1.111509,-0.1429793,3,6
22.27233,0.2085068,0.0853269,1.111412,-0.1417559,3,6
22.27841,0.2145888,0.0855098,1.111235,-0.1398609,3,6
22.2833,0.2194781,0.08572563,1.111143,-0.1383574,3,6
22.28881,0.2249843,0.08587771,1.111031,-0.1369535,3,6
22.29463,0.2308017,0.08620682,1.110896,-0.1348568,3,6
22.30009,0.2362622,0.08652031,1.110815,-0.1330608,3,6
22.3059,0.242079,0.08676734,1.110695,-0.1313146,3,6
22.31218,0.2483525,0.08712993,1.110548,-0.1289786,3,6
22.31794,0.254114,0.08742058,1.110409,-0.1270216,3,6
22.3247,0.2608756,0.0877234,1.110262,-0.1250114,3,6
22.33065,0.2668231,0.08798575,1.110078,-0.1225693,3,6
22.33571,0.2718897,0.08786708,1.109912,-0.1219633,3,6
22.34085,0.2770306,0.08804493,1.109786,-0.1205319,3,6
22.34614,0.2823138,0.08874804,1.109428,-0.1161676,3,6
22.35149,0.2876658,0.08905388,1.109239,-0.114044,3,6
22.35667,0.29285,0.08941126,1.109013,-0.1116073,3,6
22.36216,0.2983344,0.08970189,1.108827,-0.1096593,3,6
22.36755,0.3037268,0.09042878,1.10864,-0.1065694,3,6
22.37292,0.3091016,0.09083428,1.108419,-0.1041868,3,6
22.37865,0.3148232,0.09055416,1.108609,-0.1058844,3,6
22.38398,0.3201557,0.09084321,1.108458,-0.1041559,3,6
22.38932,0.3254958,0.09116148,1.10829,-0.1022822,3,6
22.39524,0.3314203,0.09256808,1.107453,-0.09355512,3,6
22.40108,0.3372594,0.09307806,1.107159,-0.09060535,3,6
22.40561,0.3417881,0.09351593,1.106904,-0.08811694,3,6
22.41165,0.3478228,0.09365566,1.10713,-0.08874419,3,6
22.41702,0.3531924,0.09512597,1.106628,-0.08248772,3,6
22.42274,0.3589199,0.09585626,1.106359,-0.0792163,3,6
22.42893,0.3651047,0.09646399,1.106065,-0.07626983,3,6
22.4345,0.370675,0.09706564,1.105876,-0.07337225,3,6
22.44024,0.3764132,0.0976836,1.105616,-0.07053953,3,6
22.44613,0.3823112,0.09818771,1.10556,-0.06762158,3,6
22.45144,0.3876189,0.09852704,1.105618,-0.06514005,3,6
22.45764,0.3938145,0.09920418,1.10543,-0.06174181,3,6
22.4633,0.3994759,0.09952096,1.105483,-0.05920164,3,6
22.46858,0.404763,0.09979729,1.105413,-0.0566175,3,6
22.47413,0.4103135,0.1003177,1.105292,-0.0536113,3,6
22.47974,0.4159169,0.1004917,1.105218,-0.05112187,3,6
22.4845,0.4206758,0.1007518,1.105139,-0.048806,3,6
22.48969,0.4258721,0.1011366,1.105036,-0.04621571,3,6
22.49569,0.4318666,0.1016436,1.104919,-0.04303153,3,6
22.50104,0.4372188,0.1020132,1.104823,-0.04068635,3,6
22.50678,0.4429612,0.1026485,1.104409,-0.03764741,3,6
22.51235,0.4485303,0.1029406,1.104154,-0.03532578,3,6
22.51713,0.4533074,0.1032479,1.10401,-0.0329565,3,6
22.52253,0.4587083,0.1036223,1.103842,-0.03061314,3,6
22.52835,0.4645278,0.1041027,1.10355,-0.02803134,3,6
22.53295,0.4691224,0.104469,1.103374,-0.02589986,3,6
22.53786,0.4740342,0.1048794,1.103153,-0.02359493,3,6
22.54418,0.4803528,0.1053386,1.10303,-0.02123228,3,6
22.54851,0.484688,0.1056986,1.102877,-0.01927634,3,6
22.55361,0.4897868,0.1060751,1.102765,-0.01710114,3,6
22.55976,0.4959423,0.1063488,1.102661,-0.01493767,3,6
22.56437,0.5005499,0.1066831,1.102532,-0.01301074,3,6
22.57033,0.5065094,0.1069467,1.10247,-0.01082255,3,6
22.57647,0.5126436,0.1072759,1.102408,-0.008462131,3,6
22.58173,0.5179113,0.107577,1.102315,-0.00658986,3,6
22.58805,0.5242221,0.1078299,1.10233,-0.004484475,3,6
22.59361,0.5297878,0.1081831,1.102293,-0.002445426,3,6
22.59963,0.535809,0.1085053,1.102229,-0.0004549362,3,6
22.60486,0.5410408,0.108711,1.102295,0.001281299,3,6
22.61032,0.5464953,0.1090124,1.102261,0.003199238,3,6
22.61492,0.5510945,0.1091541,1.102524,0.004557218,3,6
22.62082,0.5569949,0.1093965,1.102583,0.006025158,3,6
22.6267,0.5628785,0.1096922,1.102693,0.007629331,3,6
22.63146,0.5676322,0.1099312,1.102742,0.009086542,3,6
22.63658,0.5727546,0.1102216,1.102803,0.01082276,3,6
22.64312,0.5792935,0.1105821,1.103287,0.01167128,3,6
22.64771,0.5838807,0.1108258,1.10341,0.01291114,3,6
22.65257,0.5887496,0.110994,1.103517,0.01392518,3,6
22.65778,0.5939516,0.1112861,1.103673,0.01543297,3,6
22.66335,0.5995221,0.1114273,1.103689,0.01634393,3,6
22.66847,0.6046452,0.1115748,1.10386,0.01725509,3,6
22.67381,0.6099888,0.1118158,1.104004,0.01855506,3,6
22.67929,0.6154619,0.1119487,1.104246,0.01930068,3,6
22.68413,0.6203079,0.1121142,1.104388,0.0200927,3,6
22.68917,0.6253492,0.1123032,1.104541,0.02108388,3,6
22.69522,0.6313947,0.1125476,1.104741,0.02235182,3,6
22.70023,0.6364021,0.1127255,1.104888,0.02326604,3,6
22.70542,0.6415966,0.1127583,1.105058,0.02373284,3,6
22.71144,0.6476138,0.1129616,1.105256,0.02482279,3,6
22.71622,0.6523914,0.1131401,1.105432,0.02577068,3,6
22.72222,0.6583924,0.1127918,1.105147,0.02494343,3,6
22.72783,0.6639995,0.1128516,1.105059,0.02530973,3,6
22.73283,0.6690076,0.1129551,1.105144,0.02596577,3,6
22.73842,0.6745989,0.1132253,1.105206,0.02757185,3,6
22.74533,0.6814988,0.1133888,1.105159,0.02826255,3,6
22.75021,0.686379,0.1135193,1.105207,0.02898768,3,6
22.75516,0.6913322,0.1136653,1.105263,0.02979085,3,6
22.76112,0.6972933,0.1138164,1.105322,0.03061325,3,6
22.7664,0.7025744,0.1138934,1.105307,0.03080991,3,6
22.77223,0.7084001,0.1138709,1.105317,0.03009055,3,6
22.7781,0.7142743,0.1141614,1.105441,0.0307772,3,6
22.78372,0.7198964,0.1142604,1.105406,0.03093921,3,6
22.78896,0.7251287,0.1143935,1.105438,0.0313579,3,6
22.79442,0.7305918,0.1143605,1.105433,0.03157758,3,6
22.80003,0.7362022,0.1143504,1.105388,0.03176624,3,6
22.80553,0.7417077,0.1144193,1.105394,0.03210147,3,6
22.81111,0.7472829,0.1144407,1.105372,0.03224848,3,6
22.8164,0.7525797,0.1145019,1.105371,0.03255555,3,6
22.82215,0.758329,0.1145196,1.105364,0.0326254,3,6
22.82874,0.7649198,0.1145553,1.105357,0.03276617,3,6
22.83377,0.7699471,0.1145897,1.105337,0.0328366,3,6
22.83865,0.7748231,0.1146226,1.105332,0.03297181,3,6
22.84447,0.7806443,0.1146393,1.105277,0.03304382,3,6
22.85455,0.7907251,0.1146542,1.105181,0.03323223,3,6
22.86054,0.7967138,0.1146473,1.105131,0.03325658,3,6
22.86548,0.8016535,0.1146617,1.105098,0.03334687,3,6
22.87021,0.8063841,0.1146807,1.105055,0.03333813,3,6
22.87605,0.8122305,0.1146997,1.104993,0.03335155,3,6
22.88172,0.8178973,0.1147158,1.104952,0.03340635,3,6
22.8868,0.8229769,0.1147037,1.104904,0.0333867,3,6
22.89225,0.8284259,0.114714,1.104859,0.03342696,3,6
22.89738,0.8335565,0.1146711,1.104773,0.03339998,3,6
22.90261,0.8387893,0.1146704,1.104726,0.03342252,3,6
22.90934,0.8455126,0.1146469,1.104639,0.03335465,3,6
22.91399,0.8501647,0.1146422,1.104586,0.03336132,3,6
22.91964,0.8558183,0.1146324,1.104626,0.03325888,3,6
22.92597,0.8621445,0.1146255,1.104579,0.03324489,3,6
22.93134,0.8675172,0.1146195,1.104539,0.03323281,3,6
22.9368,0.8729748,0.1145726,1.104924,0.03276405,3,6
22.94375,0.8799297,0.1144927,1.105061,0.03245581,3,6
22.94905,0.8852266,0.1144628,1.105119,0.03231467,3,6
22.95456,0.8907368,0.1143682,1.105223,0.03199172,3,6
22.96085,0.8970273,0.1143577,1.105341,0.0316817,3,6
22.96516,0.9013356,0.1143293,1.105405,0.03151236,3,6
22.96999,0.9061647,0.1143435,1.105481,0.03118597,3,6
22.97576,0.9119359,0.114379,1.10567,0.03086391,3,6
22.98206,0.9182373,0.1143707,1.10578,0.03060096,3,6
22.98766,0.9238394,0.1143506,1.105918,0.03029652,3,6
22.99303,0.929211,0.114241,1.105951,0.029888,3,6
22.99853,0.9347076,0.1142081,1.106035,0.02961453,3,6
23.00404,0.9402117,0.1141241,1.105996,0.02921303,3,6
23.00968,0.9458522,0.1141105,1.106023,0.02869917,3,6
23.0148,0.9509717,0.1140724,1.106076,0.02832521,3,6
23.02044,0.9566141,0.1140941,1.106114,0.0278472,3,6
23.02577,0.9619459,0.114093,1.10608,0.02732339,3,6
23.03012,0.9662959,0.1140788,1.106102,0.02698078,3,6
23.03557,0.9717492,0.1139809,1.105997,0.0262952,3,6
23.04118,0.9773588,0.1139468,1.105993,0.02584502,3,6
23.04686,0.9830326,0.113909,1.105989,0.02534172,3,6
23.05287,0.989042,0.1139194,1.105821,0.02442708,3,6
23.05878,0.9949554,0.1138952,1.105782,0.02375905,3,6
23.06544,1.001616,0.113868,1.105669,0.02283389,3,6
23.07097,1.007143,0.1139308,1.105507,0.02187205,3,6
23.07629,1.012471,0.1139292,1.105433,0.02115098,3,6
23.08137,1.017543,0.1139281,1.105373,0.02055515,3,6
23.08565,1.021828,0.1139273,1.105316,0.01998186,3,6
23.09171,1.027882,0.1138774,1.105317,0.01876226,3,6
23.097,1.033179,0.1137479,1.105444,0.01826118,3,6
23.10202,1.038199,0.1136184,1.105469,0.0161898,3,6
23.10799,1.044167,0.1135624,1.105452,0.01500213,3,6
23.11297,1.049148,0.1133223,1.105538,0.01331628,3,6
23.11884,1.055023,0.1130977,1.105679,0.01184953,3,6
23.12468,1.060858,0.1129647,1.105727,0.01046066,3,6
23.12994,1.066117,0.1127181,1.105871,0.008842889,3,6
23.13477,1.070947,0.1125732,1.105942,0.007503837,3,6
23.14156,1.077739,0.1122234,1.106038,0.005677782,3,6
23.14692,1.083101,0.1120068,1.106392,0.003855303,3,6
23.15214,1.088322,0.1118298,1.106528,0.002414219,3,6
23.1585,1.094679,0.1114572,1.106667,0.000168398,3,6
23.16338,1.099563,0.1112976,1.106956,-0.001571815,3,6
23.16875,1.104927,0.1109798,1.107411,-0.003649339,3,6
23.17495,1.111127,0.1107022,1.107712,-0.005807806,3,6
23.18032,1.116498,0.1103036,1.108119,-0.007843193,3,6
23.1858,1.121977,0.1099346,1.108477,-0.01012117,3,6
23.19179,1.127966,0.1096271,1.108804,-0.01223288,3,6
23.19646,1.132636,0.1092475,1.109141,-0.01448234,3,6
23.20264,1.138821,0.1087846,1.109467,-0.01689105,3,6
23.21027,1.146452,0.1083214,1.109899,-0.0198314,3,6
23.21532,1.1515,0.1079922,1.110211,-0.02197096,3,6
23.22088,1.157059,0.1077026,1.110759,-0.02458871,3,6
23.22569,1.161866,0.1074259,1.111069,-0.0265548,3,6
23.23049,1.166667,0.1071558,1.111377,-0.02851249,3,6
23.23642,1.172594,0.1071067,1.111285,-0.02893542,3,6
23.2424,1.178583,0.1068376,1.111574,-0.03091925,3,6
23.2477,1.183875,0.1063275,1.111787,-0.03358082,3,6
23.25321,1.189389,0.1053663,1.112292,-0.03945132,3,6
23.25941,1.195585,0.1048246,1.112685,-0.04293282,3,6
23.26453,1.200705,0.1043929,1.113009,-0.04581197,3,6
23.27,1.206174,0.1039491,1.113352,-0.04884572,3,6
23.2763,1.212482,0.1034867,1.113424,-0.05185322,3,6
23.28253,1.21871,0.1030634,1.113693,-0.0547678,3,6
23.28742,1.223596,0.1027777,1.113781,-0.0571099,3,6
23.29334,1.229514,0.1024186,1.11389,-0.06011543,3,6
23.29831,1.234484,0.102125,1.11405,-0.0623741,3,6
23.30365,1.239826,0.1017212,1.114192,-0.06494699,3,6
23.30937,1.24555,0.1013444,1.114388,-0.06781394,3,6
23.3154,1.251577,0.1009266,1.114641,-0.07112652,3,6
23.32085,1.257028,0.1007646,1.114856,-0.07362656,3,6
23.32714,1.263317,0.1004584,1.115211,-0.07674822,3,6
23.33203,1.268204,0.1001986,1.115431,-0.07923757,3,6
23.33778,1.273953,0.0997554,1.115888,-0.08225711,3,6
23.34427,1.280446,0.09942427,1.116207,-0.0852931,3,6
23.34956,1.285738,0.09915112,1.116486,-0.08790803,3,6
23.35487,1.291045,0.09886462,1.116796,-0.09077339,3,6
23.36101,1.297186,0.09825721,1.117252,-0.0934273,3,6
23.36632,1.302494,0.09838428,1.11737,-0.09268238,3,6
23.37212,1.308294,0.0976564,1.118181,-0.09797026,3,6
23.37842,1.314598,0.09720878,1.118733,-0.1016681,3,6
23.38467,1.320847,0.09683774,1.119161,-0.1042151,3,6
23.38904,1.325222,0.09655886,1.119492,-0.1064818,3,6
23.39445,1.330628,0.09631793,1.119954,-0.1088824,3,6
23.39962,1.3358,0.09606143,1.120303,-0.1111338,3,6
23.40555,1.341728,0.09566592,1.120909,-0.1133262,3,6
23.41092,1.347096,0.09524684,1.121396,-0.1154425,3,6
23.41569,1.351867,0.09493043,1.121829,-0.1177611,3,6
23.4215,1.357678,0.09442171,1.122336,-0.1199031,3,6
23.42708,1.363257,0.09391886,1.122839,-0.1220719,3,6
23.43192,1.368101,0.09357183,1.12325,-0.124121,3,6
23.43715,1.373325,0.09294858,1.123684,-0.1262043,3,6
23.44337,1.379543,0.09235441,1.124029,-0.128221,3,6
23.44785,1.384027,0.09197366,1.124364,-0.1299939,3,6
23.45261,1.388788,0.09157522,1.124715,-0.1318848,3,6
23.46025,1.396432,0.09087642,1.125231,-0.134428,3,6
23.46778,0.007524,0.09017707,1.125652,-0.1366403,4,7
23.47302,0.0127639,0.08963953,1.126053,-0.1388025,4,7
23.48152,0.0212655,0.08895686,1.12633,-0.1410543,4,7
23.48704,0.026783,0.08843519,1.126588,-0.1424379,4,7
23.49165,0.0313912,0.08802804,1.126832,-0.1439138,4,7
23.49617,0.035911,0.08767768,1.127058,-0.1451213,4,7
23.50096,0.0407019,0.0873382,1.127261,-0.1463645,4,7
23.50871,0.0484527,0.08671214,1.127627,-0.1487078,4,7
23.51265,0.0523892,0.0862302,1.127933,-0.1495641,4,7
23.51711,0.0568558,0.08581924,1.128172,-0.1509925,4,7
23.52155,0.0612942,0.08548379,1.128365,-0.1521758,4,7
23.5263,0.06604709,0.08509083,1.128587,-0.1535826,4,7
23.53063,0.0703735,0.08473926,1.128782,-0.1548609,4,7
23.53539,0.0751318,0.08433769,1.129056,-0.1557446,4,7
23.54069,0.0804329,0.08396504,1.129263,-0.1570734,4,7
23.54493,0.0846707,0.08362814,1.129447,-0.1582932,4,7
23.54934,0.0890785,0.08329126,1.129627,-0.159531,4,7
23.55541,0.0951532,0.08276082,1.129905,-0.1615185,4,7
23.56175,0.1014927,0.08236209,1.130109,-0.1630449,4,7
23.56608,0.1058255,0.08204801,1.130265,-0.1642679,4,7
23.57031,0.1100502,0.08174188,1.130414,-0.165478,4,7
23.57536,0.1150999,0.08135328,1.130599,-0.1670411,4,7
23.58049,0.1202296,0.08188502,1.130029,-0.1610715,4,7
23.58555,0.125289,0.08105019,1.129973,-0.1577074,4,7
23.59102,0.1307664,0.0806494,1.130146,-0.1585386,4,7
23.59563,0.135371,0.08028249,1.130302,-0.1593085,4,7
23.60104,0.1407828,0.07991713,1.130457,-0.160084,4,7
23.60586,0.1456051,0.07711275,1.131197,-0.1619399,4,7
23.6113,0.1510405,0.076451,1.131427,-0.1628978,4,7
23.61828,0.158024,0.07446967,1.131611,-0.1616597,4,7
23.62594,0.1656877,0.07361519,1.131843,-0.1614307,4,7
23.63147,0.1712165,0.07280251,1.132057,-0.1617547,4,7
23.63835,0.1780959,0.0723666,1.132222,-0.1610129,4,7
23.64472,0.1844625,0.07198691,1.132318,-0.1600926,4,7
23.64944,0.1891864,0.07148132,1.132461,-0.1599523,4,7
23.65475,0.1944966,0.07113398,1.132566,-0.1590742,4,7
23.6605,0.2002406,0.07062244,1.132715,-0.1587712,4,7
23.6659,0.2056457,0.07009535,1.132871,-0.1584622,4,7
23.67108,0.2108186,0.06960814,1.13297,-0.1572748,4,7
23.67636,0.2161037,0.06906692,1.133126,-0.1568086,4,7
23.68225,0.2219914,0.06852478,1.133287,-0.1563455,4,7
23.68742,0.2271615,0.06859713,1.133032,-0.1554725,4,7
23.69303,0.2327652,0.06808896,1.133152,-0.1549174,4,7
23.69855,0.2382847,0.06765682,1.133257,-0.1544488,4,7
23.70391,0.2436449,0.06719726,1.133371,-0.153954,4,7
23.70989,0.2496331,0.06654526,1.133465,-0.1519002,4,7
23.71503,0.2547735,0.06603435,1.133587,-0.1512026,4,7
23.72109,0.2608339,0.06585848,1.133783,-0.1493633,4,7
23.7273,0.2670439,0.06421842,1.134292,-0.14543,4,7
23.73259,0.2723325,0.06352171,1.134499,-0.1439695,4,7
23.73713,0.2768715,0.06283095,1.134706,-0.1425298,4,7
23.74365,0.2833847,0.06262853,1.134824,-0.1400843,4,7
23.74867,0.2884068,0.06206181,1.135004,-0.1385156,4,7
23.75351,0.2932489,0.06194799,1.135198,-0.1369514,4,7
23.76012,0.2998569,0.06138838,1.135417,-0.1350828,4,7
23.76536,0.3050975,0.06129214,1.13579,-0.1335804,4,7
23.77127,0.3110024,0.06091762,1.13622,-0.1317209,4,7
23.77745,0.3171871,0.06051052,1.136444,-0.1295152,4,7
23.7827,0.322437,0.06018179,1.136662,-0.1280429,4,7
23.78784,0.3275779,0.05982113,1.136904,-0.1264255,4,7
23.79368,0.3334177,0.0593792,1.137519,-0.124135,4,7
23.79922,0.3389525,0.05904653,1.137823,-0.1225455,4,7
23.80465,0.3443868,0.05866589,1.138083,-0.1205236,4,7
23.81056,0.3502935,0.05822015,1.138458,-0.1184318,4,7
23.81587,0.3556045,0.05781676,1.138818,-0.1164591,4,7
23.82229,0.3620311,0.05743546,1.138865,-0.1142603,4,7
23.82825,0.3679833,0.05709617,1.13877,-0.1118605,4,7
23.83405,0.3737915,0.05690261,1.138691,-0.109382,4,7
23.83951,0.3792469,0.05662107,1.1388,-0.1074504,4,7
23.8449,0.3846416,0.05651861,1.13864,-0.1052353,4,7
23.85048,0.3902252,0.05641289,1.138483,-0.1030657,4,7
23.85605,0.3957911,0.0561748,1.138484,-0.100642,4,7
23.86255,0.4022919,0.05595873,1.138492,-0.09839308,4,7
23.86804,0.4077814,0.05591739,1.138059,-0.09595957,4,7
23.87399,0.4137313,0.05579304,1.13768,-0.09317051,4,7
23.87947,0.4192115,0.05573202,1.137306,-0.09089331,4,7
23.88492,0.4246651,0.05553898,1.137108,-0.08870444,4,7
23.89019,0.4299327,0.05540268,1.13693,-0.08652745,4,7
23.89526,0.4349977,0.05530239,1.136601,-0.08410481,4,7
23.90056,0.4402982,0.05519595,1.136418,-0.08213864,4,7
23.90546,0.4451983,0.0550897,1.13623,-0.08007616,4,7
23.91155,0.4512879,0.0548994,1.135952,-0.0775291,4,7
23.917,0.4567368,0.05477178,1.135559,-0.0750509,4,7
23.9221,0.4618369,0.05467026,1.135323,-0.07303564,4,7
23.92816,0.4678959,0.05457182,1.134916,-0.07043542,4,7
23.9334,0.4731346,0.05452206,1.134572,-0.06796823,4,7
23.93988,0.4796203,0.05443651,1.13424,-0.06545758,4,7
23.94562,0.4853577,0.0545358,1.133827,-0.06292437,4,7
23.95067,0.4904096,0.05478605,1.133427,-0.06064278,4,7
23.95646,0.4962003,0.05484606,1.133014,-0.05794945,4,7
23.96263,0.5023677,0.05506928,1.132684,-0.05549146,4,7
23.96819,0.5079283,0.05504369,1.132366,-0.05314412,4,7
23.97414,0.5138782,0.0551327,1.131956,-0.05038472,4,7
23.98017,0.519909,0.05513823,1.131636,-0.04806565,4,7
23.98577,0.5255073,0.05531029,1.131394,-0.04586957,4,7
23.99297,0.5327091,0.05566892,1.131208,-0.04287734,4,7
23.99807,0.5378079,0.05580808,1.130989,-0.04098334,4,7
24.00382,0.5435612,0.05614474,1.130879,-0.03867366,4,7
24.00964,0.5493853,0.05648474,1.130716,-0.0364824,4,7
24.01445,0.5541903,0.05673174,1.130512,-0.03432079,4,7
24.02026,0.5600007,0.05697701,1.130313,-0.03226854,4,7
24.02646,0.5662023,0.05723931,1.130264,-0.03002204,4,7
24.03131,0.5710508,0.05747305,1.130113,-0.02810717,4,7
24.03712,0.576862,0.0577139,1.129932,-0.0259114,4,7
24.04295,0.5826952,0.05802936,1.129904,-0.02416717,4,7
24.04728,0.5870202,0.0582463,1.129796,-0.02260144,4,7
24.05247,0.5922151,0.05852121,1.129661,-0.02068059,4,7
24.05853,0.5982774,0.05869484,1.129826,-0.01886567,4,7
24.06359,0.60333,0.05890055,1.129777,-0.0173187,4,7
24.06874,0.6084881,0.05914431,1.129772,-0.01588745,4,7
24.07395,0.6136928,0.05941188,1.129726,-0.0140496,4,7
24.07911,0.6188518,0.0596453,1.129686,-0.01249859,4,7
24.08477,0.6245108,0.05990343,1.129606,-0.01095831,4,7
24.09075,0.6304962,0.06020255,1.129555,-0.009080902,4,7
24.09624,0.6359865,0.06014408,1.129769,-0.009610184,4,7
24.10222,0.6419627,0.06063158,1.129755,-0.006930858,4,7
24.10757,0.64732,0.0609219,1.129746,-0.005250044,4,7
24.11357,0.6533126,0.0611141,1.129688,-0.003429327,4,7
24.11895,0.6586998,0.06135934,1.129673,-0.001921829,4,7
24.12497,0.6647128,0.06145776,1.129763,-0.001148697,4,7
24.13005,0.6697971,0.06167465,1.129771,0.0001723245,4,7
24.13534,0.6750889,0.06189324,1.129789,0.001322147,4,7
24.1414,0.6811492,0.06213326,1.129801,0.002696056,4,7
24.15273,0.6924784,0.0623734,1.129601,0.004769798,4,7
24.15707,0.6968133,0.06253409,1.12957,0.005795039,4,7
24.16244,0.7021881,0.06261844,1.129456,0.00655042,4,7
24.16753,0.7072755,0.06277924,1.129405,0.007598191,4,7
24.17361,0.7133576,0.06290798,1.129341,0.00861036,4,7
24.17909,0.718832,0.0630558,1.129292,0.009578586,4,7
24.18382,0.7235619,0.06320215,1.129246,0.01051663,4,7
24.19028,0.7300208,0.06355315,1.129198,0.01121963,4,7
24.19566,0.7354079,0.0637371,1.129166,0.01073094,4,7
24.20094,0.7406918,0.06429835,1.129055,0.0119379,4,7
24.20759,0.7473395,0.06465761,1.128977,0.01303336,4,7
24.21289,0.7526368,0.06499385,1.1289,0.01370586,4,7
24.21871,0.7584625,0.06534341,1.128807,0.01431256,4,7
24.22552,0.7652709,0.0654889,1.128588,0.01503333,4,7
24.23066,0.7704032,0.06572513,1.128487,0.01570651,4,7
24.23655,0.7762948,0.06593569,1.128418,0.01618456,4,7
24.24248,0.7822244,0.06616852,1.128325,0.01681455,4,7
24.24769,0.7874407,0.06639213,1.128237,0.01741528,4,7
24.25374,0.7934858,0.06666125,1.128332,0.01761496,4,7
24.25966,0.7994128,0.06689394,1.128276,0.01814826,4,7
24.26605,0.8058,0.06717271,1.128209,0.01878322,4,7
24.27226,0.8120053,0.06678184,1.128141,0.01833875,4,7
24.2787,0.8184528,0.0669158,1.128045,0.01849263,4,7
24.2854,0.8251472,0.0673061,1.127925,0.01908895,4,7
24.29094,0.830688,0.06751167,1.127851,0.01949848,4,7
24.29658,0.8363305,0.06772469,1.1279,0.01962178,4,7
24.3028,0.8425543,0.06777732,1.127881,0.01966584,4,7
24.30822,0.8479727,0.06775495,1.127734,0.01981553,4,7
24.31297,0.8527242,0.06786145,1.127669,0.02003496,4,7
24.31876,0.8585054,0.06788195,1.127614,0.02014749,4,7
24.32466,0.8644054,0.06797965,1.127543,0.02036724,4,7
24.33088,0.870625,0.06800909,1.127577,0.02048892,4,7
24.33591,0.8756581,0.06801846,1.127621,0.02051332,4,7
24.34223,0.8819811,0.06800307,1.127642,0.02055216,4,7
24.34791,0.8876579,0.06804144,1.127632,0.02066521,4,7
24.35283,0.8925764,0.06807642,1.127624,0.02076787,4,7
24.35939,0.899141,0.06786892,1.127527,0.02084901,4,7
24.36511,0.9048579,0.06785045,1.127503,0.02094076,4,7
24.37048,0.9102308,0.0678308,1.127478,0.0210389,4,7
24.37787,0.9176243,0.06768641,1.127787,0.02074098,4,7
24.38434,0.9240939,0.0676401,1.127838,0.02074926,4,7
24.39035,0.9300972,0.06759783,1.127882,0.02075998,4,7
24.39515,0.9349036,0.06756017,1.127922,0.02076953,4,7
24.39958,0.9393317,0.06753243,1.127952,0.02077657,4,7
24.40452,0.9442708,0.06749694,1.127989,0.02078557,4,7
24.40948,0.9492304,0.06742857,1.128013,0.02080744,4,7
24.41418,0.9539252,0.06724911,1.127891,0.02094491,4,7
24.4185,0.9582495,0.06720362,1.127903,0.02096609,4,7
24.42338,0.9631332,0.06714708,1.127919,0.02099243,4,7
24.42771,0.9674644,0.06709708,1.127933,0.02101573,4,7
24.43241,0.9721634,0.06704301,1.127948,0.02104094,4,7
24.43669,0.9764385,0.0669887,1.127964,0.02106627,4,7
24.44179,0.9815406,0.06693519,1.127979,0.02109125,4,7
24.44623,0.9859841,0.0668838,1.127994,0.02111524,4,7
24.45111,0.9908583,0.06667339,1.12819,0.02131416,4,7
24.45636,0.9961076,0.06659079,1.128228,0.02136336,4,7
24.46145,1.001204,0.06652444,1.128259,0.02140288,4,7
24.46543,1.005176,0.06646847,1.128285,0.02143623,4,7
24.46963,1.009378,0.06640828,1.128313,0.02147209,4,7
24.47453,1.014279,0.06633132,1.12835,0.02151794,4,7
24.48063,1.020384,0.06635918,1.128264,0.02100037,4,7
24.48659,1.026338,0.06626321,1.128281,0.02101534,4,7
24.49276,1.032512,0.06616132,1.128299,0.02103123,4,7
24.49875,1.038505,0.06605645,1.128318,0.02104758,4,7
24.50486,1.044608,0.0659202,1.128174,0.02087744,4,7
24.50998,1.049735,0.06583036,1.128174,0.02087313,4,7
24.51471,1.054462,0.06574354,1.128174,0.02086895,4,7
24.51975,1.059502,0.06566349,1.128175,0.02086509,4,7
24.52501,1.064756,0.06557316,1.128175,0.02086071,4,7
24.5299,1.06965,0.0655503,1.127866,0.0200067,4,7
24.53451,1.07426,0.06546786,1.127838,0.01991355,4,7
24.54001,1.079762,0.06537721,1.127808,0.01981102,4,7
24.54508,1.084832,0.06516907,1.127883,0.01901605,4,7
24.55048,1.090228,0.06505761,1.12787,0.01879383,4,7
24.55568,1.09543,0.06478339,1.127681,0.01816972,4,7
24.56146,1.10121,0.06466375,1.127647,0.01791948,4,7
24.5666,1.106346,0.06481945,1.127934,0.01763163,4,7
24.5718,1.111548,0.06478854,1.128255,0.01665103,4,7
24.5775,1.117244,0.06469587,1.128335,0.0161633,4,7
24.58297,1.122718,0.06461671,1.128404,0.01574397,4,7
24.58905,1.128798,0.06448729,1.128517,0.01488045,4,7
24.59505,1.134804,0.06437182,1.128588,0.01450108,4,7
24.6001,1.139848,0.06413001,1.128764,0.01314319,4,7
24.60623,1.145982,0.06397989,1.12888,0.01232834,4,7
24.61162,1.151367,0.06384873,1.128988,0.01129926,4,7
24.61681,1.156558,0.06363376,1.128951,0.01019691,4,7
24.6224,1.162151,0.06349135,1.129012,0.009381458,4,7
24.62837,1.168118,0.06335048,1.129066,0.008255772,4,7
24.63386,1.173613,0.06318859,1.129093,0.007072024,4,7
24.63963,1.179383,0.06303728,1.129145,0.00606478,4,7
24.64456,1.184305,0.06291461,1.129187,0.005238675,4,7
24.65025,1.190003,0.06265767,1.129086,0.003794741,4,7
24.65611,1.195864,0.06245871,1.12911,0.002495375,4,7
24.6623,1.20205,0.06252419,1.129229,0.002060868,4,7
24.6679,1.207651,0.06224547,1.129521,-0.0006142296,4,7
24.67411,1.213859,0.06204274,1.129644,-0.002349358,4,7
24.67942,1.219172,0.06182892,1.130007,-0.004212558,4,7
24.68492,1.22467,0.06151762,1.130276,-0.006046753,4,7
24.69072,1.230471,0.06129914,1.130472,-0.007752258,4,7
24.69567,1.235423,0.06100445,1.130694,-0.00960457,4,7
24.70147,1.241216,0.06078843,1.130879,-0.01123761,4,7
24.70772,1.247468,0.06051243,1.131289,-0.01353205,4,7
24.71252,1.252267,0.0602732,1.131498,-0.01518725,4,7
24.7177,1.257454,0.06013155,1.13189,-0.01757448,4,7
24.72396,1.263705,0.05992138,1.132162,-0.01959971,4,7
24.72872,1.26847,0.05974831,1.132365,-0.02147998,4,7
24.73484,1.274594,0.05932023,1.132713,-0.02398936,4,7
24.74057,1.280325,0.05908777,1.132962,-0.02596308,4,7
24.74582,1.285565,0.05876978,1.133053,-0.02795655,4,7
24.7515,1.291256,0.05847296,1.133267,-0.03028166,4,7
24.75684,1.296592,0.05819666,1.133492,-0.03255533,4,7
24.7626,1.302349,0.05792595,1.133598,-0.03484149,4,7
24.76812,1.307869,0.05768669,1.133577,-0.03732833,4,7
24.77361,1.313363,0.05742396,1.13371,-0.03979238,4,7
24.77962,1.319376,0.05725917,1.133622,-0.04209202,4,7
24.78481,1.32456,0.05699262,1.133512,-0.04443483,4,7
24.79091,1.330662,0.05674682,1.13353,-0.04700462,4,7
24.79638,1.336135,0.05650582,1.13341,-0.04960615,4,7
24.80512,1.344873,0.05620195,1.133363,-0.05313228,4,7
24.81038,1.350129,0.05610446,1.133054,-0.05541169,4,7
24.81452,1.354268,0.05596607,1.132969,-0.0573824,4,7
24.82005,1.359801,0.05582371,1.132866,-0.059563,4,7
24.82623,1.365978,0.05557948,1.132575,-0.06237413,4,7
24.83102,1.370776,0.05545314,1.132437,-0.06446877,4,7
24.83686,1.376613,0.0554946,1.132449,-0.06285933,4,7
24.84334,1.383095,0.05494562,1.13187,-0.06949599,4,7
24.84851,1.388263,0.05473357,1.131631,-0.07244075,4,7
24.85388,1.393632,0.054397,1.131114,-0.0762296,4,7
24.85988,1.39963,0.05415882,1.130692,-0.07893331,4,7
24.86454,1.404296,0.05397339,1.130392,-0.08154838,4,7
24.87043,1.410184,0.05378065,1.130016,-0.08422092,4,7
24.87612,1.415877,0.05361764,1.129577,-0.08713922,4,7
24.88302,1.422779,0.05344379,1.129164,-0.0902316,4,7
24.89008,1.429835,0.05327405,1.128659,-0.09386022,4,7
24.89667,1.436426,0.05336902,1.128269,-0.09570162,4,7
24.90335,1.443102,0.05330407,1.127828,-0.09852043,4,7
24.90995,1.449701,0.05309738,1.126784,-0.1042552,4,7
24.91596,1.455719,0.05295857,1.126395,-0.1069163,4,7
24.92256,1.462318,0.05284933,1.125992,-0.1097127,4,7
24.92853,1.468285,0.05274526,1.125382,-0.1124487,4,7
24.9327,1.47246,0.052723,1.125009,-0.1145057,4,7
24.93662,1.47638,0.0527137,1.124606,-0.1166814,4,7
24.9416,1.481356,0.05274898,1.124475,-0.1154469,4,7
24.946,1.485755,0.05273893,1.124103,-0.1172621,4,7
24.95078,1.490535,0.05270454,1.122555,-0.1224838,4,7
24.95545,1.495203,0.05262779,1.121482,-0.1254168,4,7
24.96077,1.50053,0.05263562,1.12084,-0.1277717,4,7
24.96487,1.504627,0.05265771,1.120241,-0.1299348,4,7
24.96934,1.509098,0.05269741,1.119586,-0.1322622,4,7
24.97387,1.513624,0.05276046,1.118852,-0.1348327,4,7
24.9782,1.517955,0.05282616,1.118249,-0.1369103,4,7
24.98314,1.522901,0.05269876,1.117573,-0.1389575,4,7
24.98784,1.527593,0.0527806,1.116848,-0.1413732,4,7
24.99276,1.532514,0.05288255,1.1161,-0.1438299,4,7
24.99723,1.536984,0.05300634,1.115322,-0.1463416,4,7
25.00195,1.541708,0.05312744,1.114649,-0.1484818,4,7
25.00668,1.546433,0.05245834,1.115192,-0.1446751,4,7
25.01079,1.55055,0.05251548,1.114626,-0.1463732,4,7
25.01586,1.555619,0.05261069,1.113839,-0.1486982,4,7
25.02292,1.562672,0.05196832,1.113794,-0.1468122,4,7
25.0287,1.568451,0.05158607,1.110865,-0.1528657,4,7
25.03415,1.573903,0.05153747,1.10977,-0.1555947,4,7
25.04069,1.580444,0.05151283,1.108643,-0.1583682,4,7
25.04613,1.585883,0.05151212,1.107602,-0.160901,4,7
25.05166,1.591417,0.05114552,1.102952,-0.1701919,4,7
25.05787,1.597629,0.05116239,1.101042,-0.1743776,4,7
25.06336,1.603113,0.05096856,1.103403,-0.1679119,4,7
25.06821,1.607965,0.05092645,1.102387,-0.1700644,4,7
25.07411,1.613864,0.05069956,1.098244,-0.1772979,4,7
25.07895,1.618708,0.05042812,1.09688,-0.1791358,4,7
25.08456,1.624319,0.05034286,1.095619,-0.1810234,4,7
25.09084,1.630591,0.05024826,1.093773,-0.1842371,4,7
25.09683,1.636585,0.05022143,1.092298,-0.1861444,4,7
25.10228,1.642036,0.05012721,1.091127,-0.1873542,4,7
25.10824,1.647996,0.05024416,1.089683,-0.1891814,4,7
25.11415,1.6539,0.0502451,1.088033,-0.1915561,4,7
25.11994,1.659696,0.05032692,1.086614,-0.1928395,4,7
25.12516,1.664917,0.05035929,1.085239,-0.1946311,4,7
25.13112,1.670873,0.05055023,1.083772,-0.1961308,4,7
25.13663,1.676387,0.0506872,1.0823,-0.1975735,4,7
25.14298,1.682739,0.05086247,1.080849,-0.1990136,4,7
25.14787,1.687619,0.05095876,1.079609,-0.2004046,4,7
25.15401,1.693763,0.05117273,1.078127,-0.2019666,4,7
25.16051,1.700269,0.05130418,1.076773,-0.2033652,4,7
25.16616,1.70591,0.0514391,1.075379,-0.204873,4,7
25.17104,1.71079,0.05147462,1.074409,-0.2058395,4,7
25.177,1.716753,0.05161753,1.073191,-0.2071646,4,7
25.18227,1.722029,0.0517167,1.072131,-0.2082987,4,7
25.18683,1.726581,0.05179931,1.071422,-0.2090972,4,7
25.19275,1.73251,0.05196609,1.070524,-0.2102177,4,7
25.19755,1.737306,0.05208144,1.069529,-0.2113238,4,7
25.20351,1.743266,0.05230376,1.068987,-0.2121791,4,7
25.20967,1.749429,0.05239268,1.06807,-0.2131829,4,7
25.21421,1.753965,0.05250449,1.067267,-0.2141068,4,7
25.21931,1.759072,0.05256799,1.066777,-0.214637,4,7
25.22505,1.764805,0.05268753,1.065899,-0.2156377,4,7
25.22996,1.769714,0.0526922,1.065589,-0.216112,4,7
25.23497,1.774723,0.05278981,1.065223,-0.2166734,4,7
25.24127,1.781027,0.05288994,1.064525,-0.2175262,4,7
25.24611,1.785861,0.05305617,1.064169,-0.2178555,4,7
25.25151,1.791268,0.05316691,1.063566,-0.2185661,4,7
25.25768,1.797432,0.05340229,1.063392,-0.2189633,4,7
25.26321,1.802964,0.05353462,1.063425,-0.2191801,4,7
25.26854,1.808291,0.05363476,1.063427,-0.2196124,4,7
25.27427,1.81403,0.05377839,1.063097,-0.2201973,4,7
25.27946,1.819212,0.05387257,1.063178,-0.2202363,4,7
25.28402,1.823775,0.05397613,1.062997,-0.2205904,4,7
25.28967,1.829424,0.05406611,1.06317,-0.2207631,4,7
25.29433,1.834086,0.05417465,1.063044,-0.2211041,4,7
25.30056,1.840319,0.0542686,1.063189,-0.2212344,4,7
25.3061,1.845852,0.05438326,1.063105,-0.2215592,4,7
25.31097,1.85073,0.05430354,1.063546,-0.2211763,4,7
25.31661,1.856366,0.05438958,1.063845,-0.2213565,4,7
25.32323,1.862982,0.05448287,1.063931,-0.2215799,4,7
25.32833,1.868091,0.05457365,1.064129,-0.2214545,4,7
25.33368,1.873437,0.05466621,1.06424,-0.2215882,4,7
25.33976,1.879516,0.05475829,1.064349,-0.2217197,4,7
25.34515,1.884902,0.05495309,1.064886,-0.2211556,4,7
25.35026,1.890017,0.05505868,1.065071,-0.2211497,4,7
25.35497,1.894722,0.05522684,1.06534,-0.2208238,4,7
25.36091,1.900669,0.05543025,1.065558,-0.2204518,4,7
25.36606,1.905816,0.05556493,1.065759,-0.2203149,4,7
25.37095,1.910701,0.05570346,1.065729,-0.2199127,4,7
25.37665,1.916408,0.0557893,1.065981,-0.2194849,4,7
25.38202,1.92178,0.05590298,1.066143,-0.2192555,4,7
25.38678,1.92653,0.05601516,1.066304,-0.2190297,4,7
25.39345,1.933202,0.05635789,1.066696,-0.2184639,4,7
25.39886,1.938617,0.05651345,1.066892,-0.2181904,4,7
25.40378,1.94353,0.05667005,1.06709,-0.2179155,4,7
25.41063,1.95039,0.05710864,1.067281,-0.2172623,4,7
25.41518,1.954931,0.05729682,1.067461,-0.2169511,4,7
25.42281,1.962566,0.05735889,1.067514,-0.2161206,4,7
0.0200988,0.0200988,0,0,0.045,0,0
0.0401976,0.0401976,0.05244103,1.065085,-0.2068527,0,0
0.0601976,0.0601976,0.05173079,1.064958,-0.2071521,0,0
0.0670963,0.0670963,0.05159383,1.064991,-0.2071836,0,0
0.0729962,0.0729962,0.05148016,1.064987,-0.2072301,0,0
0.0785857,0.0785857,0.05138847,1.064983,-0.2072677,0,0
0.0836008,0.0836008,0.05136281,1.064963,-0.2073303,0,0
0.08812989,0.08812989,0.05128876,1.064957,-0.207368,0,0
0.09385479,0.09385479,0.05133027,1.064876,-0.2072813,0,0
0.0995924,0.0995924,0.05126315,1.06486,-0.2073068,0,0
0.1063169,0.1063169,0.05108319,1.064718,-0.2072391,0,0
0.1111576,0.1111576,0.0509983,1.06468,-0.2072475,0,0
0.1169742,0.1169742,0.05095992,1.064631,-0.2071124,0,0
0.1224927,0.1224927,0.05088016,1.064591,-0.2070971,0,0
0.1279762,0.1279762,0.0510386,1.064618,-0.2070666,0,0
0.1332821,0.1332821,0.05098901,1.064585,-0.2070485,0,0
0.1386766,0.1386766,0.05094637,1.064556,-0.2070329,0,0
0.1435644,0.1435644,0.05090256,1.064527,-0.207017,0,0
0.1491042,0.1491042,0.05080836,1.064491,-0.2068706,0,0
0.1544192,0.1544192,0.0508122,1.064503,-0.2068529,0,0
0.159489,0.159489,0.05077369,1.064481,-0.2068261,0,0
0.1648228,0.1648228,0.0506041,1.064386,-0.2067645,0,0
0.1713891,0.1713891,0.05052235,1.064334,-0.206736,0,0
0.1772774,0.1772774,0.05044948,1.064291,-0.2067019,0,0
0.1829825,0.1829825,0.05039679,1.064283,-0.2066936,0,0
0.1887548,0.1887548,0.05031085,1.064236,-0.2066632,0,0
0.1934369,0.1934369,0.05024292,1.064201,-0.2066365,0,0
0.1990109,0.1990109,0.05019752,1.064159,-0.2065998,0,0
0.2048961,0.2048961,0.05017162,1.064124,-0.2065613,0,0
0.2096919,0.2096919,0.05012403,1.064092,-0.2065336,0,0
0.2147542,0.2147542,0.05006715,1.064054,-0.2065005,0,0
0.2215632,0.2215632,0.05003963,1.064076,-0.2064924,0,0
0.2265851,0.2265851,0.04999677,1.064055,-0.2064699,0,0
0.2334537,0.2334537,0.04993623,1.064061,-0.2064608,0,0
0.2391928,0.2391928,0.04987901,1.064055,-0.2064569,0,0
0.2435347,0.2435347,0.04983914,1.064045,-0.2064443,0,0
0.2485546,0.2485546,0.0497938,1.064028,-0.2064375,0,0
0.2536558,0.2536558,0.04974287,1.064014,-0.2064232,0,0
0.2592829,0.2592829,0.04963673,1.063965,-0.2063927,0,0
0.2643364,0.2643364,0.04957847,1.063945,-0.2063763,0,0
0.2699562,0.2699562,0.04951522,1.063923,-0.2063585,0,0
0.2748977,0.2748977,0.04945369,1.063902,-0.2063413,0,0
0.2808251,0.2808251,0.04941287,1.063937,-0.2063694,0,0
0.2863514,0.2863514,0.04935276,1.063923,-0.2063583,0,0
0.2915824,0.2915824,0.04946642,1.063994,-0.2063695,0,0
0.2971466,0.2971466,0.04936808,1.064006,-0.2063346,0,0
0.3027479,0.3027479,0.04931179,1.064005,-0.2063192,0,0
0.3072538,0.3072538,0.04926524,1.064005,-0.2063065,0,0
0.3130314,0.3130314,0.04921231,1.064053,-0.2063184,0,0
0.3190624,0.3190624,0.04915851,1.064064,-0.2063088,0,0
0.3238092,0.3238092,0.04911116,1.064073,-0.2063004,0,0
0.3298535,0.3298535,0.04916941,1.064127,-0.2063247,0,0
0.3360016,0.3360016,0.04913306,1.064149,-0.2063184,0,0
0.3415284,0.3415284,0.04911716,1.064136,-0.2062852,0,0
0.3478829,0.3478829,0.0490929,1.064144,-0.206268,0,0
0.3537362,0.3537362,0.04907406,1.064162,-0.2062724,0,0
0.359116,0.359116,0.04905416,1.064172,-0.206266,0,0
0.364566,0.364566,0.0490622,1.064227,-0.2062838,0,0
0.369647,0.369647,0.04904787,1.064247,-0.2062826,0,0
0.3749474,0.3749474,0.04905779,1.064309,-0.2062898,0,0
0.3808267,0.3808267,0.04907422,1.064352,-0.2062882,0,0
0.3862039,0.3862039,0.04907104,1.064385,-0.2062883,0,0
0.3918505,0.3918505,0.04904177,1.064398,-0.2062985,0,0
0.3974718,0.3974718,0.04903353,1.064425,-0.2063006,0,0
0.4033493,0.4033493,0.04897222,1.064424,-0.2063366,0,0
0.4094892,0.4094892,0.04893794,1.064452,-0.2063865,0,0
0.4143302,0.4143302,0.04892248,1.064509,-0.2064147,0,0
0.4203333,0.4203333,0.04893152,1.064541,-0.2064338,0,0
0.4261396,0.4261396,0.04891844,1.064574,-0.2064549,0,0
0.4316636,0.4316636,0.04888834,1.06454,-0.2064609,0,0
0.4377683,0.4377683,0.04887169,1.064556,-0.2064776,0,0
0.4433754,0.4433754,0.04879487,1.064463,-0.2064709,0,0
0.454883,0.454883,0.0486627,1.064376,-0.2064923,0,0
0.4595342,0.4595342,0.04863376,1.064362,-0.2065005,0,0
0.46499,0.46499,0.04867291,1.064386,-0.206507,0,0
0.4710108,0.4710108,0.04869329,1.064382,-0.2065086,0,0
0.4767218,0.4767218,0.04868438,1.064375,-0.2065158,0,0
0.4826433,0.4826433,0.04865848,1.064333,-0.2064969,0,0
0.4887299,0.4887299,0.04860598,1.064277,-0.2064716,0,0
0.4937759,0.4937759,0.04858292,1.064251,-0.206466,0,0
0.4999925,0.4999925,0.04854044,1.064221,-0.2064545,0,0
0.5055864,0.5055864,0.04854257,1.064229,-0.2064762,0,0
0.5105144,0.5105144,0.04852346,1.064213,-0.2064766,0,0
0.5162213,0.5162213,0.04856042,1.064257,-0.2065036,0,0
0.5217022,0.5217022,0.04856181,1.064259,-0.2065113,0,0
0.5266362,0.5266362,0.04855753,1.064258,-0.2065174,0,0
0.5324607,0.5324607,0.04850049,1.064207,-0.206503,0,0
0.5391868,0.5391868,0.04844933,1.064145,-0.2064823,0,0
0.5444581,0.5444581,0.0484259,1.064121,-0.2064787,0,0
0.5502839,0.5502839,0.04843363,1.064105,-0.2064693,0,0
0.556794,0.556794,0.0484825,1.064126,-0.206462,0,0
0.5633469,0.5633469,0.04855261,1.064158,-0.2064453,0,0
0.568983,0.568983,0.04857056,1.064158,-0.206437,0,0
0.5744143,0.5744143,0.04860627,1.064179,-0.206409,0,0
0.5809736,0.5809736,0.0486305,1.064184,-0.2063948,0,0
0.5876575,0.5876575,0.04859031,1.064145,-0.2063489,0,0
0.5927985,0.5927985,0.0485966,1.06414,-0.2063296,0,0
0.5980145,0.5980145,0.04860206,1.064135,-0.2063128,0,0
0.60359,0.60359,0.04865145,1.064199,-0.206334,0,0
0.6089231,0.6089231,0.04866816,1.064211,-0.2063246,0,0
0.61413,0.61413,0.04872345,1.064251,-0.2062898,0,0
0.6203474,0.6203474,0.04873075,1.064248,-0.2062641,0,0
0.6263213,0.6263213,0.04875362,1.064262,-0.206244,0,0
0.6312301,0.6312301,0.04872062,1.064207,-0.2061918,0,0
0.6378452,0.6378452,0.04870168,1.064163,-0.2061401,0,0
0.6432963,0.6432963,0.04870238,1.064149,-0.2061081,0,0
0.6490754,0.6490754,0.04875081,1.064148,-0.2060847,0,0
0.6552997,0.6552997,0.04882337,1.06422,-0.2060605,0,0
0.6611999,0.6611999,0.04884865,1.06423,-0.2060347,0,0
0.6665201,0.6665201,0.04890486,1.064262,-0.2059873,0,0
0.67252,0.67252,0.04887005,1.064207,-0.2059312,0,0
0.6773381,0.6773381,0.04888217,1.064205,-0.2059024,0,0
0.6822194,0.6822194,0.04880743,1.064119,-0.2058495,0,0
0.6892207,0.6892207,0.0487737,1.064062,-0.205794,0,0
0.695693,0.695693,0.04878758,1.06404,-0.2057541,0,0
0.7023823,0.7023823,0.0487827,1.064012,-0.2057108,0,0
0.7073199,0.7073199,0.04877872,1.063989,-0.2056756,0,0
0.7142113,0.7142113,0.04882122,1.063977,-0.2056303,0,0
0.7211335,0.7211335,0.04879854,1.063909,-0.2055992,0,0
0.7263074,0.7263074,0.04879835,1.063883,-0.2055662,0,0
0.7319482,0.7319482,0.04870938,1.063763,-0.2054718,0,0
0.7388422,0.7388422,0.04868545,1.063707,-0.2054164,0,0
0.7438208,0.7438208,0.0486376,1.063651,-0.2053932,0,0
0.7491654,0.7491654,0.04861133,1.063601,-0.2053501,0,0
0.7555419,0.7555419,0.04866417,1.063744,-0.2054059,0,0
0.7610281,0.7610281,0.04865642,1.063737,-0.2053858,0,0
0.7669104,0.7669104,0.04864708,1.063728,-0.2053616,0,0
0.7727928,0.7727928,0.04862595,1.063747,-0.2053376,0,0
0.7786028,0.7786028,0.0485688,1.0637,-0.2052872,0,0
0.7849298,0.7849298,0.04852406,1.063665,-0.2052381,0,0
0.7901911,0.7901911,0.04856743,1.0637,-0.2052187,0,0
0.7955596,0.7955596,0.04862967,1.063762,-0.2052175,0,0
0.8013545,0.8013545,0.04863976,1.063775,-0.2051974,0,0
0.8064193,0.8064193,0.04864314,1.063839,-0.205204,0,0
0.8122789,0.8122789,0.04859065,1.06387,-0.2052127,0,0
0.8179749,0.8179749,0.04858335,1.063895,-0.2052053,0,0
0.823534,0.823534,0.04848463,1.06386,-0.2052411,0,0
0.8292481,0.8292481,0.04843004,1.063849,-0.2052827,0,0
0.8345982,0.8345982,0.04839183,1.063854,-0.2052966,0,0
0.8398643,0.8398643,0.04836112,1.063859,-0.2053078,0,0
0.845382,0.845382,0.04838668,1.063921,-0.2054114,0,0
0.8506795,0.8506795,0.04836408,1.063941,-0.2054464,0,0
0.8557692,0.8557692,0.04834614,1.063956,-0.2054742,0,0
0.8610176,0.8610176,0.0483189,1.064002,-0.2055537,0,0
0.8661863,0.8661863,0.04829676,1.064026,-0.2055953,0,0
0.8756788,0.8756788,0.04810569,1.063902,-0.2056894,0,0
0.8811783,0.8811783,0.04805743,1.063895,-0.2057309,0,0
0.8875391,0.8875391,0.04798895,1.063805,-0.2057692,0,0
0.8932073,0.8932073,0.04792956,1.063779,-0.2058159,0,0
0.8992332,0.8992332,0.04804674,1.06377,-0.2057804,0,0
0.9053641,0.9053641,0.04801518,1.063747,-0.2058145,0,0
0.911129,0.911129,0.04798268,1.063722,-0.2058496,0,0
0.9179926,0.9179926,0.04795974,1.063665,-0.2058623,0,0
0.9229883,0.9229883,0.04793539,1.063641,-0.2058868,0,0
0.9276316,0.9276316,0.0479128,1.063619,-0.2059096,0,0
0.9331579,0.9331579,0.04785971,1.063462,-0.2058672,0,0
0.9391758,0.9391758,0.04777803,1.063396,-0.205831,0,0
0.9445202,0.9445202,0.0477414,1.063352,-0.2058408,0,0
0.9502338,0.9502338,0.04769842,1.0633,-0.2058522,0,0
0.9564557,0.9564557,0.04771785,1.063239,-0.2059235,0,0
0.9620213,0.9620213,0.04768985,1.06319,-0.2059448,0,0
0.968596,0.968596,0.04768173,1.063243,-0.2059417,0,0
0.9735083,0.9735083,0.04759524,1.063223,-0.2059281,0,0
0.9798279,0.9798279,0.0475668,1.063239,-0.2059143,0,0
0.9859073,0.9859073,0.04752811,1.06322,-0.2059182,0,0
0.9911963,0.9911963,0.04757143,1.063285,-0.2059553,0,0
0.9977878,0.9977878,0.04767413,1.06338,-0.2060509,0,0
1.003261,1.003261,0.04768676,1.063405,-0.2060825,0,0
1.008291,1.008291,0.04772567,1.063471,-0.206107,0,0
1.0143,1.0143,0.04768777,1.06352,-0.2060965,0,0
1.020113,1.020113,0.04768344,1.06358,-0.2060678,0,0
1.025519,1.025519,0.0476852,1.063621,-0.2060736,0,0
1.031024,1.031024,0.0476872,1.063668,-0.2060802,0,0
1.037051,1.037051,0.04781478,1.063884,-0.2060058,0,0
1.042253,1.042253,0.0478427,1.063961,-0.2059964,0,0
1.048225,1.048225,0.04787115,1.064047,-0.2060132,0,0
1.053855,1.053855,0.04787318,1.064111,-0.2060291,0,0
1.06213,1.06213,0.04787867,1.064211,-0.2060414,7,0
1.068985,0.0068547,0.04789589,1.064299,-0.206047,7,1
1.074071,0.0119411,0.04790398,1.064368,-0.2060565,7,1
1.078793,0.016663,0.04791395,1.064424,-0.2060611,7,1
1.085191,0.0230614,0.04794619,1.06454,-0.2060746,7,1
1.09014,0.0280104,0.04796075,1.06461,-0.2060812,7,1
1.096019,0.0338892,0.04794165,1.064678,-0.2061057,7,1
1.102487,0.0403571,0.04794933,1.064757,-0.2061172,7,1
1.107643,0.0455129,0.04795596,1.064826,-0.2061272,7,1
1.112684,0.0505541,0.04788769,1.064835,-0.2061466,7,1
1.118921,0.056791,0.04787836,1.064896,-0.2061596,7,1
1.125351,0.0632207,0.04787432,1.064969,-0.2061936,7,1
1.131793,0.0696633,0.04787954,1.065052,-0.2062371,7,1
1.137657,0.0755267,0.04785969,1.065121,-0.20629,7,1
1.142343,0.0802129,0.04785267,1.065175,-0.2063156,7,1
1.147129,0.0849989,0.04783842,1.065223,-0.206376,7,1
1.152529,0.09039859,0.04782765,1.065289,-0.2064176,7,1
1.158448,0.09631839,0.04777282,1.06531,-0.2064772,7,1
1.164057,0.101927,0.04775227,1.065364,-0.206522,7,1
1.169641,0.1075106,0.04773188,1.065417,-0.2065664,7,1
1.174661,0.1125312,0.04771169,1.06547,-0.2066104,7,1
1.180422,0.118292,0.04762718,1.065434,-0.2066642,7,1
1.185355,0.123225,0.04760047,1.065471,-0.2067056,7,1
1.189993,0.1278633,0.04757575,1.065505,-0.2067438,7,1
1.195,0.1328697,0.04759903,1.06538,-0.2067187,7,1
1.20129,0.1391596,0.04757276,1.065405,-0.2067605,7,1
1.206922,0.1447918,0.0475475,1.06543,-0.2068007,7,1
1.212627,0.1504968,0.04739876,1.065347,-0.2069749,7,1
1.218425,0.1562951,0.04735081,1.065351,-0.2070394,7,1
1.223036,0.1609054,0.04730997,1.065355,-0.2070943,7,1
1.227881,0.165751,0.04726629,1.065359,-0.2071531,7,1
1.232937,0.1708068,0.04721331,1.065318,-0.2072154,7,1
1.23808,0.1759502,0.0471708,1.065316,-0.2072713,7,1
1.243239,0.1811089,0.04712431,1.065313,-0.2073325,7,1
1.249865,0.1877351,0.04714251,1.065244,-0.2072948,7,1
1.254609,0.1924785,0.04710391,1.065234,-0.207344,7,1
1.260015,0.1978851,0.04706607,1.065224,-0.2073923,7,1
1.265397,0.203267,0.04704237,1.065117,-0.2073637,7,1
1.270135,0.2080047,0.04700878,1.065097,-0.2074004,7,1
1.275427,0.2132966,0.04696866,1.065074,-0.2074441,7,1
1.281026,0.2188961,0.04696525,1.064941,-0.2073855,7,1
1.286412,0.2242819,0.04693132,1.064905,-0.2074149,7,1
1.291343,0.229213,0.04689987,1.064753,-0.2073534,7,1
1.29649,0.2343599,0.04686977,1.064706,-0.2073682,7,1
1.302167,0.2400367,0.04679982,1.064518,-0.2073475,7,1
1.307431,0.2453005,0.04676019,1.06444,-0.2073561,7,1
1.312658,0.2505277,0.0467174,1.064357,-0.2073654,7,1
1.318682,0.2565521,0.04663433,1.064163,-0.2074061,7,1
1.324115,0.2619844,0.04663597,1.06423,-0.207301,7,1
1.329088,0.2669574,0.04662172,1.064171,-0.2072593,7,1
1.334812,0.2726816,0.04658256,1.064089,-0.2072434,7,1
1.340677,0.2785465,0.04659378,1.064095,-0.2071955,7,1
1.345591,0.2834606,0.04656738,1.064075,-0.207147,7,1
1.351104,0.288974,0.04654071,1.064026,-0.2071157,7,1
1.356793,0.2946631,0.04645235,1.063956,-0.2070415,7,1
1.36116,0.2990302,0.04641957,1.063914,-0.2070087,7,1
1.366482,0.3043518,0.04633535,1.06388,-0.2068938,7,1
1.372264,0.3101342,0.04630959,1.06387,-0.2068287,7,1
1.377465,0.3153346,0.04627281,1.063837,-0.2067793,7,1
1.383905,0.3217747,0.04630786,1.063851,-0.2067752,7,1
1.390265,0.3281353,0.04631446,1.063868,-0.2067281,7,1
1.396136,0.3340062,0.04629945,1.063855,-0.2066879,7,1
1.402101,0.3399712,0.04627378,1.063861,-0.206618,7,1
1.407213,0.3450829,0.04618783,1.06383,-0.2065542,7,1
1.412446,0.3503158,0.04611959,1.063824,-0.2064949,7,1
1.418604,0.3564739,0.04607501,1.063811,-0.2064392,7,1
1.423215,0.3610847,0.04603951,1.063801,-0.2063949,7,1
1.431915,0.3697846,0.04600581,1.063966,-0.2062818,7,1
1.4376,0.3754693,0.04603865,1.064048,-0.2062154,7,1
1.442163,0.3800332,0.04602447,1.064083,-0.2061641,7,1
1.446978,0.3848478,0.04600941,1.064119,-0.2061096,7,1
1.452431,0.3903012,0.04597827,1.064158,-0.2060164,7,1
1.457392,0.395262,0.0458803,1.064193,-0.2059316,7,1
1.462286,0.4001553,0.04584591,1.06423,-0.2058657,7,1
1.468304,0.4061733,0.04580316,1.064275,-0.2057838,7,1
1.474148,0.4120176,0.04568492,1.064359,-0.2057127,7,1
1.48056,0.4184293,0.04575488,1.064448,-0.2057995,7,1
1.485783,0.4236524,0.04572476,1.064499,-0.2057556,7,1
1.491486,0.4293554,0.04563176,1.064655,-0.205667,7,1
1.49789,0.4357601,0.04554784,1.064704,-0.2056126,7,1
1.503708,0.4415773,0.04549102,1.064775,-0.2055556,7,1
1.509274,0.4471433,0.04543768,1.064842,-0.2055022,7,1
1.513639,0.4515088,0.04537582,1.064831,-0.2054851,7,1
1.519828,0.4576978,0.04531673,1.064888,-0.2054345,7,1
1.524982,0.4628513,0.04532671,1.064807,-0.2055665,7,1
1.529871,0.4677407,0.04525912,1.064889,-0.2055638,7,1
1.535697,0.4735662,0.04519708,1.064945,-0.2055431,7,1
1.541546,0.4794152,0.0451254,1.065032,-0.2055096,7,1
1.546464,0.4843341,0.04507395,1.065082,-0.2054905,7,1
1.55259,0.4904599,0.04499868,1.06514,-0.2054807,7,1
1.558034,0.4959033,0.04495308,1.065201,-0.2054919,7,1
1.562886,0.500756,0.04495236,1.065323,-0.20552,7,1
1.568648,0.5065179,0.04490597,1.065402,-0.2055181,7,1
1.573897,0.5117664,0.04496649,1.065684,-0.2055085,7,1
1.579141,0.5170105,0.04503334,1.065972,-0.2054911,7,1
1.584959,0.5228283,0.04503615,1.066155,-0.2054832,7,1
1.590219,0.5280889,0.04507203,1.066455,-0.2054231,7,1
1.595409,0.5332785,0.04508267,1.066665,-0.2054024,7,1
1.602471,0.5403404,0.04515424,1.067049,-0.2052905,7,1
1.607481,0.5453502,0.04527844,1.067388,-0.2051653,7,1
1.612993,0.5508622,0.04547311,1.067782,-0.2050644,7,1
1.618988,0.5568576,0.045556,1.068072,-0.2049962,7,1
1.623648,0.5615173,0.0456274,1.068323,-0.2049374,7,1
1.628725,0.5665947,0.04597283,1.069337,-0.2046245,7,1
1.634761,0.5726308,0.04613712,1.06988,-0.2044782,7,1
1.639929,0.5777984,0.04629124,1.070416,-0.2043551,7,1
1.644253,0.5821222,0.04640678,1.070807,-0.2042545,7,1
1.648783,0.5866524,0.04652594,1.071214,-0.2041503,7,1
1.65319,0.59106,0.04665839,1.071669,-0.2040341,7,1
1.659228,0.5970972,0.04690081,1.072417,-0.2035887,7,1
1.664059,0.6019285,0.04703943,1.07289,-0.2034331,7,1
1.669277,0.6071463,0.0471869,1.073398,-0.2032667,7,1
1.674474,0.6123441,0.04734509,1.073948,-0.2030873,7,1
1.680176,0.6180453,0.0476686,1.074343,-0.2027277,7,1
1.685119,0.6229886,0.04782457,1.074821,-0.2025505,7,1
1.68927,0.6271399,0.04795149,1.075213,-0.2024056,7,1
1.693502,0.6313713,0.04809723,1.075668,-0.2022385,7,1
1.698067,0.6359364,0.04822247,1.076061,-0.2020942,7,1
1.703718,0.6415874,0.04930549,1.077258,-0.2010078,7,1
1.709484,0.6473535,0.04956185,1.077869,-0.2007268,7,1
1.715457,0.6533267,0.04985485,1.078576,-0.2004042,7,1
1.722006,0.6598755,0.05270611,1.082388,-0.1974407,7,1
1.726571,0.6644409,0.053186,1.083212,-0.1969364,7,1
1.731781,0.669651,0.05513844,1.086059,-0.1948984,7,1
1.738165,0.6760349,0.05610112,1.087604,-0.193889,7,1
1.743588,0.6814573,0.05715507,1.088936,-0.1926663,7,1
1.748494,0.6863636,0.0579825,1.090212,-0.1917768,7,1
1.755169,0.6930383,0.0591541,1.091677,-0.1904363,7,1
1.759929,0.697799,0.05988016,1.092759,-0.1896459,7,1
1.764844,0.7027136,0.06068875,1.093973,-0.1887659,7,1
1.770904,0.7087736,0.06073117,1.093455,-0.1887453,7,1
1.776587,0.7144564,0.06145924,1.09448,-0.1879577,7,1
1.781259,0.7191283,0.06211852,1.095415,-0.1872451,7,1
1.786675,0.7245448,0.06287893,1.096502,-0.186424,7,1
1.791437,0.7293062,0.06379122,1.0974,-0.1853935,7,1
1.797273,0.7351428,0.06487074,1.098575,-0.1840813,7,1
1.803315,0.7411844,0.06580529,1.099802,-0.1830437,7,1
1.80878,0.7466497,0.06805316,1.102456,-0.1803793,7,1
1.813668,0.7515377,0.06928269,1.103805,-0.1790674,7,1
1.820124,0.7579937,0.07030708,1.104853,-0.1778165,7,1
1.824528,0.762398,0.07119768,1.105899,-0.1768001,7,1
1.829949,0.767819,0.07206954,1.106615,-0.1756806,7,1
1.836238,0.7741077,0.07338496,1.108066,-0.1741501,7,1
1.841595,0.7794641,0.0740492,1.108492,-0.1731261,7,1
1.847,0.7848698,0.07505296,1.109531,-0.1719138,7,1
1.852884,0.7907539,0.07611004,1.110198,-0.1703752,7,1
1.858003,0.7958722,0.07693969,1.110683,-0.169365,7,1
1.864004,0.8018738,0.07802282,1.1114,-0.1680805,7,1
1.870275,0.808145,0.07914177,1.112232,-0.166611,7,1
1.875333,0.8132029,0.07994094,1.112862,-0.165624,7,1
1.880031,0.8179002,0.0807901,1.113529,-0.1645862,7,1
1.885811,0.8236805,0.08181329,1.11433,-0.1633505,7,1
1.890846,0.8287151,0.08264312,1.114835,-0.1621625,7,1
1.896115,0.8339849,0.08225369,1.114483,-0.1623001,7,1
1.901935,0.8398045,0.08306462,1.115082,-0.1612401,7,1
1.906403,0.8442723,0.08431197,1.115929,-0.1593039,7,1
1.910611,0.8484808,0.08509257,1.116482,-0.1582395,7,1
1.915764,0.8536333,0.08575734,1.11694,-0.1571902,7,1
1.920893,0.8587629,0.08628169,1.117369,-0.156217,7,1
1.925711,0.8635807,0.08699845,1.117881,-0.155171,7,1
1.931186,0.8690559,0.08789026,1.11851,-0.1538888,7,1
1.937098,0.8749671,0.08769836,1.118433,-0.1530165,7,1
1.942002,0.8798719,0.08824485,1.118827,-0.1520121,7,1
1.947559,0.8854286,0.08856575,1.119355,-0.1510286,7,1
1.952783,0.8906531,0.08913072,1.11983,-0.1499055,7,1
1.958162,0.8960319,0.08962295,1.120235,-0.1489418,7,1
1.96276,0.9006299,0.0900902,1.120612,-0.1480395,7,1
1.967801,0.9056705,0.09061038,1.121025,-0.1470487,7,1
1.973063,0.9109324,0.08967841,1.121042,-0.1473239,7,1
1.979156,0.9170253,0.09002152,1.121835,-0.1454171,7,1
1.984577,0.9224471,0.09035628,1.122313,-0.1442878,7,1
1.990011,0.9278807,0.09070245,1.122793,-0.1431409,7,1
1.994633,0.9325032,0.09102355,1.123227,-0.1420951,7,1
1.999436,0.9373053,0.09131655,1.123613,-0.1411554,7,1
2.005389,0.9432594,0.09119151,1.124034,-0.1397979,7,1
2.010342,0.9482123,0.09148259,1.12448,-0.1386414,7,1
2.015602,0.9534718,0.09174716,1.124873,-0.1376105,7,1
2.021657,0.9595267,0.09048158,1.124363,-0.139256,7,1
2.026735,0.9646049,0.09060576,1.124683,-0.1384541,7,1
2.032126,0.9699957,0.08994994,1.125611,-0.1368457,7,1
2.038518,0.9763882,0.08949478,1.12685,-0.1344223,7,1
2.043858,0.9817281,0.08940001,1.127459,-0.1331101,7,1
2.04944,0.9873099,0.08906344,1.12813,-0.1319118,7,1
2.055032,0.9929023,0.0889015,1.128823,-0.1304487,7,1
2.060785,0.9986549,0.08847088,1.129226,-0.1295889,7,1
2.070587,1.008457,0.08774856,1.130089,-0.1277209,7,1
2.074969,1.012838,0.08755562,1.130458,-0.1269137,7,1
2.08139,1.01926,0.08726104,1.130943,-0.1256092,7,1
2.086025,1.023895,0.08703617,1.131355,-0.1246351,7,1
2.091506,1.029376,0.08663655,1.131987,-0.1233564,7,1
2.097008,1.034878,0.0863939,1.13234,-0.1223435,7,1
2.103004,1.040874,0.08609267,1.132849,-0.121102,7,1
2.108,1.045869,0.0857851,1.133337,-0.1202731,7,1
2.113694,1.051563,0.08550953,1.133998,-0.1191467,7,1
2.118989,1.056859,0.08526386,1.134449,-0.118181,7,1
2.124672,1.062541,0.08472099,1.135025,-0.1170889,7,1
2.130716,1.068586,0.08433022,1.135627,-0.1158084,7,1
2.136728,1.074598,0.0837744,1.136109,-0.1147664,7,1
2.141359,1.079228,0.0834978,1.136563,-0.1139609,7,1
2.14618,1.084049,0.08319529,1.137151,-0.1131745,7,1
2.150724,1.088593,0.08286673,1.137648,-0.1122364,7,1
2.156114,1.093983,0.08260087,1.13817,-0.1114254,7,1
2.161526,1.099395,0.0822611,1.138711,-0.1104316,7,1
2.167361,1.10523,0.08195548,1.139272,-0.1094404,7,1
2.172335,1.110204,0.0816667,1.139735,-0.1085477,7,1
2.178271,1.11614,0.08134785,1.140254,-0.1075753,7,1
2.184064,1.121933,0.08099269,1.140755,-0.1066066,7,1
2.189206,1.127075,0.08078747,1.141327,-0.1058666,7,1
2.194346,1.132215,0.08048429,1.141867,-0.1049171,7,1
2.199573,1.137443,0.08019266,1.142349,-0.1042217,7,1
2.205395,1.143265,0.07989045,1.142908,-0.1034114,7,1
2.21051,1.148379,0.07959152,1.143442,-0.1025298,7,1
2.21563,1.1535,0.07929859,1.143876,-0.1018727,7,1
2.221582,1.159452,0.07896472,1.144451,-0.1009257,7,1
2.226565,1.164435,0.07861933,1.144849,-0.1002376,7,1
2.231696,1.169566,0.07810628,1.14527,-0.09938478,7,1
2.237751,1.175621,0.07762002,1.145701,-0.09862128,7,1
2.242682,1.180551,0.0772734,1.146113,-0.09789149,7,1
2.247426,1.185295,0.07675545,1.146389,-0.09721307,7,1
2.252797,1.190667,0.07629798,1.146843,-0.09634753,7,1
2.258504,1.196373,0.07578022,1.147165,-0.09561071,7,1
2.263201,1.20107,0.07550379,1.147349,-0.09492771,7,1
2.268572,1.206441,0.07509179,1.147703,-0.09413734,7,1
2.27395,1.211819,0.07455193,1.147938,-0.09320779,7,1
2.278945,1.216815,0.07408204,1.148159,-0.09238905,7,1
2.284862,1.222731,0.07358181,1.148491,-0.09145871,7,1
2.290514,1.228384,0.07314363,1.14877,-0.09050259,7,1
2.296371,1.234241,0.07279465,1.149,-0.08966623,7,1
2.302884,1.240753,0.0722985,1.149325,-0.08863781,7,1
2.307537,1.245406,0.07201504,1.149654,-0.08811365,7,1
2.313184,1.251054,0.07145192,1.15005,-0.08724451,7,1
2.319059,1.256928,0.07104258,1.150347,-0.08646715,7,1
2.324262,1.262131,0.07047137,1.1505,-0.08560821,7,1
2.329757,1.267627,0.06991852,1.150586,-0.08465663,7,1
2.335084,1.272954,0.06941863,1.150818,-0.08376215,7,1
2.340333,1.278202,0.06900189,1.151011,-0.083009,7,1
2.34565,1.28352,0.0685882,1.151429,-0.08223735,7,1
2.351893,1.289763,0.06802027,1.151743,-0.08119246,7,1
2.356914,1.294784,0.06763911,1.151954,-0.08048397,7,1
2.362184,1.300054,0.06722721,1.152219,-0.0797165,7,1
2.368141,1.30601,0.06674167,1.152491,-0.07880464,7,1
2.373594,1.311464,0.06682007,1.152073,-0.07939219,7,1
2.378819,1.316689,0.06647334,1.152232,-0.07879025,7,1
2.384554,1.322424,0.0648752,1.15269,-0.07596927,7,1
2.389817,1.327687,0.06434758,1.152907,-0.07474586,7,1
2.395096,1.332966,0.06368352,1.153154,-0.07348774,7,1
2.400632,1.338502,0.06349483,1.153247,-0.07249565,7,1
2.405939,1.343809,0.06325941,1.153333,-0.07135797,7,1
2.411316,1.349186,0.06296539,1.153386,-0.0700713,7,1
2.417567,1.355437,0.0625522,1.153523,-0.06886999,7,1
2.423237,1.361107,0.06235001,1.153576,-0.06754801,7,1
2.428304,1.366174,0.06202723,1.153678,-0.06642771,7,1
2.434427,1.372297,0.06176918,1.153704,-0.06485771,7,1
2.440706,1.378576,0.06147486,1.153804,-0.06334396,7,1
2.445478,1.383348,0.06125317,1.15383,-0.06216708,7,1
2.451254,1.389124,0.06092837,1.153908,-0.06067747,7,1
2.457614,1.395484,0.06067466,1.154156,-0.05910683,7,1
2.462497,1.400367,0.06043938,1.154294,-0.0576739,7,1
2.468219,1.406089,0.0601708,1.15441,-0.05622894,7,1
2.473318,1.411188,0.05979084,1.154549,-0.05466326,7,1
2.479072,1.416942,0.05943642,1.154533,-0.0530279,7,1
2.48601,1.42388,0.05905263,1.154635,-0.05109702,7,1
2.490953,1.428823,0.05883922,1.154757,-0.04942767,7,1
2.497045,1.434914,0.05867316,1.154897,-0.04770604,7,1
2.502742,1.440612,0.05842365,1.154997,-0.04606238,7,1
2.507631,1.445501,0.05826224,1.155002,-0.04442957,7,1
2.513049,1.450919,0.05809194,1.154956,-0.04250809,7,1
2.51883,1.4567,0.0579024,1.154994,-0.04090083,7,1
2.522983,1.460853,0.0577574,1.155022,-0.03962152,7,1
2.527967,1.465837,0.0575906,1.155052,-0.03808985,7,1
2.53318,1.47105,0.05759054,1.154969,-0.03614873,7,1
2.538419,1.476289,0.05747034,1.154977,-0.03465932,7,1
2.543609,1.481478,0.05762356,1.155014,-0.03482508,7,1
2.549123,1.486992,0.0575248,1.155028,-0.03337142,7,1
2.554455,1.492324,0.05742811,1.155041,-0.03182197,7,1
2.559978,1.497847,0.0574555,1.155204,-0.02762072,7,1
2.565607,1.503476,0.05742921,1.155177,-0.02775131,7,1
2.571175,1.509044,0.0571909,1.155096,-0.024262,7,1
2.577421,1.51529,0.0570899,1.155092,-0.02211715,7,1
2.582995,1.520864,0.05682897,1.154871,-0.01998533,7,1
2.58899,1.52686,0.05663573,1.154932,-0.01843771,7,1
2.594945,1.532815,0.05647758,1.154903,-0.01621402,7,1
2.601552,1.539422,0.05621931,1.154715,-0.01459402,7,1
2.607569,1.545439,0.05601145,1.154521,-0.01302284,7,1
2.613054,1.550923,0.0557785,1.15433,-0.01149543,7,1
2.619267,1.557136,0.05560016,1.154208,-0.009807087,7,1
2.624573,1.562443,0.05549156,1.153859,-0.008619271,7,1
2.630362,1.568231,0.05546657,1.153475,-0.007088665,7,1
2.636797,1.574666,0.05534631,1.153232,-0.005484566,7,1
2.641841,1.57971,0.0554473,1.152861,-0.004277207,7,1
2.647493,1.585362,0.05557747,1.152505,-0.002926894,7,1
2.65342,1.591289,0.05556701,1.152169,-0.001289483,7,1
2.658443,1.596312,0.05575084,1.15185,-0.0002766028,7,1
2.662928,1.600797,0.05578558,1.151594,0.0006969497,7,1
2.668542,1.606411,0.05582941,1.151275,0.002055779,7,1
2.673784,1.611654,0.05596692,1.151137,0.003073879,7,1
2.678639,1.616508,0.05602437,1.150915,0.004081603,7,1
2.68469,1.622559,0.05611398,1.150925,0.005095698,7,1
2.690135,1.628004,0.05612359,1.151032,0.005921144,7,1
2.694321,1.632191,0.05617806,1.150915,0.006859262,7,1
2.700985,1.638855,0.05623881,1.151071,0.00767152,7,1
2.706349,1.644219,0.05610266,1.151069,0.008397125,7,1
2.710613,1.648482,0.05611764,1.151019,0.009223655,7,1
2.719866,1.657736,0.05604569,1.151156,0.01034568,7,1
2.724207,1.662077,0.05607654,1.151334,0.01065601,7,1
2.728875,1.666745,0.05608278,1.151359,0.01132216,7,1
2.73451,1.67238,0.05609322,1.151388,0.01219652,7,1
2.739901,1.67777,0.05597833,1.151615,0.01236115,7,1
2.745431,1.683301,0.05622179,1.152,0.01256006,7,1
2.751531,1.689401,0.05626642,1.15215,0.01326707,7,1
2.757088,1.694958,0.05634486,1.152248,0.01282918,7,1
2.762027,1.699897,0.05638444,1.15236,0.01323429,7,1
2.768023,1.705893,0.05643789,1.152662,0.01390524,7,1
2.77339,1.71126,0.05656943,1.152824,0.01414839,7,1
2.779348,1.717217,0.05682231,1.15302,0.01430528,7,1
2.784859,1.722729,0.05693809,1.153191,0.01465848,7,1
2.790063,1.727933,0.05716529,1.153386,0.01475078,7,1
2.796179,1.734048,0.05727216,1.153538,0.0149477,7,1
2.801671,1.73954,0.05738592,1.153685,0.01517486,7,1
2.807012,1.744882,0.05735493,1.153766,0.01516379,7,1
2.813173,1.751043,0.05734595,1.153831,0.0152228,7,1
2.818257,1.756127,0.05739481,1.153927,0.01534252,7,1
2.823425,1.761294,0.05732705,1.153825,0.01540014,7,1
2.828284,1.766153,0.05735408,1.153884,0.01551324,7,1
2.833274,1.771144,0.05735673,1.153837,0.01560373,7,1
2.839757,1.777627,0.05739176,1.153963,0.0156357,7,1
2.845156,1.783026,0.05741868,1.154025,0.01573258,7,1
2.85062,1.78849,0.05753471,1.153963,0.01583912,7,1
2.85604,1.79391,0.05752428,1.153976,0.01582316,7,1
2.860985,1.798855,0.05755451,1.154003,0.01588899,7,1
2.866299,1.804168,0.05748255,1.153829,0.01607714,7,1
2.871887,1.809757,0.05749293,1.153813,0.0161831,7,1
2.877323,1.815193,0.05750187,1.153798,0.01627303,7,1
2.882527,1.820397,0.05806428,1.153618,0.01634816,7,1
2.8877,1.82557,0.05817014,1.153575,0.01643751,7,1
2.892017,1.829887,0.05826944,1.153535,0.01652116,7,1
2.897217,1.835087,0.05837207,1.153494,0.01660742,7,1
2.902902,1.840772,0.05849223,1.153446,0.01670819,7,1
2.907922,1.845792,0.05886399,1.153589,0.01662261,7,1
2.91268,1.85055,0.05900998,1.153568,0.01669335,7,1
2.918707,1.856577,0.05881511,1.153661,0.01645958,7,1
2.923148,1.861018,0.05890912,1.153654,0.01649383,7,1
2.927944,1.865815,0.05901228,1.153645,0.0165313,7,1
2.935421,1.873291,0.05943356,1.153531,0.01662761,7,1
2.940675,1.878545,0.05930174,1.153782,0.01639335,7,1
2.946192,1.884063,0.05937454,1.153921,0.01628292,7,1
2.951952,1.889822,0.05949434,1.153976,0.0162551,7,1
2.957332,1.895203,0.059488,1.154042,0.01612788,7,1
2.96271,1.90058,0.05956697,1.154094,0.0160804,7,1
2.968939,1.906809,0.05956696,1.154077,0.01598182,7,1
2.974512,1.912383,0.05966893,1.154178,0.01573713,7,1
2.980619,1.918489,0.05974055,1.15423,0.01563619,7,1
2.986125,1.923995,0.05982522,1.154448,0.01530408,7,1
2.991772,1.929643,0.059911,1.154561,0.01507296,7,1
2.998035,1.935906,0.05998744,1.154652,0.01490607,7,1
3.003681,1.941551,0.05971906,1.154602,0.01442337,7,1
3.00869,1.946561,0.05971364,1.154652,0.01420658,7,1
3.014816,1.952687,0.05970655,1.154726,0.01366342,7,1
3.020878,1.958749,0.05975726,1.154859,0.01316972,7,1
3.025865,1.963735,0.05976584,1.154931,0.012846,7,1
3.031447,1.969317,0.05965856,1.155056,0.01233651,7,1
3.037135,1.975005,0.05964137,1.155137,0.01197849,7,1
3.042296,1.980166,0.05944538,1.155356,0.01131175,7,1
3.047888,1.985758,0.05914886,1.155492,0.01053275,7,1
3.053469,1.991339,0.05894668,1.155602,0.009738341,7,1
3.058728,1.996598,0.05883308,1.155698,0.009245411,7,1
3.064124,2.001994,0.05870544,1.155864,0.008433688,7,1
3.069448,2.007318,0.0585746,1.155988,0.007796891,7,1
3.07456,2.01243,0.05849752,1.156144,0.006861031,7,1
3.08023,2.018101,0.05848015,1.156289,0.00598231,7,1
3.085915,2.023785,0.05838303,1.15643,0.00519209,7,1
3.091402,2.029272,0.05841474,1.156531,0.004091799,7,1
3.096565,2.034435,0.05839425,1.156564,0.003191486,7,1
3.102265,2.040135,0.05833913,1.156672,0.002287194,7,1
3.107998,2.045868,0.05823369,1.156726,0.001064166,7,1
3.112864,2.050734,0.05805551,1.156797,-0.0001929477,7,1
3.118357,2.056227,0.05797024,1.156875,-0.001147598,7,1
3.123484,2.061354,0.05802827,1.157114,-0.002379946,7,1
3.128355,2.066225,0.05797927,1.15722,-0.003346123,7,1
3.134937,2.072807,0.05802279,1.157599,-0.005331542,7,1
3.14073,2.0786,0.05782414,1.157856,-0.007009219,7,1
3.146078,2.083948,0.05776015,1.158032,-0.008288957,7,1
3.15186,2.08973,0.05768702,1.158237,-0.009816092,7,1
3.157004,2.094874,0.05733205,1.15839,-0.01164959,7,1
3.162447,2.100317,0.05719107,1.158398,-0.01231572,7,1
3.167953,2.105823,0.05707331,1.158546,-0.0136341,7,1
3.173045,2.110915,0.05671708,1.158917,-0.01734285,7,1
3.17806,2.11593,0.05657951,1.159073,-0.01889427,7,1
3.183702,2.121572,0.05641148,1.159263,-0.0208448,7,1
3.188292,2.126162,0.05628747,1.159382,-0.02348489,7,1
3.193308,2.131178,0.05613577,1.159553,-0.02558471,7,1
3.199049,2.136919,0.05631504,1.159639,-0.02568366,7,1
3.204284,2.142154,0.05628994,1.159982,-0.02972913,7,1
3.209664,2.147534,0.05621068,1.160186,-0.03214381,7,1
3.215111,2.152981,0.05613248,1.160319,-0.03520831,7,1
3.221347,2.159217,0.05615347,1.160315,-0.03783096,7,1
3.22585,2.16372,0.05611754,1.160412,-0.03990556,7,1
3.231417,2.169287,0.05613088,1.16032,-0.04275155,7,1
3.237291,2.175161,0.05610882,1.160371,-0.045274,7,1
3.243095,2.180965,0.056112,1.160171,-0.0478361,7,1
3.248494,2.186364,0.05624223,1.159844,-0.05049331,7,1
3.253827,2.191697,0.05626039,1.159652,-0.05343007,7,1
3.259104,2.196974,0.05628051,1.159545,-0.05567773,7,1
3.264779,2.202649,0.05627104,1.159215,-0.05872475,7,1
3.270787,2.208657,0.05626201,1.15881,-0.06207378,7,1
3.276207,2.214077,0.05627182,1.15861,-0.06442373,7,1
3.280894,2.218764,0.05628438,1.1584,-0.06682274,7,1
3.286634,2.224504,0.05628646,1.157875,-0.06975186,7,1
3.291321,2.229191,0.0563008,1.157594,-0.07233059,7,1
3.296768,2.234638,0.05631741,1.157313,-0.07485337,7,1
3.302673,2.240543,0.05637063,1.156604,-0.07787182,7,1
3.307329,2.245199,0.0563927,1.15629,-0.08021632,7,1
3.31213,2.25,0.05652088,1.156031,-0.07964062,7,1
3.318408,2.256278,0.05656065,1.155653,-0.08213504,7,1
3.323601,2.261471,0.05683791,1.154894,-0.08465637,7,1
3.328804,2.266674,0.05711966,1.153851,-0.09029956,7,1
3.33515,2.27302,0.05728255,1.153103,-0.09447353,7,1
3.340599,2.278469,0.05737173,1.152407,-0.09779233,7,1
3.345485,2.283355,0.05749876,1.151976,-0.1003921,7,1
3.35192,2.28979,0.05765665,1.151237,-0.1045066,7,1
3.356759,2.294629,0.05775562,1.150772,-0.1071129,7,1
3.364859,2.302729,0.05818697,1.150167,-0.1106872,7,1
3.369588,2.307458,0.058346,1.149693,-0.1133588,7,1
3.374712,2.312582,0.0588014,1.149207,-0.1159758,7,1
3.380242,2.318112,0.05921313,1.148583,-0.1183672,7,1
3.385141,2.323011,0.05947368,1.14808,-0.1209273,7,1
3.390304,2.328174,0.05995128,1.147385,-0.1236167,7,1
3.395642,2.333512,0.06014831,1.146745,-0.1257342,7,1
3.401489,2.339359,0.06047278,1.146083,-0.1286098,7,1
3.406021,2.343891,0.06066458,1.145607,-0.1307376,7,1
3.411185,2.349055,0.06096043,1.144983,-0.1334872,7,1
3.416621,2.354491,0.06114459,1.144482,-0.1356554,7,1
3.421515,2.359385,0.06141849,1.144045,-0.1378125,7,1
3.426045,2.363915,0.06164975,1.143576,-0.1399529,7,1
3.431283,2.369153,0.06196607,1.142964,-0.142326,7,1
3.437435,2.375305,0.06239721,1.142352,-0.1445307,7,1
3.442609,2.380479,0.06270192,1.141811,-0.1468007,7,1
3.447711,2.385581,0.06309968,1.141306,-0.1486665,7,1
3.45329,2.39116,0.06356145,1.14074,-0.1508475,7,1
3.459192,2.397062,0.06392472,1.140204,-0.1530211,7,1
3.464418,2.402288,0.0643657,1.139683,-0.1546542,7,1
3.469465,2.407335,0.0647286,1.139183,-0.156586,7,1
3.474949,2.412819,0.06540695,1.138672,-0.1582861,7,1
3.482958,2.420828,0.06613192,1.138015,-0.1606032,7,1
3.489464,0.006506,0.06655428,1.137503,-0.162243,3,2
3.494959,0.0120013,0.06703418,1.136976,-0.1641273,3,2
3.501839,0.0188812,0.06762185,1.136334,-0.1655271,3,2
3.506934,0.0239757,0.06811057,1.135811,-0.1662636,3,2
3.512305,0.0293471,0.06863887,1.135266,-0.1671742,3,2
3.517606,0.0346477,0.06905424,1.134825,-0.1682724,3,2
3.522516,0.0395578,0.06958338,1.134393,-0.1686687,3,2
3.526695,0.0437378,0.06996936,1.13401,-0.1694985,3,2
3.531797,0.0488395,0.07061716,1.1335,-0.1699181,3,2
3.537284,0.0543262,0.07113283,1.132966,-0.1702436,3,2
3.542194,0.0592367,0.07161905,1.132501,-0.1709459,3,2
3.547523,0.064565,0.07216866,1.132044,-0.1711267,3,2
3.552992,0.07003409,0.07276489,1.131493,-0.1718239,3,2
3.557893,0.0749355,0.07325073,1.131127,-0.1717017,3,2
3.562717,0.0797591,0.07374138,1.130691,-0.1721389,3,2
3.56897,0.0860119,0.07437177,1.130131,-0.1727034,3,2
3.574688,0.0917304,0.07499068,1.129583,-0.1732605,3,2
3.581083,0.0981249,0.07578722,1.129148,-0.1727543,3,2
3.586687,0.1037291,0.0763877,1.128656,-0.1731199,3,2
3.592462,0.1095041,0.07703673,1.128124,-0.1735177,3,2
3.598641,0.1156829,0.07623285,1.128682,-0.1711707,3,2
3.605749,0.1227917,0.07735334,1.12796,-0.1695904,3,2
3.612416,0.1294582,0.07907477,1.126973,-0.167941,3,2
3.61814,0.1351825,0.07983693,1.126463,-0.167427,3,2
3.623187,0.1402299,0.08075453,1.126133,-0.1659837,3,2
3.627386,0.1444285,0.08140329,1.125748,-0.1653957,3,2
3.632682,0.1497249,0.08206487,1.125365,-0.1639277,3,2
3.637397,0.1544396,0.0826944,1.12499,-0.1632064,3,2
3.642354,0.1593964,0.08341307,1.124558,-0.1623861,3,2
3.648254,0.1652965,0.08389241,1.124315,-0.1605168,3,2
3.65399,0.1710324,0.08398683,1.124513,-0.1595029,3,2
3.659615,0.1766573,0.08455101,1.124217,-0.1585542,3,2
3.665027,0.1820699,0.0860177,1.123649,-0.1553237,3,2
3.670545,0.1875871,0.08696525,1.123147,-0.1529637,3,2
3.675479,0.1925212,0.08765856,1.122807,-0.1515331,3,2
3.681356,0.1983986,0.08831036,1.122431,-0.1492475,3,2
3.687006,0.2040487,0.08892813,1.122069,-0.1472041,3,2
3.691598,0.2086407,0.08960023,1.121718,-0.1454882,3,2
3.696965,0.214008,0.09011743,1.121426,-0.1435501,3,2
3.701831,0.2188738,0.0907468,1.121092,-0.1418184,3,2
3.70711,0.2241529,0.09119427,1.120778,-0.1397083,3,2
3.71231,0.2293524,0.09179718,1.120393,-0.1373226,3,2
3.718273,0.2353152,0.09244908,1.120014,-0.1352092,3,2
3.723724,0.2407661,0.09287041,1.119471,-0.1328581,3,2
3.728458,0.2455009,0.09322563,1.118974,-0.1306882,3,2
3.733894,0.2509364,0.09379976,1.118501,-0.1283929,3,2
3.739121,0.2561634,0.09435281,1.118035,-0.1261777,3,2
3.744096,0.2611388,0.09487983,1.1176,-0.1241114,3,2
3.750154,0.267196,0.09556136,1.11704,-0.1214897,3,2
3.756443,0.2734851,0.09660535,1.116661,-0.1180638,3,2
3.763037,0.2800793,0.09734248,1.116157,-0.1154021,3,2
3.769185,0.2862277,0.09789644,1.115616,-0.1125478,3,2
3.774234,0.2912761,0.09818567,1.11508,-0.1098824,3,2
3.780239,0.2972817,0.09841128,1.114772,-0.1074138,3,2
3.786198,0.3032406,0.09893745,1.114284,-0.1047217,3,2
3.791417,0.3084598,0.09896924,1.114016,-0.1020916,3,2
3.797554,0.3145966,0.09922207,1.113905,-0.09970537,3,2
3.803943,0.3209855,0.09956927,1.113747,-0.0968273,3,2
3.809587,0.3266294,0.09991585,1.113461,-0.09432623,3,2
3.816019,0.333062,0.1003344,1.113191,-0.0909683,3,2
3.821719,0.3387618,0.100622,1.112966,-0.08889475,3,2
3.826986,0.344029,0.1009601,1.112699,-0.08650637,3,2
3.832856,0.3498985,0.1012516,1.1125,-0.08350952,3,2
3.83828,0.3553225,0.1015221,1.112294,-0.08150275,3,2
3.844411,0.3614534,0.1020662,1.11219,-0.07885978,3,2
3.850547,0.3675895,0.1025859,1.112006,-0.07597234,3,2
3.856436,0.3734792,0.1031617,1.111878,-0.07366971,3,2
3.862142,0.3791845,0.1036854,1.111789,-0.07126445,3,2
3.868238,0.3852811,0.1041959,1.111608,-0.06865589,3,2
3.874093,0.3911359,0.1045279,1.111673,-0.06611654,3,2
3.880529,0.3975714,0.1049001,1.111668,-0.06364499,3,2
3.886845,0.4038881,0.105297,1.111783,-0.06114826,3,2
3.892014,0.4090566,0.1057029,1.111761,-0.05880732,3,2
3.898054,0.415097,0.1058851,1.111812,-0.05678147,3,2
3.90399,0.421033,0.106052,1.111859,-0.05461265,3,2
3.909224,0.4262667,0.1063361,1.111866,-0.05254295,3,2
3.91471,0.4317532,0.1065224,1.111883,-0.05028522,3,2
3.921139,0.4381822,0.1067236,1.111853,-0.04801477,3,2
3.926474,0.4435173,0.1069633,1.111849,-0.04597023,3,2
3.932238,0.4492811,0.10738,1.111845,-0.043471,3,2
3.937592,0.4546348,0.1076578,1.11182,-0.04184166,3,2
3.941663,0.4587063,0.1078761,1.111812,-0.04030833,3,2
3.946368,0.4634115,0.1081191,1.111619,-0.03854157,3,2
3.951807,0.4688506,0.1084442,1.111551,-0.0362941,3,2
3.957311,0.4743541,0.1087535,1.111283,-0.03450322,3,2
3.962341,0.4793836,0.1090575,1.111052,-0.03264547,3,2
3.968208,0.4852513,0.1094026,1.110893,-0.03046573,3,2
3.973275,0.4903184,0.1097942,1.110512,-0.02850153,3,2
3.977894,0.4949371,0.1100694,1.110348,-0.02690406,3,2
3.983811,0.5008541,0.110434,1.110214,-0.02493093,3,2
3.989019,0.5060619,0.110747,1.110009,-0.02315984,3,2
3.993436,0.5104789,0.1110615,1.109834,-0.02141603,3,2
4.000252,0.5172954,0.11145,1.109564,-0.01930705,3,2
4.00548,0.5225232,0.1117369,1.109193,-0.01756261,3,2
4.01051,0.5275535,0.1120849,1.108938,-0.01565393,3,2
4.023179,0.540222,0.1126378,1.10832,-0.01187884,3,2
4.027909,0.5449527,0.1129034,1.108091,-0.01034664,3,2
4.033967,0.5510103,0.1132724,1.107911,-0.008408759,3,2
4.039154,0.5561968,0.1135056,1.10784,-0.007100541,3,2
4.044473,0.561516,0.1138074,1.107637,-0.005441308,3,2
4.050986,0.5680296,0.1140504,1.107443,-0.003512252,3,2
4.056331,0.573374,0.1143117,1.107264,-0.00199993,3,2
4.062177,0.57922,0.1143622,1.10701,-0.0005695298,3,2
4.067695,0.5847386,0.1143606,1.106669,0.0007384829,3,2
4.072728,0.5897714,0.1144949,1.10639,0.002081271,3,2
4.078994,0.5960374,0.1146852,1.106126,0.00365622,3,2
4.084101,0.601144,0.1147499,1.105833,0.004735149,3,2
4.088671,0.6057147,0.1148875,1.105606,0.005952083,3,2
4.094316,0.6113591,0.1150382,1.105444,0.007054795,3,2
4.100255,0.6172988,0.115118,1.105349,0.007849161,3,2
4.105842,0.6228856,0.1153432,1.105015,0.008947089,3,2
4.110689,0.6277332,0.1155071,1.104772,0.0101416,3,2
4.116662,0.6337056,0.1157262,1.104743,0.01089083,3,2
4.121514,0.6385585,0.1158841,1.104568,0.01186498,3,2
4.126664,0.6437081,0.1160547,1.104379,0.01290983,3,2
4.132091,0.6491353,0.1161321,1.104599,0.01330512,3,2
4.138309,0.6553536,0.1162111,1.104684,0.01382899,3,2
4.143033,0.6600773,0.1163272,1.104633,0.01453959,3,2
4.148124,0.6651685,0.1163821,1.104723,0.01492855,3,2
4.154309,0.6713534,0.1164655,1.10476,0.01554538,3,2
4.160463,0.6775074,0.1165688,1.104752,0.01621296,3,2
4.165831,0.6828753,0.1166722,1.104745,0.01687849,3,2
4.172116,0.68916,0.1166897,1.104787,0.01726523,3,2
4.177391,0.6944346,0.1167626,1.104789,0.01777628,3,2
4.18297,0.7000143,0.1165286,1.104864,0.01724468,3,2
4.188409,0.7054537,0.1165636,1.104876,0.0176422,3,2
4.192809,0.7098528,0.1164849,1.105076,0.01801041,3,2
4.19827,0.7153143,0.1163348,1.105292,0.01803768,3,2
4.204844,0.7218886,0.1162697,1.105444,0.0180764,3,2
4.210349,0.7273926,0.1162309,1.105559,0.01834348,3,2
4.217034,0.734078,0.1161323,1.105661,0.01837399,3,2
4.222088,0.7391327,0.1160875,1.105754,0.01854865,3,2
4.226907,0.7439512,0.1159823,1.105806,0.01853363,3,2
4.232207,0.7492511,0.1159173,1.105905,0.01869316,3,2
4.23854,0.7555844,0.1157628,1.105926,0.01859804,3,2
4.243677,0.7607214,0.1156886,1.105997,0.01868754,3,2
4.249213,0.7662573,0.1156079,1.106075,0.01878471,3,2
4.254927,0.7719707,0.1153996,1.106046,0.01882165,3,2
4.260205,0.777249,0.1153056,1.10609,0.0188961,3,2
4.265592,0.7826363,0.1152009,1.10614,0.01897886,3,2
4.271327,0.7883714,0.1150159,1.106169,0.01900267,3,2
4.27698,0.7940241,0.1148975,1.106208,0.01907346,3,2
4.28217,0.7992147,0.1147767,1.106247,0.01914566,3,2
4.28754,0.8045847,0.1146467,1.106301,0.01912171,3,2
4.293196,0.8102406,0.1145064,1.10635,0.01918401,3,2
4.299308,0.8163522,0.114566,1.106331,0.01904687,3,2
4.304455,0.8214998,0.1144767,1.106362,0.01907186,3,2
4.309664,0.8267084,0.114245,1.10635,0.01910861,3,2
4.315179,0.8322234,0.1141042,1.106319,0.01914086,3,2
4.32144,0.8384845,0.1139943,1.106292,0.01914616,3,2
4.327208,0.8442521,0.1138676,1.106293,0.01917,3,2
4.332174,0.8492185,0.1137898,1.106295,0.01917001,3,2
4.337989,0.8550339,0.1137479,1.106289,0.01911766,3,2
4.342711,0.859756,0.1136672,1.106288,0.01911714,3,2
4.348197,0.8652413,0.1136044,1.106243,0.01909658,3,2
4.35428,0.8713238,0.1135574,1.106176,0.0191328,3,2
4.359861,0.8769056,0.1134906,1.106153,0.01913807,3,2
4.364468,0.8815117,0.1134924,1.106104,0.01914321,3,2
4.370317,0.8873611,0.1134267,1.106066,0.01914987,3,2
4.375584,0.8926284,0.1134882,1.106069,0.01904612,3,2
4.380617,0.8976616,0.1135382,1.106082,0.01892465,3,2
4.387205,0.9042493,0.1135823,1.106074,0.01876729,3,2
4.392046,0.9090911,0.1135858,1.106062,0.01869844,3,2
4.397641,0.9146857,0.1135873,1.106033,0.01850724,3,2
4.403454,0.9204985,0.1135908,1.106014,0.01839697,3,2
4.408909,0.925954,0.1135915,1.105868,0.01810892,3,2
4.414485,0.9315298,0.113571,1.10576,0.01783001,3,2
4.420604,0.9376488,0.113635,1.10572,0.01746403,3,2
4.425648,0.9426923,0.1136492,1.10567,0.01725627,3,2
4.431658,0.9487022,0.1137207,1.105682,0.01677934,3,2
4.437541,0.954585,0.1138306,1.105634,0.01634584,3,2
4.441926,0.958971,0.1138705,1.105603,0.01609229,3,2
4.447282,0.9643263,0.1139138,1.105607,0.01552498,3,2
4.453331,0.9703749,0.1139681,1.105508,0.01476279,3,2
4.458791,0.9758354,0.1140093,1.105469,0.01435988,3,2
4.464201,0.9812461,0.114017,1.10535,0.01352932,3,2
4.468962,0.9860069,0.1140498,1.105295,0.01304651,3,2
4.474329,0.9913736,0.1141916,1.105207,0.01191866,3,2
4.480654,0.9976982,0.1142254,1.105123,0.01088691,3,2
4.486427,1.003471,0.1142811,1.105051,0.01009643,3,2
4.491674,1.008718,0.1143754,1.105015,0.008786235,3,2
4.497671,1.014715,0.1143475,1.104856,0.007375803,3,2
4.503149,1.020193,0.1143874,1.104775,0.006364569,3,2
4.508008,1.025052,0.1142984,1.104501,0.00511704,3,2
4.514234,1.031278,0.1142235,1.104287,0.003402099,3,2
4.520889,1.037933,0.1141174,1.104107,0.00168239,3,2
4.526461,1.043505,0.1140832,1.103974,0.000418108,3,2
4.532406,1.04945,0.1139069,1.104116,-0.001756102,3,2
4.538588,1.055631,0.1137081,1.10429,-0.003829457,3,2
4.543424,1.060467,0.1136235,1.104299,-0.005191822,3,2
4.548277,1.065321,0.1134035,1.104518,-0.007080056,3,2
4.553731,1.070775,0.1132632,1.1046,-0.008925281,3,2
4.559011,1.076054,0.1130169,1.104912,-0.01090794,3,2
4.564531,1.081574,0.112795,1.105353,-0.01319394,3,2
4.570211,1.087254,0.1126182,1.10558,-0.01516809,3,2
4.57533,1.092373,0.1122208,1.106121,-0.0176203,3,2
4.58084,1.097883,0.1119706,1.106539,-0.01987523,3,2
4.587101,1.104145,0.1116103,1.107018,-0.02252495,3,2
4.592539,1.109582,0.1113379,1.107411,-0.02485898,3,2
4.597908,1.114951,0.1110244,1.107819,-0.0272357,3,2
4.60389,1.120933,0.1106293,1.108402,-0.03008094,3,2
4.608705,1.125748,0.1103699,1.108784,-0.03215543,3,2
4.614183,1.131226,0.1099546,1.109221,-0.03494587,3,2
4.620009,1.137053,0.1096435,1.109654,-0.03733671,3,2
4.624701,1.141744,0.1092596,1.10995,-0.03960812,3,2
4.629373,1.146415,0.1089649,1.110324,-0.0419993,3,2
4.635527,1.15257,0.1085609,1.110842,-0.04504772,3,2
4.640986,1.158029,0.1081804,1.111094,-0.04756634,3,2
4.645778,1.162821,0.1078575,1.111216,-0.04999588,3,2
4.651229,1.168272,0.107487,1.11158,-0.05276962,3,2
4.656347,1.17339,0.1072781,1.11156,-0.05501531,3,2
4.661172,1.178216,0.1069921,1.1118,-0.0573322,3,2
4.667038,1.184081,0.1067038,1.111946,-0.06022469,3,2
4.67865,1.195693,0.1062313,1.112261,-0.06625004,3,2
4.687897,1.204939,0.1057732,1.112442,-0.07067882,3,2
4.691765,1.208807,0.1055661,1.112586,-0.07278901,3,2
4.697228,1.21427,0.1056424,1.112384,-0.07249708,3,2
4.702112,1.219154,0.1054485,1.112497,-0.07452321,3,2
4.706816,1.223858,0.1049973,1.11289,-0.07932486,3,2
4.712606,1.229649,0.1047064,1.113259,-0.08298126,3,2
4.71837,1.235412,0.1044511,1.113491,-0.08586855,3,2
4.723718,1.240761,0.104187,1.113791,-0.08839627,3,2
4.728919,1.245961,0.1039222,1.114039,-0.09077139,3,2
4.733589,1.250631,0.1036731,1.114287,-0.09341273,3,2
4.739492,1.256534,0.1033645,1.114534,-0.09582801,3,2
4.744441,1.261483,0.1031244,1.114769,-0.09824052,3,2
4.749742,1.266784,0.1028647,1.115031,-0.1008983,3,2
4.755255,1.272297,0.102589,1.115498,-0.1032435,3,2
4.760429,1.27747,0.1023727,1.115765,-0.1054789,3,2
4.76511,1.282151,0.1021656,1.115967,-0.1073612,3,2
4.770299,1.287341,0.1019236,1.11662,-0.1100571,3,2
4.775615,1.292657,0.1017207,1.116947,-0.1122147,3,2
4.780618,1.297659,0.1012888,1.117397,-0.1143482,3,2
4.785821,1.302863,0.1010146,1.117787,-0.116728,3,2
4.79163,1.308671,0.100554,1.118248,-0.11927,3,2
4.797027,1.314068,0.1001717,1.118587,-0.1212438,3,2
4.803957,1.320999,0.09974444,1.119089,-0.124296,3,2
4.809043,1.326085,0.09933423,1.11942,-0.1260671,3,2
4.814469,1.331511,0.0989187,1.11988,-0.1282411,3,2
4.820776,1.337818,0.09855906,1.120394,-0.1303842,3,2
4.825802,1.342844,0.09824269,1.120767,-0.1323517,3,2
4.830262,1.347304,0.09793399,1.12113,-0.1343047,3,2
4.835911,1.352952,0.09749182,1.121611,-0.135981,3,2
4.840267,1.357308,0.09720282,1.121945,-0.1376704,3,2
4.845674,1.362715,0.09660464,1.122234,-0.1392215,3,2
4.852,1.369042,0.09611227,1.122708,-0.141718,3,2
4.85775,1.374792,0.0957863,1.122714,-0.1408823,3,2
4.863571,1.380613,0.09461799,1.123609,-0.1439817,3,2
4.868794,1.385836,0.09407297,1.124049,-0.1458515,3,2
4.873812,1.390853,0.09326545,1.124627,-0.1474714,3,2
4.880094,1.397135,0.09260993,1.125138,-0.1494969,3,2
4.886191,1.403232,0.09175378,1.125588,-0.1507382,3,2
4.891456,1.408497,0.09119535,1.126021,-0.1518004,3,2
4.897567,1.414608,0.09054833,1.126486,-0.1527209,3,2
4.903163,1.420205,0.08992013,1.126943,-0.1541616,3,2
4.908299,1.42534,0.08953014,1.127353,-0.1547769,3,2
4.913783,1.430825,0.08900033,1.127769,-0.1555976,3,2
4.920275,1.437317,0.08843124,1.128051,-0.1563205,3,2
4.925025,1.442066,0.08797179,1.128372,-0.1571679,3,2
4.930832,1.447874,0.08740351,1.128656,-0.1577898,3,2
4.93638,1.453422,0.08692329,1.128967,-0.1585931,3,2
4.942062,1.459104,0.08637822,1.129254,-0.1588584,3,2
4.94735,1.464391,0.08592179,1.129544,-0.1589615,3,2
4.952552,1.469594,0.08537869,1.129884,-0.1595879,3,2
4.958617,1.475659,0.08509818,1.130332,-0.1597135,3,2
4.963203,1.480245,0.08471454,1.130622,-0.1601259,3,2
4.968362,1.485404,0.08427394,1.130957,-0.1606057,3,2
4.974363,1.491405,0.08379152,1.131425,-0.1605072,3,2
4.979444,1.496485,0.08340787,1.131734,-0.1608425,3,2
4.985779,1.50282,0.08328106,1.131953,-0.1600046,3,2
4.990913,1.507955,0.0822545,1.132751,-0.1597302,3,2
4.996025,1.513066,0.08183353,1.133165,-0.1593345,3,2
5.001888,1.518929,0.08125836,1.133658,-0.1593118,3,2
5.007238,1.52428,0.08075344,1.134091,-0.1592961,3,2
5.012345,1.529386,0.08062763,1.134687,-0.1584246,3,2
5.019471,1.536512,0.08009522,1.135283,-0.1581825,3,2
5.026294,1.543335,0.07975131,1.13578,-0.1575918,3,2
5.034064,0.0077699,0.07930561,1.136283,-0.1566194,7,3
5.039849,0.0135549,0.07894595,1.136716,-0.1558216,7,3
5.045523,0.0192286,0.07856208,1.137381,-0.1551257,7,3
5.050699,0.0244042,0.07818,1.137895,-0.1545682,7,3
5.055282,0.0289874,0.07790668,1.138265,-0.1541729,7,3
5.05972,0.0334252,0.07760748,1.138671,-0.1537435,7,3
5.065157,0.0388621,0.07713965,1.139337,-0.1530301,7,3
5.070831,0.0445367,0.07700536,1.139531,-0.1528001,7,3
5.076198,0.0499031,0.07670815,1.139941,-0.1523646,7,3
5.081991,0.0556968,0.07583944,1.14105,-0.1509489,7,3
5.088544,0.0622501,0.07520051,1.1418,-0.149809,7,3
5.093296,0.0670015,0.07472248,1.142416,-0.1490441,7,3
5.099989,0.073695,0.07394116,1.143048,-0.1481393,7,3
5.105121,0.0788271,0.07358105,1.143594,-0.1473975,7,3
5.111517,0.0852227,0.0730418,1.144218,-0.1463184,7,3
5.117685,0.0913913,0.07254502,1.144812,-0.1454795,7,3
5.124774,0.0984797,0.07193565,1.145446,-0.1443609,7,3
5.132035,0.1057415,0.07122376,1.146131,-0.1431108,7,3
5.1381,0.1118064,0.07075264,1.146588,-0.1421582,7,3
5.143396,0.1171025,0.07028762,1.147084,-0.1413213,7,3
5.148664,0.1223705,0.06982282,1.147583,-0.1404885,7,3
5.154582,0.1282877,0.06927186,1.148156,-0.1392357,7,3
5.160095,0.133801,0.06882919,1.148633,-0.1384002,7,3
5.165656,0.1393617,0.06834429,1.149158,-0.137488,7,3
5.171768,0.1454745,0.06810275,1.149584,-0.1363579,7,3
5.177668,0.1513738,0.06762867,1.150126,-0.1353403,7,3
5.18349,0.1571961,0.06711692,1.150715,-0.1342447,7,3
5.188425,0.1621313,0.06668627,1.151064,-0.1329902,7,3
5.192551,0.1662572,0.06627434,1.151517,-0.1320551,7,3
5.197264,0.1709701,0.06590287,1.151928,-0.1312127,7,3
5.203012,0.1767175,0.06539704,1.15249,-0.1300666,7,3
5.208207,0.181913,0.06550954,1.151977,-0.1305234,7,3
5.212571,0.1862768,0.06514177,1.152345,-0.1297083,7,3
5.217813,0.1915183,0.06477683,1.152712,-0.1288995,7,3
5.224004,0.1977102,0.06456923,1.153179,-0.1279159,7,3
5.22889,0.2025964,0.0642348,1.153544,-0.1271194,7,3
5.234519,0.2082244,0.06379793,1.154023,-0.1260787,7,3
5.240323,0.2140284,0.06349768,1.1545,-0.1246327,7,3
5.244562,0.2182681,0.06320657,1.154834,-0.1238698,7,3
5.249905,0.2236108,0.06284173,1.155256,-0.1229135,7,3
5.255764,0.2294697,0.06235007,1.155766,-0.1211231,7,3
5.260786,0.2344915,0.06157722,1.156838,-0.1182122,7,3
5.265458,0.2391641,0.06117003,1.157338,-0.1169442,7,3
5.271096,0.2448024,0.0608115,1.15794,-0.1153217,7,3
5.275839,0.2495456,0.06046626,1.158391,-0.1141673,7,3
5.281621,0.2553276,0.06057884,1.157939,-0.1144577,7,3
5.287098,0.2608041,0.06023527,1.158343,-0.1132934,7,3
5.292212,0.2659186,0.05987012,1.158776,-0.1120511,7,3
5.298509,0.2722155,0.05903667,1.159122,-0.1088323,7,3
5.30442,0.278127,0.05880891,1.159347,-0.1073748,7,3
5.309145,0.2828521,0.05849648,1.159636,-0.1060959,7,3
5.314536,0.2882423,0.05833253,1.159818,-0.104551,7,3
5.320453,0.2941599,0.05802878,1.160108,-0.1030876,7,3
5.332251,0.3059576,0.05751593,1.160315,-0.09936346,7,3
5.338583,0.3122892,0.05724833,1.160517,-0.09782866,7,3
5.344407,0.3181132,0.05696832,1.160472,-0.09598999,7,3
5.350502,0.3242086,0.05679749,1.160685,-0.09400375,7,3
5.355978,0.329684,0.05688324,1.160942,-0.09246966,7,3
5.361506,0.3352123,0.05672684,1.161125,-0.09083414,7,3
5.366947,0.3406532,0.05663139,1.161222,-0.08887777,7,3
5.371837,0.3455437,0.05648356,1.161283,-0.08700235,7,3
5.379182,0.3528885,0.05637992,1.161353,-0.08458844,7,3
5.385044,0.3587505,0.05625487,1.16147,-0.08265714,7,3
5.391771,0.3654777,0.05615478,1.161672,-0.08022575,7,3
5.397462,0.3711681,0.05614193,1.161727,-0.07843791,7,3
5.403257,0.3769635,0.0560619,1.161835,-0.07648857,7,3
5.408319,0.382025,0.05601818,1.161804,-0.0746968,7,3
5.414135,0.3878413,0.05606287,1.161766,-0.07241817,7,3
5.420317,0.3940226,0.05603187,1.161805,-0.0704519,7,3
5.425628,0.399334,0.0560614,1.161718,-0.06845768,7,3
5.431685,0.4053912,0.05607966,1.161485,-0.06587167,7,3
5.438344,0.4120499,0.05616838,1.161424,-0.06368697,7,3
5.443645,0.4173502,0.05619643,1.161368,-0.06176722,7,3
5.449908,0.4236133,0.05643477,1.161168,-0.05941527,7,3
5.455657,0.429363,0.05661151,1.160923,-0.05714618,7,3
5.462213,0.4359187,0.05665433,1.160757,-0.05496614,7,3
5.468139,0.4418447,0.05675131,1.160612,-0.05283106,7,3
5.473825,0.4475302,0.05669695,1.160403,-0.05052456,7,3
5.479539,0.4532444,0.05675757,1.16026,-0.04860663,7,3
5.485013,0.4587189,0.05665521,1.159992,-0.04661666,7,3
5.489606,0.4633114,0.05668622,1.159845,-0.04495664,7,3
5.494875,0.4685805,0.05672625,1.159464,-0.0428633,7,3
5.50032,0.4740261,0.05676959,1.159263,-0.041016,7,3
5.505507,0.4792131,0.05682097,1.159054,-0.03911297,7,3
5.50984,0.4835461,0.05686872,1.15888,-0.03753623,7,3
5.516778,0.4904833,0.05694302,1.158587,-0.03508033,7,3
5.522624,0.4963304,0.05676651,1.158729,-0.03696989,7,3
5.528739,0.5024449,0.05680773,1.15809,-0.03223469,7,3
5.535,0.5087058,0.05685182,1.157717,-0.02933025,7,3
5.540678,0.5143835,0.05700048,1.157398,-0.02724048,7,3
5.5458,0.5195056,0.05706689,1.157096,-0.02501094,7,3
5.55174,0.5254455,0.05718244,1.156748,-0.02305453,7,3
5.557647,0.5313529,0.0573078,1.156529,-0.02171453,7,3
5.564131,0.5378367,0.05742011,1.156173,-0.01933193,7,3
5.570344,0.5440494,0.05738873,1.155807,-0.0178622,7,3
5.576556,0.5502617,0.05745509,1.155505,-0.0159942,7,3
5.58283,0.556536,0.05756241,1.155275,-0.0142655,7,3
5.588032,0.5617372,0.05770437,1.155134,-0.0128305,7,3
5.593382,0.5670871,0.05780438,1.154886,-0.01106433,7,3
5.600161,0.5738662,0.05803895,1.154999,-0.00955309,7,3
5.60543,0.579135,0.05814685,1.154922,-0.008335494,7,3
5.611077,0.584782,0.05828401,1.154775,-0.006671023,7,3
5.616689,0.5903937,0.05840353,1.15465,-0.005254287,7,3
5.622254,0.5959591,0.05825867,1.15462,-0.004104435,7,3
5.628366,0.6020709,0.05834701,1.154494,-0.00251583,7,3
5.633866,0.6075717,0.0581226,1.154636,-0.00289445,7,3
5.639328,0.6130328,0.05815522,1.154567,-0.001826141,7,3
5.644408,0.6181131,0.05830662,1.154639,0.0005382746,7,3
5.649657,0.6233626,0.05836533,1.154596,0.001909755,7,3
5.655426,0.6291312,0.05876901,1.154912,0.002893753,7,3
5.660846,0.634551,0.05888158,1.154939,0.00403263,7,3
5.666432,0.6401373,0.05908563,1.154954,0.004915159,7,3
5.671767,0.6454723,0.05916396,1.154894,0.005743429,7,3
5.678078,0.6517837,0.05930141,1.154903,0.006920416,7,3
5.683352,0.6570577,0.05942719,1.154913,0.007991709,7,3
5.689597,0.6633026,0.05967491,1.154748,0.008764282,7,3
5.695134,0.6688396,0.05984727,1.154719,0.009853851,7,3
5.701569,0.6752742,0.06010802,1.154653,0.01077216,7,3
5.706842,0.680548,0.06030895,1.154552,0.01150703,7,3
5.712044,0.68575,0.06050165,1.154502,0.01246382,7,3
5.718043,0.6917484,0.06067512,1.154384,0.01331883,7,3
5.722926,0.6966314,0.06090854,1.154255,0.01403086,7,3
5.727352,0.7010581,0.06107421,1.15419,0.01476014,7,3
5.733456,0.7071619,0.06135291,1.153905,0.0157036,7,3
5.739147,0.7128531,0.06160448,1.153721,0.01626265,7,3
5.743999,0.7177046,0.06180159,1.153601,0.01696505,7,3
5.750087,0.723793,0.06194867,1.153345,0.01775298,7,3
5.755583,0.7292892,0.06222279,1.153003,0.01844474,7,3
5.761072,0.7347782,0.06241817,1.152823,0.01911302,7,3
5.767089,0.7407954,0.06259804,1.152567,0.01966066,7,3
5.772483,0.7461898,0.0628247,1.152288,0.02014922,7,3
5.777949,0.7516559,0.06301502,1.152086,0.02072323,7,3
5.783217,0.7569239,0.06335084,1.151958,0.02107414,7,3
5.788321,0.762027,0.06365006,1.151859,0.02132986,7,3
5.793017,0.766724,0.06389537,1.151692,0.02180091,7,3
5.79962,0.7733268,0.06414855,1.151439,0.02236015,7,3
5.804622,0.7783282,0.06424879,1.151335,0.02258943,7,3
5.809818,0.7835249,0.06445763,1.151171,0.02301034,7,3
5.815675,0.7893815,0.06440887,1.150914,0.02325762,7,3
5.821655,0.7953615,0.06445435,1.150935,0.02326566,7,3
5.826573,0.80028,0.06456309,1.150819,0.02351739,7,3
5.831869,0.8055759,0.06469838,1.150675,0.02382986,7,3
5.837823,0.8115298,0.06480791,1.151039,0.02353241,7,3
5.842316,0.8160227,0.06490712,1.151018,0.02366607,7,3
5.848254,0.8219609,0.06490949,1.151089,0.02370251,7,3
5.853633,0.8273399,0.06478146,1.151076,0.02373469,7,3
5.85907,0.8327769,0.06480761,1.151072,0.02382359,7,3
5.864851,0.8385577,0.06469694,1.151058,0.02382219,7,3
5.870136,0.8438431,0.06469242,1.151051,0.02389444,7,3
5.874994,0.8487009,0.06454818,1.151115,0.02385314,7,3
5.880762,0.8544689,0.06449405,1.151189,0.02377562,7,3
5.886398,0.8601052,0.06445289,1.151215,0.02379426,7,3
5.892275,0.8659822,0.06441783,1.151298,0.02367831,7,3
5.897744,0.8714512,0.06432025,1.151352,0.02360799,7,3
5.903143,0.8768502,0.06427038,1.15139,0.02358344,7,3
5.908185,0.881892,0.06415342,1.151379,0.02352195,7,3
5.91371,0.8874171,0.0640289,1.151386,0.02342015,7,3
5.919641,0.8933491,0.06394921,1.151409,0.02337016,7,3
5.924921,0.8986282,0.06380259,1.151356,0.02328875,7,3
5.929352,0.90306,0.06372418,1.151361,0.02324143,7,3
5.934691,0.908399,0.06361979,1.151368,0.0231783,7,3
5.940288,0.9139956,0.0635855,1.15149,0.02296906,7,3
5.945394,0.9191013,0.06341732,1.151551,0.02279194,7,3
5.950838,0.9245453,0.06330809,1.151585,0.02268197,7,3
5.956906,0.9306134,0.06290829,1.15166,0.02227362,7,3
5.961811,0.9355183,0.06275409,1.151697,0.0221161,7,3
5.968409,0.9421161,0.06243704,1.15166,0.02181907,7,3
5.973143,0.9468507,0.06222513,1.151623,0.02162094,7,3
5.978581,0.9522889,0.06204429,1.151631,0.02144294,7,3
5.989117,0.9628246,0.06175347,1.151516,0.02095785,7,3
5.993596,0.9673032,0.06160083,1.151502,0.0207656,7,3
6.000507,0.9742144,0.06135469,1.151451,0.02048646,7,3
6.005398,0.9791058,0.06110647,1.15125,0.0203873,7,3
6.009757,0.9834642,0.06094348,1.151195,0.02022818,7,3
6.015747,0.9894546,0.06080681,1.151039,0.0199782,7,3
6.022431,0.9961385,0.06068853,1.150942,0.01962278,7,3
6.027285,1.000992,0.06054751,1.150865,0.01941442,7,3
6.033595,1.007302,0.06035559,1.150758,0.01912948,7,3
6.038605,1.012313,0.06022083,1.150681,0.01892842,7,3
6.043157,1.016864,0.06009092,1.150607,0.01873383,7,3
6.049042,1.022749,0.06022213,1.150602,0.01804546,7,3
6.054348,1.028055,0.06010456,1.15052,0.01774302,7,3
6.060116,1.033823,0.06029939,1.150609,0.01791312,7,3
6.066233,1.03994,0.06007732,1.150501,0.01680952,7,3
6.072074,1.045781,0.06003061,1.15041,0.01608269,7,3
6.077219,1.050926,0.05995449,1.150347,0.01567099,7,3
6.083129,1.056836,0.05987558,1.150596,0.01467607,7,3
6.088633,1.06234,0.05979159,1.150593,0.01408279,7,3
6.093508,1.067214,0.05984936,1.150742,0.01307294,7,3
6.099724,1.07343,0.0597318,1.150751,0.01214732,7,3
6.105087,1.078793,0.0596075,1.150655,0.01124311,7,3
6.1102,1.083907,0.05953054,1.150646,0.01050392,7,3
6.116025,1.089731,0.059347,1.150713,0.009245709,7,3
6.122063,1.095769,0.05924498,1.150719,0.008355577,7,3
6.127446,1.101152,0.05912951,1.150906,0.007003553,7,3
6.133061,1.106768,0.05901673,1.150951,0.005900688,7,3
6.139822,1.113528,0.05876744,1.151081,0.004093032,7,3
6.145189,1.118896,0.05845559,1.151131,0.00253031,7,3
6.150866,1.124572,0.05808087,1.151062,0.0006987378,7,3
6.155726,1.129433,0.05792629,1.151077,-0.0003488883,7,3
6.159975,1.133681,0.05763594,1.150966,-0.001796268,7,3
6.167313,1.14102,0.05734759,1.150949,-0.003670383,7,3
6.172101,1.145808,0.05714725,1.150932,-0.005013082,7,3
6.1771,1.150807,0.0570251,1.15094,-0.006764866,7,3
6.181783,1.15549,0.05685689,1.150922,-0.008065082,7,3
6.186764,1.160471,0.05668863,1.150901,-0.009401776,7,3
6.191639,1.165346,0.05666769,1.15097,-0.01162205,7,3
6.196692,1.170399,0.05653984,1.150955,-0.01292829,7,3
6.202851,1.176558,0.05637179,1.15093,-0.01471809,7,3
6.207434,1.181141,0.0562527,1.150908,-0.01604264,7,3
6.21299,1.186696,0.05609633,1.150873,-0.01786327,7,3
6.219863,1.19357,0.05595041,1.150833,-0.01965886,7,3
6.22535,1.199057,0.05582483,1.150791,-0.02129188,7,3
6.231044,1.204751,0.05580715,1.150865,-0.02001457,7,3
6.236444,1.210151,0.05569698,1.15085,-0.02117331,7,3
6.241172,1.214879,0.05558764,1.150833,-0.02236387,7,3
6.247494,1.221201,0.05496776,1.150624,-0.02932565,7,3
6.254002,1.227709,0.05416513,1.150198,-0.03783648,7,3
6.26022,1.233926,0.05365153,1.14988,-0.04186057,7,3
6.266705,1.240412,0.05335468,1.149431,-0.04513704,7,3
6.272429,1.246135,0.053191,1.148871,-0.04781777,7,3
6.278714,1.25242,0.05314933,1.148401,-0.0502588,7,3
6.284657,1.258364,0.05296081,1.148023,-0.05321319,7,3
6.290399,1.264105,0.05292017,1.147472,-0.05585904,7,3
6.296363,1.270069,0.05282749,1.14695,-0.05819935,7,3
6.301391,1.275097,0.05272452,1.146567,-0.0605031,7,3
6.306964,1.28067,0.05265572,1.145918,-0.06303802,7,3
6.312266,1.285972,0.05253877,1.145263,-0.06554069,7,3
6.318114,1.29182,0.0524433,1.144749,-0.06803626,7,3
6.323635,1.297341,0.05241434,1.144178,-0.0705325,7,3
6.328382,1.302087,0.05235272,1.143712,-0.07274912,7,3
6.334041,1.307746,0.05232468,1.142963,-0.07547543,7,3
6.339537,1.313243,0.05244332,1.142287,-0.07769354,7,3
6.344151,1.317856,0.05243872,1.14178,-0.07980075,7,3
6.350053,1.323759,0.05256242,1.141067,-0.08234061,7,3
6.355494,1.329199,0.05281657,1.140499,-0.08487257,7,3
6.360057,1.333763,0.05288371,1.140057,-0.08671279,7,3
6.365953,1.339659,0.05322441,1.13968,-0.08918107,7,3
6.370871,1.344576,0.05337729,1.139165,-0.09155045,7,3
6.376301,1.350007,0.05352528,1.138694,-0.09373106,7,3
6.382425,1.35613,0.05378515,1.138443,-0.09639083,7,3
6.387527,1.361233,0.05375763,1.138877,-0.09638655,7,3
6.391874,1.36558,0.05388318,1.138598,-0.09813578,7,3
6.397497,1.371202,0.05414757,1.138086,-0.102326,7,3
6.403705,1.377411,0.05436224,1.137662,-0.1053086,7,3
6.408672,1.382378,0.05455717,1.13751,-0.1076313,7,3
6.414385,1.38809,0.05476531,1.137293,-0.1100649,7,3
6.420651,1.394356,0.05519086,1.137069,-0.1121934,7,3
6.425413,1.399118,0.05541325,1.136838,-0.1142005,7,3
6.430731,1.404436,0.05579926,1.136562,-0.1161443,7,3
6.436653,1.410358,0.05608855,1.136299,-0.1183217,7,3
6.442003,1.415708,0.05650977,1.13596,-0.1197084,7,3
6.44774,1.421445,0.05686539,1.135656,-0.1219003,7,3
6.453099,1.426804,0.05748098,1.13526,-0.123472,7,3
6.45858,1.432285,0.05782931,1.134992,-0.1251972,7,3
6.464067,1.437772,0.05813178,1.135099,-0.1245165,7,3
6.469468,1.443173,0.05849257,1.13487,-0.1259881,7,3
6.474778,1.448483,0.05889241,1.134621,-0.1276014,7,3
6.480966,1.454671,0.06038555,1.134426,-0.1307994,7,3
6.48668,1.460385,0.06106436,1.134364,-0.132008,7,3
6.492381,1.466086,0.06175527,1.134173,-0.1338318,7,3
6.498342,1.472047,0.06239262,1.134225,-0.1346703,7,3
6.504253,1.477958,0.06308227,1.134204,-0.1355839,7,3
6.508941,1.482646,0.06362627,1.134131,-0.1366857,7,3
6.515049,1.488753,0.06462942,1.134261,-0.1378462,7,3
6.521125,1.49483,0.06532281,1.134467,-0.1385731,7,3
6.526125,1.49983,0.06595808,1.134499,-0.1395552,7,3
6.531623,1.505328,0.06677698,1.13465,-0.140379,7,3
6.538088,1.511793,0.0675097,1.134716,-0.1409285,7,3
6.5448,1.518505,0.06836732,1.134793,-0.1419757,7,3
6.551075,0.0062758,0.06940969,1.13494,-0.1424089,6,4
6.556799,0.0119999,0.07012618,1.135017,-0.1431131,6,4
6.561087,0.0162871,0.07070619,1.13508,-0.1436833,6,4
6.566627,0.021827,0.07146071,1.135163,-0.144425,6,4
6.572378,0.0275786,0.07257091,1.135398,-0.1444088,6,4
6.577508,0.0327082,0.07322736,1.135483,-0.1449252,6,4
6.58375,0.0389505,0.07259095,1.135477,-0.1430984,6,4
6.588959,0.0441596,0.07450338,1.135757,-0.1431623,6,4
6.593617,0.0488178,0.07541226,1.135888,-0.1434302,6,4
6.599993,0.0551933,0.07641724,1.136032,-0.1437278,6,4
6.605353,0.0605534,0.07734931,1.136166,-0.1440052,6,4
6.610943,0.06614359,0.07839803,1.136317,-0.1443189,6,4
6.617498,0.07269859,0.07953053,1.13639,-0.1434715,6,4
6.622159,0.07735949,0.08034676,1.136497,-0.143587,6,4
6.626457,0.08165759,0.08109675,1.136595,-0.1436942,6,4
6.632238,0.08743869,0.07938446,1.136398,-0.1417665,6,4
6.640261,0.09546158,0.08029253,1.136518,-0.141692,6,4
6.646962,0.1021621,0.08135738,1.13656,-0.1397815,6,4
6.653576,0.1087765,0.08211723,1.136567,-0.1381476,6,4
6.658652,0.1138525,0.08270212,1.136622,-0.1377328,6,4
6.663649,0.1188493,0.08334056,1.136679,-0.1372818,6,4
6.669008,0.124209,0.08401832,1.136739,-0.1368049,6,4
6.673818,0.1290189,0.08471089,1.136798,-0.1363197,6,4
6.679885,0.1350859,0.08687209,1.137006,-0.1333175,6,4
6.685343,0.1405436,0.08778186,1.13708,-0.1324734,6,4
6.690518,0.1457193,0.08875228,1.137155,-0.1315773,6,4
6.696284,0.1514851,0.08760097,1.136826,-0.1310425,6,4
6.701731,0.1569314,0.08762519,1.13669,-0.1294088,6,4
6.707433,0.1626341,0.08826198,1.136695,-0.1284369,6,4
6.713899,0.1691001,0.08969718,1.136725,-0.124513,6,4
6.720252,0.1754529,0.09047409,1.136729,-0.1229767,6,4
6.724867,0.1800684,0.09061107,1.136689,-0.1218108,6,4
6.728942,0.1841436,0.0910785,1.136681,-0.1207451,6,4
6.733378,0.1885797,0.09116825,1.136642,-0.1194475,6,4
6.738051,0.1932523,0.09158149,1.136624,-0.1183282,6,4
6.742327,0.197528,0.09167826,1.136539,-0.1170811,6,4
6.746835,0.2020362,0.09206282,1.136503,-0.1158755,6,4
6.75134,0.2065417,0.09250021,1.136456,-0.1145196,6,4
6.756244,0.2114453,0.09275491,1.136721,-0.1133915,6,4
6.760254,0.215455,0.09308912,1.13672,-0.1123247,6,4
6.764725,0.2199257,0.0934754,1.136716,-0.1111041,6,4
6.76954,0.2247415,0.09387746,1.136706,-0.1098475,6,4
6.773868,0.229069,0.09382156,1.136982,-0.110326,6,4
6.778479,0.2336802,0.09413227,1.137002,-0.1093758,6,4
6.783271,0.2384726,0.09449404,1.137023,-0.1082792,6,4
6.787607,0.2428084,0.09481755,1.137039,-0.1073072,6,4
6.792123,0.2473248,0.09520113,1.137054,-0.1061649,6,4
6.796865,0.252066,0.09512087,1.136973,-0.1043621,6,4
6.801125,0.2563264,0.09541684,1.136978,-0.103313,6,4
6.805711,0.260912,0.0956383,1.136936,-0.101284,6,4
6.809715,0.264916,0.09590535,1.136936,-0.1002298,6,4
6.815975,0.2711762,0.09641222,1.136999,-0.09787391,6,4
6.821719,0.2769201,0.09678295,1.137003,-0.09636857,6,4
6.827723,0.2829235,0.09720577,1.137003,-0.09467423,6,4
6.833572,0.2887727,0.09840366,1.136844,-0.0894198,6,4
6.838653,0.2938533,0.09884442,1.136808,-0.08763693,6,4
6.844915,0.3001157,0.09851372,1.136733,-0.08811124,6,4
6.851273,0.306474,0.09932625,1.136632,-0.08399665,6,4
6.856631,0.3118322,0.09974988,1.136576,-0.08208156,6,4
6.862275,0.3174759,0.1000902,1.136535,-0.08014439,6,4
6.86809,0.3232905,0.1003253,1.136353,-0.07839194,6,4
6.873588,0.3287886,0.1004502,1.136129,-0.07666013,6,4
6.879419,0.3346205,0.1006385,1.135935,-0.07499188,6,4
6.885498,0.3406988,0.1009748,1.135772,-0.0729327,6,4
6.891053,0.3462543,0.1011911,1.135356,-0.0710063,6,4
6.896384,0.3515855,0.1014445,1.135167,-0.06937715,6,4
6.902287,0.3574886,0.1016075,1.134952,-0.0676196,6,4
6.907899,0.3631003,0.101512,1.134767,-0.06583872,6,4
6.913255,0.3684558,0.1015094,1.134426,-0.06395038,6,4
6.91958,0.3747814,0.1016503,1.134171,-0.06206975,6,4
6.925834,0.3810345,0.1015747,1.13393,-0.06021386,6,4
6.93153,0.3867308,0.1016484,1.133712,-0.05817711,6,4
6.937875,0.3930757,0.1017379,1.13347,-0.05634663,6,4
6.943148,0.3983492,0.1019658,1.133329,-0.05473915,6,4
6.948809,0.40401,0.1021079,1.132995,-0.05290685,6,4
6.95453,0.4097307,0.1022841,1.132596,-0.05089496,6,4
6.959658,0.4148585,0.1023995,1.132363,-0.04943711,6,4
6.965596,0.4207966,0.1025717,1.132057,-0.04754232,6,4
6.970585,0.4257861,0.1027089,1.131854,-0.04576954,6,4
6.975997,0.4311976,0.1028398,1.131619,-0.04422674,6,4
6.981346,0.4365463,0.1030609,1.131432,-0.04252085,6,4
6.986997,0.4421973,0.1032414,1.131166,-0.04070935,6,4
6.992886,0.4480862,0.1034546,1.13107,-0.03861428,6,4
6.999861,0.4550619,0.1035865,1.130935,-0.03649969,6,4
7.006114,0.4613148,0.1037838,1.130706,-0.0344622,6,4
7.011934,0.4671345,0.1037769,1.130866,-0.03266841,6,4
7.01853,0.4737312,0.1036864,1.130889,-0.03087373,6,4
7.023921,0.4791214,0.1037774,1.130797,-0.02921058,6,4
7.030111,0.4853117,0.1037362,1.13101,-0.02745011,6,4
7.035165,0.4903654,0.1038096,1.130982,-0.02573767,6,4
7.040508,0.4957086,0.1040645,1.13126,-0.02443635,6,4
7.045992,0.5011922,0.1041701,1.131367,-0.02280557,6,4
7.051751,0.5069513,0.1043101,1.131437,-0.020932,6,4
7.057313,0.5125132,0.1044546,1.131566,-0.01956356,6,4
7.062525,0.5177253,0.1045789,1.131582,-0.01809633,6,4
7.068367,0.5235669,0.1047288,1.131648,-0.01637262,6,4
7.073573,0.5287731,0.1048731,1.131562,-0.01492005,6,4
7.078951,0.5341508,0.1050052,1.131587,-0.01352139,6,4
7.085074,0.540274,0.1051092,1.131489,-0.0118688,6,4
7.090697,0.5458969,0.1051889,1.131511,-0.01034812,6,4
7.097689,0.5528888,0.1053154,1.131581,-0.008675247,6,4
7.103557,0.5587571,0.1052777,1.1316,-0.007307347,6,4
7.10885,0.5640503,0.1053506,1.13162,-0.005972091,6,4
7.114213,0.5694135,0.1054376,1.131643,-0.004473839,6,4
7.120607,0.5758073,0.1052511,1.131568,-0.003190171,6,4
7.126176,0.5813761,0.1052712,1.131566,-0.001812745,6,4
7.131828,0.5870283,0.1052929,1.131464,-0.0003728755,6,4
7.137903,0.5931027,0.1053149,1.131441,0.0008642636,6,4
7.143192,0.5983923,0.105331,1.131266,0.002064366,6,4
7.147697,0.6028968,0.1053514,1.13122,0.003122471,6,4
7.152943,0.608143,0.1055152,1.131235,0.004254386,6,4
7.158473,0.6136726,0.1055664,1.131199,0.0054029,6,4
7.163752,0.6189516,0.1056227,1.131163,0.006604008,6,4
7.169481,0.6246814,0.1059401,1.131119,0.006003883,6,4
7.174325,0.6295245,0.1061716,1.130815,0.008109961,6,4
7.17992,0.63512,0.1063809,1.13056,0.009227287,6,4
7.186956,0.6421556,0.1065786,1.13038,0.01082805,6,4
7.192194,0.6473932,0.1067092,1.130314,0.01154087,6,4
7.198891,0.6540909,0.1068712,1.130275,0.01232822,6,4
7.204333,0.6595327,0.1070192,1.130177,0.01332023,6,4
7.208919,0.6641187,0.1071479,1.130093,0.01416736,6,4
7.215434,0.6706333,0.1073112,1.130101,0.01448011,6,4
7.220961,0.6761608,0.1074525,1.130033,0.01525448,6,4
7.226686,0.6818861,0.1075154,1.129996,0.01587731,6,4
7.232703,0.687903,0.1076242,1.129842,0.01665612,6,4
7.237852,0.6930521,0.1077268,1.129774,0.01727524,6,4
7.242335,0.6975353,0.1078508,1.129853,0.01747255,6,4
7.247182,0.7023818,0.1079645,1.129809,0.01804547,6,4
7.252557,0.7077569,0.1081017,1.129755,0.01872792,6,4
7.257493,0.7126935,0.1082583,1.129926,0.01889691,6,4
7.261756,0.7169558,0.1083678,1.129914,0.01935368,6,4
7.266513,0.7217128,0.1084904,1.1299,0.01985995,6,4
7.273982,0.7291819,0.108548,1.129995,0.01952616,6,4
7.278242,0.7334419,0.108636,1.129994,0.01984107,6,4
7.282653,0.7378526,0.1087371,1.129993,0.02020024,6,4
7.286695,0.7418941,0.1088296,1.129992,0.02052627,6,4
7.290998,0.7461972,0.1087653,1.129954,0.0205712,6,4
7.295523,0.7507223,0.1088421,1.12995,0.0208657,6,4
7.299922,0.7551219,0.1089282,1.129945,0.02119277,6,4
7.304625,0.7598243,0.1090341,1.129867,0.02145213,6,4
7.308822,0.7640213,0.1091238,1.129849,0.02178193,6,4
7.313256,0.7684556,0.109227,1.129829,0.02215907,6,4
7.318449,0.773649,0.1093311,1.129809,0.02253629,6,4
7.323393,0.7785929,0.1093601,1.129743,0.02265585,6,4
7.32912,0.7843195,0.1092565,1.129727,0.0223063,6,4
7.335018,0.7902179,0.1093368,1.129695,0.02260592,6,4
7.341003,0.796203,0.1093619,1.129583,0.02286741,6,4
7.346578,0.8017776,0.1094224,1.129535,0.02312911,6,4
7.353033,0.8082323,0.109341,1.129412,0.0231831,6,4
7.359006,0.8142055,0.1092262,1.129329,0.02319695,6,4
7.364715,0.819914,0.1091188,1.129235,0.02324176,6,4
7.370552,0.8257515,0.1090413,1.129159,0.0232983,6,4
7.376073,0.8312727,0.1090052,1.129095,0.02339688,6,4
7.380841,0.83604,0.1089572,1.129047,0.02335715,6,4
7.387069,0.8422683,0.108908,1.12897,0.02344309,6,4
7.392505,0.8477039,0.108869,1.128879,0.02337401,6,4
7.398723,0.8539217,0.1088092,1.128787,0.02330403,6,4
7.404192,0.8593916,0.1087638,1.128711,0.0233202,6,4
7.409791,0.8649898,0.1086844,1.12862,0.02324636,6,4
7.415856,0.8710558,0.1085987,1.128511,0.02318926,6,4
7.422184,0.8773829,0.1085327,1.128453,0.02308433,6,4
7.427028,0.8822272,0.1084808,1.128387,0.02305121,6,4
7.433068,0.8882679,0.108447,1.128358,0.02289855,6,4
7.438749,0.8939483,0.1084422,1.128447,0.02272389,6,4
7.443395,0.8985941,0.1084093,1.128427,0.02264875,6,4
7.449288,0.9044871,0.1083388,1.128567,0.02241113,6,4
7.454834,0.9100339,0.1082141,1.128719,0.02216726,6,4
7.459865,0.9150648,0.1081595,1.12876,0.02204112,6,4
7.465915,0.921115,0.1080111,1.128925,0.02174569,6,4
7.470753,0.9259527,0.107955,1.129089,0.02144976,6,4
7.475454,0.9306536,0.1078973,1.129163,0.02128949,6,4
7.480003,0.9352025,0.1078334,1.129246,0.02111189,6,4
7.485919,0.9411185,0.1078048,1.129416,0.02069992,6,4
7.490911,0.94611,0.1078468,1.129594,0.02036577,6,4
7.497056,0.9522549,0.1078314,1.129778,0.01998124,6,4
7.502289,0.957488,0.1078005,1.129903,0.01971669,6,4
7.507432,0.9626307,0.1076693,1.129986,0.01931291,6,4
7.51279,0.967989,0.1076002,1.130114,0.01891715,6,4
7.518703,0.9739026,0.1075411,1.130238,0.0185832,6,4
7.52407,0.9792696,0.1075879,1.130353,0.01811461,6,4
7.529317,0.9845164,0.1076609,1.130502,0.01755203,6,4
7.535045,0.9902436,0.1076531,1.130651,0.01706454,6,4
7.54052,0.9957191,0.1076525,1.130643,0.01655008,6,4
7.545503,1.000702,0.1076473,1.130736,0.01612702,6,4
7.550942,1.006141,0.1075908,1.130788,0.01533805,6,4
7.556404,1.011603,0.1076299,1.130747,0.01465337,6,4
7.561511,1.01671,0.1076269,1.130802,0.01411585,6,4
7.56645,1.021649,0.1075572,1.130747,0.01341796,6,4
7.571497,1.026696,0.1075387,1.130781,0.01279179,6,4
7.576673,1.031872,0.1075469,1.130636,0.01196917,6,4
7.582999,1.038199,0.1074924,1.130544,0.01084049,6,4
7.588671,1.04387,0.1074319,1.130479,0.009746715,6,4
7.593732,1.048932,0.1073997,1.130444,0.008892767,6,4
7.599271,1.054471,0.1073573,1.13031,0.007777795,6,4
7.604235,1.059435,0.107326,1.130257,0.006930176,6,4
7.609663,1.064862,0.107099,1.130041,0.005711783,6,4
7.614246,1.069446,0.1069018,1.129893,0.004281819,6,4
7.620491,1.07569,0.1068076,1.129754,0.002846092,6,4
7.625348,1.080548,0.1067201,1.129658,0.001810052,6,4
7.630159,1.085359,0.1066313,1.129561,0.0007493161,6,4
7.636472,1.091672,0.1065314,1.129363,-0.001235098,6,4
7.642454,1.097654,0.1063294,1.129343,-0.003084276,6,4
7.648532,1.103733,0.1060207,1.129335,-0.005170904,6,4
7.653622,1.108822,0.1057582,1.129404,-0.007236406,6,4
7.658051,1.113251,0.1056267,1.129387,-0.008419544,6,4
7.663139,1.11834,0.1053308,1.129523,-0.01046319,6,4
7.66924,1.12444,0.1050896,1.12955,-0.01246619,6,4
7.674189,1.129389,0.104764,1.129838,-0.01482365,6,4
7.679424,1.134624,0.1044711,1.130138,-0.01694299,6,4
7.684272,1.139472,0.1042353,1.130274,-0.01878736,6,4
7.689845,1.145046,0.103884,1.130649,-0.0212591,6,4
7.694748,1.149949,0.1036102,1.130853,-0.02334727,6,4
7.701464,1.156665,0.1032004,1.131257,-0.02621263,6,4
7.706173,1.161374,0.1028823,1.131572,-0.02840652,6,4
7.710688,1.165889,0.1025956,1.131821,-0.0304991,6,4
7.71715,1.172351,0.1023187,1.13217,-0.03339086,6,4
7.722284,1.177485,0.1020168,1.132548,-0.0361338,6,4
7.72758,1.182781,0.1017239,1.132853,-0.03854208,6,4
7.733625,1.188826,0.1013313,1.13329,-0.04203679,6,4
7.739926,1.195128,0.1009161,1.13356,-0.0452484,6,4
7.745476,1.200678,0.1005834,1.133877,-0.04800188,6,4
7.751112,1.206314,0.1002218,1.134227,-0.0510079,6,4
7.756478,1.211679,0.09994892,1.134308,-0.05399782,6,4
7.76226,1.217461,0.09961139,1.134608,-0.05701237,6,4
7.767351,1.222552,0.0998201,1.134439,-0.05674445,6,4
7.772571,1.227772,0.09928201,1.134761,-0.062313,6,4
7.778658,1.233859,0.09895635,1.135011,-0.06565288,6,4
7.784476,1.239677,0.09872004,1.135224,-0.06928589,6,4
7.790823,1.246024,0.09827933,1.135551,-0.0729934,6,4
7.796824,1.252025,0.09788331,1.135738,-0.07586409,6,4
7.802533,1.257734,0.09755395,1.135968,-0.07904188,6,4
7.807671,1.262872,0.09722145,1.13621,-0.08176993,6,4
7.813293,1.268494,0.09686072,1.136543,-0.08503985,6,4
7.818985,1.274186,0.09655744,1.136773,-0.0879208,6,4
7.824776,1.279976,0.09603865,1.136868,-0.09090795,6,4
7.83066,1.285861,0.09551298,1.136814,-0.09447075,6,4
7.837156,1.292357,0.09507758,1.13675,-0.09736769,6,4
7.842789,1.29799,0.09468717,1.136819,-0.1003693,6,4
7.847888,1.303088,0.09425656,1.13663,-0.1028256,6,4
7.853187,1.308387,0.09385546,1.136629,-0.1057799,6,4
7.859474,1.314675,0.09341493,1.136382,-0.1084498,6,4
7.865819,1.32102,0.09280133,1.136331,-0.1115425,6,4
7.871417,1.326617,0.09234606,1.136268,-0.1144473,6,4
7.876423,1.331623,0.09201046,1.136221,-0.1166737,6,4
7.882138,1.337338,0.09154318,1.136178,-0.1193193,6,4
7.887511,1.342711,0.0909923,1.136034,-0.1216616,6,4
7.893167,1.348366,0.09048351,1.135948,-0.1246517,6,4
7.899863,1.355063,0.0898276,1.135855,-0.1270938,6,4
7.905218,1.360418,0.08935223,1.13586,-0.1293232,6,4
7.914051,1.369251,0.0885421,1.135761,-0.133626,6,4
7.919732,1.374932,0.08814246,1.135711,-0.1358263,6,4
7.924547,1.379747,0.08776025,1.135661,-0.1379835,6,4
7.9302,1.3854,0.08721242,1.135748,-0.1398838,6,4
7.936312,1.391511,0.08669376,1.135704,-0.1427469,6,4
7.941981,1.39718,0.08674674,1.135793,-0.1393406,6,4
7.948015,1.403214,0.08511986,1.135677,-0.1445782,6,4
7.95293,1.408129,0.08447713,1.135632,-0.1470479,6,4
7.957934,1.413133,0.08396568,1.135718,-0.1486869,6,4
7.964026,1.419225,0.08337701,1.135877,-0.1503575,6,4
7.969368,1.424567,0.08280164,1.135899,-0.1524462,6,4
7.974152,1.429351,0.08241352,1.135969,-0.1533057,6,4
7.97986,1.435059,0.08203021,1.135988,-0.1543024,6,4
7.985085,1.440283,0.08154458,1.136015,-0.1559209,6,4
7.990213,1.445412,0.08100272,1.1362,-0.1568909,6,4
7.995066,1.450265,0.08048759,1.136263,-0.1584469,6,4
8.002944,1.458143,0.07963561,1.136417,-0.1597811,6,4
8.009129,0.0061848,0.07905959,1.136586,-0.1607813,8,5
8.014859,0.0119151,0.07862528,1.136691,-0.1616163,8,5
8.019584,0.01664,0.07823285,1.136765,-0.1625332,8,5
8.024386,0.0214425,0.07798849,1.136895,-0.1630416,8,5
8.030034,0.0270903,0.07763235,1.137087,-0.1636495,8,5
8.036107,0.033163,0.07713579,1.137236,-0.1647511,8,5
8.041318,0.0383738,0.07684129,1.137319,-0.1649234,8,5
8.046595,0.0436509,0.07646812,1.137415,-0.1650907,8,5
8.053049,0.0501058,0.07597961,1.137557,-0.1658749,8,5
8.058331,0.0553882,0.07563616,1.137658,-0.1664347,8,5
8.064456,0.0615124,0.07520489,1.137786,-0.167148,8,5
8.06985,0.06690659,0.07498042,1.137965,-0.1668854,8,5
8.075159,0.0722153,0.07514502,1.138042,-0.1660869,8,5
8.081042,0.0780987,0.07458211,1.138397,-0.1660636,8,5
8.08649,0.0835463,0.07426805,1.138554,-0.1662689,8,5
8.091494,0.0885501,0.0740162,1.138816,-0.1658627,8,5
8.098883,0.0959387,0.07384703,1.13921,-0.1654298,8,5
8.105647,0.1027033,0.07361512,1.139529,-0.1648104,8,5
8.110554,0.10761,0.07337933,1.139758,-0.1646358,8,5
8.117117,0.1141731,0.07310531,1.140025,-0.1644347,8,5
8.121538,0.1185944,0.07290494,1.14022,-0.1642889,8,5
8.127216,0.1242726,0.07293267,1.140626,-0.1634161,8,5
8.133519,0.1305754,0.07268734,1.140946,-0.1630717,8,5
8.138924,0.1359795,0.07249764,1.141193,-0.1628074,8,5
8.144168,0.1412233,0.07273104,1.141268,-0.1619527,8,5
8.150059,0.1471139,0.07255432,1.141828,-0.1606009,8,5
8.155118,0.1521734,0.0723607,1.142644,-0.1584974,8,5
8.159963,0.1570178,0.07222745,1.142979,-0.1577886,8,5
8.165396,0.162451,0.07236907,1.143628,-0.1563734,8,5
8.170253,0.1673081,0.07227337,1.144102,-0.1553692,8,5
8.175847,0.1729024,0.0724199,1.144561,-0.1540957,8,5
8.181204,0.1782588,0.07238733,1.144988,-0.1527221,8,5
8.186456,0.1835108,0.0723461,1.145446,-0.1516035,8,5
8.191806,0.1888605,0.07231414,1.146003,-0.1501506,8,5
8.198386,0.1954413,0.07228968,1.146643,-0.1485559,8,5
8.20357,0.2006258,0.07225916,1.147129,-0.1473567,8,5
8.208419,0.2054742,0.0724785,1.147669,-0.1458898,8,5
8.213743,0.2107982,0.07275476,1.148272,-0.1441516,8,5
8.219187,0.2162415,0.07283568,1.148766,-0.1428676,8,5
8.224293,0.221347,0.07292375,1.149291,-0.1415106,8,5
8.23021,0.2272642,0.07323465,1.149825,-0.1393313,8,5
8.235542,0.2325965,0.0733805,1.150396,-0.1376725,8,5
8.241864,0.2389181,0.07356057,1.150978,-0.135676,8,5
8.24758,0.2446332,0.07371943,1.151594,-0.1336525,8,5
8.253641,0.2506944,0.07384093,1.152321,-0.1313536,8,5
8.259509,0.2565627,0.07397412,1.152864,-0.1296815,8,5
8.265202,0.262255,0.07407609,1.153323,-0.1276525,8,5
8.270391,0.2674444,0.07401273,1.153859,-0.1256375,8,5
8.275733,0.2727871,0.07408778,1.154333,-0.1240152,8,5
8.280203,0.2772571,0.07416377,1.154783,-0.1224866,8,5
8.285855,0.2829095,0.07421971,1.154888,-0.1201995,8,5
8.29147,0.2885239,0.07422056,1.155346,-0.1178755,8,5
8.297168,0.2942224,0.07428815,1.155866,-0.1157265,8,5
8.301904,0.2989584,0.07435153,1.156269,-0.1140228,8,5
8.307133,0.3041871,0.07448293,1.156658,-0.1118594,8,5
8.312761,0.3098157,0.07466484,1.157122,-0.1094433,8,5
8.318861,0.3159156,0.0747904,1.157597,-0.1072448,8,5
8.324335,0.32139,0.07488985,1.157857,-0.1050569,8,5
8.32978,0.3268349,0.07499407,1.158149,-0.1027832,8,5
8.336366,0.3334213,0.07515647,1.158642,-0.09999059,8,5
8.342027,0.3390825,0.07526113,1.158925,-0.09780617,8,5
8.347501,0.3445569,0.07539836,1.159299,-0.09559111,8,5
8.353846,0.3509016,0.07548835,1.159455,-0.09264363,8,5
8.359052,0.356108,0.07559725,1.15971,-0.09072721,8,5
8.365338,0.3623945,0.07572228,1.159906,-0.08813845,8,5
8.370161,0.3672172,0.07583325,1.160126,-0.08626875,8,5
8.3755,0.3725561,0.07593884,1.160362,-0.08383054,8,5
8.382283,0.3793392,0.07609534,1.160657,-0.08123761,8,5
8.387309,0.3843656,0.07622808,1.160893,-0.07917894,8,5
8.392875,0.3899311,0.07639513,1.160817,-0.07656763,8,5
8.399195,0.3962511,0.07656115,1.161034,-0.07415827,8,5
8.404332,0.4013886,0.07671375,1.161226,-0.07205062,8,5
8.409647,0.4067031,0.07638936,1.160803,-0.07282742,8,5
8.415688,0.4127432,0.07656861,1.160764,-0.07030556,8,5
8.42147,0.4185252,0.0769208,1.160818,-0.06562969,8,5
8.428013,0.4250686,0.07714279,1.160925,-0.0624457,8,5
8.434422,0.4314772,0.07739358,1.160863,-0.05919383,8,5
8.44045,0.4375052,0.07748769,1.160779,-0.05715694,8,5
8.445688,0.442744,0.07770709,1.16067,-0.05531389,8,5
8.451152,0.4482076,0.07792535,1.16065,-0.05276548,8,5
8.456926,0.4539818,0.07804021,1.160596,-0.05102507,8,5
8.462124,0.459179,0.0781435,1.160533,-0.04920394,8,5
8.467493,0.4645485,0.07831291,1.160491,-0.04709475,8,5
8.472543,0.4695979,0.07825419,1.160429,-0.04515313,8,5
8.478612,0.475667,0.07823005,1.160462,-0.04331374,8,5
8.483741,0.4807959,0.07830828,1.160437,-0.04143113,8,5
8.48986,0.4869146,0.07840924,1.160406,-0.03920459,8,5
8.49495,0.4920056,0.07823144,1.160412,-0.03720377,8,5
8.501165,0.4982204,0.07834056,1.160525,-0.03533866,8,5
8.506985,0.5040401,0.07839745,1.160503,-0.03349194,8,5
8.511618,0.5086734,0.07845541,1.1605,-0.03172921,8,5
8.517936,0.5149913,0.07852902,1.160494,-0.02969208,8,5
8.524054,0.5211087,0.07866966,1.16027,-0.02784009,8,5
8.528409,0.5254641,0.07873967,1.160234,-0.02637508,8,5
8.533416,0.5304707,0.07883382,1.160186,-0.02452333,8,5
8.538583,0.5356379,0.07896731,1.15985,-0.02531455,8,5
8.543541,0.5405964,0.07905863,1.159774,-0.02391063,8,5
8.550894,0.5479497,0.07963011,1.159394,-0.02155165,8,5
8.55754,0.5545958,0.07978932,1.159277,-0.02003516,8,5
8.568604,0.5656599,0.08108336,1.15826,-0.01367613,8,5
8.57358,0.5706354,0.08138026,1.157979,-0.01234952,8,5
8.578856,0.5759113,0.08171777,1.157908,-0.01132776,8,5
8.584542,0.5815977,0.08207155,1.157682,-0.009573899,8,5
8.590063,0.5871186,0.08233596,1.157553,-0.008521017,8,5
8.594593,0.5916485,0.08263998,1.157371,-0.007107619,8,5
8.600645,0.5977001,0.08290989,1.157032,-0.005774908,8,5
8.605461,0.6025162,0.08329723,1.15706,-0.004847098,8,5
8.610679,0.6077334,0.0836636,1.156883,-0.003400058,8,5
8.617648,0.6147032,0.08394538,1.156758,-0.001908556,8,5
8.622437,0.6194923,0.08410762,1.15666,-0.0009597875,8,5
8.627181,0.6242354,0.0843728,1.156534,0.0001839399,8,5
8.633126,0.6301803,0.08467814,1.156311,0.001498092,8,5
8.638841,0.6358951,0.08506631,1.156246,0.002393421,8,5
8.643307,0.6403608,0.08533407,1.156137,0.003361739,8,5
8.648701,0.6457549,0.08565392,1.156142,0.00412799,8,5
8.653638,0.650692,0.08580471,1.156096,0.00493956,8,5
8.658822,0.6558766,0.08604425,1.156023,0.005798072,8,5
8.664535,0.6615893,0.0862018,1.155924,0.006571844,8,5
8.669853,0.6669084,0.08645162,1.155837,0.007504053,8,5
8.67547,0.6725255,0.08665447,1.155693,0.008284338,8,5
8.682117,0.6791723,0.08692246,1.155512,0.008962002,8,5
8.68728,0.6843348,0.08720956,1.155424,0.009520315,8,5
8.692865,0.6899205,0.08749345,1.155303,0.01035222,8,5
8.699435,0.69649,0.08772995,1.155202,0.01092197,8,5
8.704173,0.7012282,0.08789883,1.155127,0.011299,8,5
8.708618,0.705673,0.0880898,1.155046,0.0118106,8,5
8.71332,0.7103749,0.08822771,1.154937,0.01224123,8,5
8.719024,0.7160787,0.08843097,1.15484,0.01279626,8,5
8.724089,0.7211433,0.08863783,1.154742,0.01335637,8,5
8.730426,0.7274809,0.08868016,1.154657,0.01372212,8,5
8.736892,0.7339467,0.08883087,1.154564,0.01406961,8,5
8.742544,0.7395993,0.08899165,1.154473,0.01451898,8,5
8.748305,0.74536,0.08914224,1.154378,0.01482714,8,5
8.753828,0.7508828,0.08932456,1.154261,0.01513265,8,5
8.760425,0.7574797,0.0895027,1.154155,0.01554648,8,5
8.766891,0.7639467,0.08960943,1.153995,0.0158665,8,5
8.772011,0.7690663,0.08975249,1.153889,0.01621287,8,5
8.777679,0.7747355,0.08989407,1.153785,0.01655413,8,5
8.782707,0.7797629,0.09014633,1.153787,0.0165582,8,5
8.786781,0.7838374,0.09027208,1.153724,0.01677018,8,5
8.790698,0.7877544,0.09041032,1.153655,0.01700263,8,5
8.796832,0.7938886,0.09056409,1.153687,0.01708108,8,5
8.802258,0.7993146,0.09073001,1.153625,0.01732608,8,5
8.807762,0.8048184,0.09058279,1.153694,0.01708266,8,5
8.813179,0.8102353,0.09068871,1.153606,0.01728014,8,5
8.819224,0.8162805,0.09080552,1.153551,0.0174606,8,5
8.824993,0.8220493,0.09085388,1.153535,0.01752894,8,5
8.831433,0.8284894,0.09096662,1.153525,0.01760719,8,5
8.837474,0.8345301,0.09103687,1.153558,0.01759944,8,5
8.842199,0.8392556,0.09111425,1.153544,0.01767656,8,5
8.848238,0.8452945,0.0911664,1.153589,0.01765501,8,5
8.853583,0.8506394,0.09112756,1.153551,0.01761688,8,5
8.859381,0.8564367,0.09117012,1.153541,0.01764762,8,5
8.865116,0.8621719,0.09110141,1.153547,0.01760969,8,5
8.869944,0.8669993,0.09111667,1.153541,0.01762314,8,5
8.874841,0.871896,0.09107605,1.153576,0.01757065,8,5
8.880359,0.8774139,0.09104823,1.153552,0.01747492,8,5
8.886046,0.8831017,0.09104472,1.153548,0.01745017,8,5
8.89152,0.8885752,0.09100495,1.153497,0.01727075,8,5
8.897213,0.8942689,0.09099407,1.153483,0.01721502,8,5
8.90332,0.9003766,0.09098169,1.153467,0.01715131,8,5
8.907743,0.9047993,0.09092715,1.153449,0.0169329,8,5
8.911961,0.909017,0.09091109,1.153435,0.01685848,8,5
8.917384,0.9144406,0.09088809,1.153468,0.01681055,8,5
8.922799,0.9198555,0.09086877,1.153459,0.01672916,8,5
8.927483,0.924539,0.09083981,1.153511,0.01645706,8,5
8.933083,0.9301394,0.09079872,1.15363,0.01623061,8,5
8.93837,0.9354267,0.09069555,1.153719,0.01594886,8,5
8.943191,0.9402472,0.09065382,1.153759,0.01578265,8,5
8.948987,0.9460441,0.09048332,1.15385,0.01547184,8,5
8.95435,0.9514074,0.09029626,1.153905,0.01517593,8,5
8.959189,0.9562464,0.09021348,1.153948,0.01498915,8,5
8.964754,0.9618112,0.09012187,1.154034,0.01470838,8,5
8.97017,0.9672275,0.09000093,1.154149,0.0143385,8,5
8.974903,0.9719608,0.08990371,1.15422,0.01408027,8,5
8.980238,0.9772954,0.0897356,1.154287,0.01370682,8,5
8.987071,0.9841283,0.08958046,1.154383,0.01331482,8,5
8.992025,0.9890822,0.08945056,1.154472,0.01293015,8,5
8.998473,0.9955302,0.08934104,1.15454,0.01251101,8,5
9.004581,1.001638,0.08913965,1.154559,0.01208114,8,5
9.009289,1.006346,0.0890239,1.154608,0.01177735,8,5
9.015512,1.01257,0.08892046,1.154597,0.0112367,8,5
9.020987,1.018044,0.08880886,1.154633,0.0108831,8,5
9.026339,1.023397,0.08872786,1.154606,0.010384,8,5
9.032809,1.029868,0.08851693,1.154569,0.009707998,8,5
9.03802,1.035078,0.08840883,1.154576,0.009329036,8,5
9.042765,1.039822,0.08840976,1.15468,0.00877133,8,5
9.049175,1.046233,0.08829021,1.154715,0.008206081,8,5
9.053817,1.050875,0.08819672,1.154742,0.007759344,8,5
9.059666,1.056723,0.08827095,1.154933,0.007019646,8,5
9.065855,1.062912,0.08817109,1.15497,0.006771404,8,5
9.070929,1.067986,0.08786426,1.155136,0.005460259,8,5
9.076544,1.073601,0.08774272,1.155209,0.004835173,8,5
9.082556,1.079613,0.08764597,1.155445,0.003679071,8,5
9.087894,1.084952,0.08751674,1.155619,0.002803233,8,5
9.092728,1.089785,0.08739815,1.155744,0.002015583,8,5
9.099362,1.09642,0.08726312,1.155864,0.0009813905,8,5
9.104644,1.101701,0.08713393,1.155913,3.608689E-05,8,5
9.109821,1.106879,0.08702055,1.156007,-0.000775557,8,5
9.115622,1.112679,0.08683209,1.156199,-0.002053306,8,5
9.121861,1.118919,0.08656289,1.156327,-0.003271021,8,5
9.127178,1.124236,0.08640501,1.15644,-0.004233945,8,5
9.132698,1.129756,0.08622754,1.156565,-0.005331691,8,5
9.13881,1.135868,0.08619546,1.156825,-0.006965216,8,5
9.143941,1.140998,0.08607119,1.156955,-0.008000843,8,5
9.149475,1.146533,0.08593275,1.157164,-0.009455517,8,5
9.155224,1.152281,0.08578563,1.157331,-0.01077399,8,5
9.15995,1.157008,0.08568724,1.157443,-0.01167235,8,5
9.165643,1.1627,0.08555526,1.157595,-0.01289975,8,5
9.170902,1.167959,0.08546029,1.157418,-0.0131095,8,5
9.176384,1.173441,0.08521888,1.157499,-0.01477976,8,5
9.182535,1.179592,0.08482423,1.157796,-0.0185199,8,5
9.187545,1.184602,0.08464641,1.157933,-0.02011633,8,5
9.192214,1.189271,0.0842373,1.157985,-0.02235594,8,5
9.198944,1.196001,0.08390478,1.158017,-0.0245204,8,5
9.203716,1.200773,0.0836901,1.158105,-0.02613365,8,5
9.212368,1.209424,0.08335005,1.158132,-0.02909691,8,5
9.218284,1.21534,0.08311635,1.158202,-0.03096789,8,5
9.223402,1.220458,0.08296749,1.158124,-0.03261915,8,5
9.227938,1.224993,0.08279012,1.158153,-0.03414772,8,5
9.233128,1.230183,0.08257404,1.158186,-0.03603521,8,5
9.238214,1.23527,0.08239649,1.158213,-0.03760772,8,5
9.24382,1.240875,0.08225469,1.158292,-0.03973574,8,5
9.249914,1.246969,0.08204192,1.158333,-0.04181162,8,5
9.254792,1.251846,0.08185925,1.158368,-0.0436229,8,5
9.260691,1.257744,0.08166976,1.158402,-0.04553133,8,5
9.267505,1.264559,0.08163483,1.158473,-0.04539222,8,5
9.273549,1.270603,0.08143689,1.158523,-0.04735409,8,5
9.280567,1.277621,0.08123249,1.158576,-0.04942122,8,5
9.286152,1.283206,0.08108251,1.158615,-0.05096606,8,5
9.291691,1.288745,0.08079854,1.158554,-0.05182821,8,5
9.297223,1.294277,0.08046535,1.158333,-0.0545873,8,5
9.303061,1.300115,0.08025694,1.158341,-0.05643085,8,5
9.308396,1.30545,0.07922016,1.158062,-0.0641022,8,5
9.315026,1.31208,0.07859253,1.157816,-0.06819053,8,5
9.320817,1.317871,0.07818878,1.157724,-0.07123412,8,5
9.325779,1.322833,0.07782124,1.157641,-0.07402305,8,5
9.331627,1.328681,0.07788348,1.157705,-0.07517447,8,5
9.336761,1.333816,0.07771248,1.157662,-0.07675771,8,5
9.341545,1.338599,0.07747944,1.157613,-0.0788937,8,5
9.34689,1.343945,0.0771648,1.15745,-0.08060636,8,5
9.352785,1.34984,0.07684673,1.15735,-0.08323178,8,5
9.358411,1.355465,0.07658802,1.157277,-0.08503687,8,5
9.363264,1.360319,0.07625983,1.157415,-0.08687918,8,5
9.369042,1.366097,0.07595574,1.157385,-0.08912811,8,5
9.374191,1.371246,0.07564688,1.15735,-0.0912029,8,5
9.379203,1.376257,0.07544023,1.157273,-0.09296083,8,5
9.384698,1.381752,0.07515991,1.157232,-0.09508935,8,5
9.389898,1.386952,0.07480955,1.157164,-0.0970263,8,5
9.394239,1.391293,0.07454422,1.15712,-0.09891345,8,5
9.400364,1.397418,0.07416444,1.156953,-0.100832,8,5
9.405663,1.402717,0.07387508,1.156806,-0.1025411,8,5
9.409883,1.406937,0.07363887,1.15673,-0.1040762,8,5
9.415711,1.412766,0.07331421,1.156605,-0.1060721,8,5
9.421528,1.418583,0.07291012,1.156455,-0.1078004,8,5
9.426228,1.423282,0.07263118,1.156357,-0.1094234,8,5
9.432371,1.429426,0.07224499,1.156218,-0.1117011,8,5
9.437962,1.435016,0.07167079,1.155831,-0.1130555,8,5
9.442179,1.439233,0.07138889,1.155696,-0.1144156,8,5
9.447357,1.444411,0.07107668,1.155461,-0.1157841,8,5
9.453265,1.450319,0.07065858,1.155231,-0.1177859,8,5
9.458296,1.45535,0.07032469,1.155004,-0.1186725,8,5
9.465983,1.463037,0.06988017,1.154753,-0.1205202,8,5
9.472544,0.0065603,0.0695482,1.15464,-0.1221517,7,6
9.477168,0.0111849,0.06930594,1.154512,-0.1232497,7,6
9.483461,0.0174786,0.06885013,1.154128,-0.1245169,7,6
9.489084,0.0231012,0.06847911,1.153791,-0.1254783,7,6
9.494206,0.0282235,0.06813473,1.15355,-0.1267402,7,6
9.500633,0.0346499,0.06782741,1.153342,-0.1275518,7,6
9.506053,0.0400696,0.06750129,1.153062,-0.1282166,7,6
9.511797,0.0458137,0.06723976,1.152793,-0.1291067,7,6
9.518119,0.0521358,0.06693289,1.152548,-0.1300867,7,6
9.523419,0.0574366,0.06678281,1.152274,-0.1306957,7,6
9.529857,0.0638739,0.0664719,1.151984,-0.1317297,7,6
9.536168,0.0701852,0.06640111,1.151654,-0.1325583,7,6
9.542282,0.0762992,0.0661678,1.151442,-0.1330364,7,6
9.548725,0.08274209,0.06586133,1.151181,-0.1335881,7,6
9.553979,0.0879956,0.06564409,1.150925,-0.1339759,7,6
9.560444,0.09446079,0.06540286,1.150666,-0.1346153,7,6
9.566122,0.1001392,0.06527937,1.150365,-0.1347892,7,6
9.572614,0.106631,0.06516915,1.150111,-0.1350847,7,6
9.579703,0.1137204,0.0649368,1.149991,-0.1353736,7,6
9.585296,0.1193123,0.0647628,1.149798,-0.1357344,7,6
9.590611,0.1246285,0.06438907,1.149729,-0.1358542,7,6
9.595588,0.129605,0.06410983,1.149663,-0.1358299,7,6
9.600635,0.1346521,0.06388739,1.149534,-0.136036,7,6
9.605843,0.1398603,0.06365454,1.149399,-0.1362526,7,6
9.61101,0.145027,0.06331643,1.149631,-0.1361837,7,6
9.617218,0.1512358,0.06299698,1.149907,-0.1361333,7,6
9.622518,0.1565352,0.06272744,1.149916,-0.1362513,7,6
9.627793,0.1618107,0.06243181,1.150182,-0.1361286,7,6
9.633018,0.1670355,0.06196216,1.150387,-0.1358265,7,6
9.639269,0.1732857,0.06152634,1.150658,-0.1354921,7,6
9.643723,0.1777397,0.06124216,1.150769,-0.1354178,7,6
9.649865,0.1838821,0.06089403,1.151113,-0.1350558,7,6
9.655163,0.1891797,0.06057843,1.15147,-0.1345674,7,6
9.659911,0.193928,0.0603245,1.151641,-0.1343885,7,6
9.666051,0.2000678,0.06010204,1.152137,-0.1338403,7,6
9.671606,0.2056231,0.05985809,1.15252,-0.1333219,7,6
9.676667,0.2106847,0.05963211,1.152764,-0.1330392,7,6
9.682715,0.2167327,0.05935576,1.15311,-0.1322726,7,6
9.687562,0.2215794,0.05911832,1.153375,-0.1318929,7,6
9.692493,0.2265105,0.05894779,1.153742,-0.1311501,7,6
9.698843,0.2328596,0.05867319,1.154088,-0.130606,7,6
9.704041,0.2380572,0.05843556,1.154387,-0.1301384,7,6
9.709064,0.24308,0.05820322,1.154678,-0.1296841,7,6
9.715322,0.249339,0.05846148,1.154853,-0.128402,7,6
9.721232,0.2552492,0.05823074,1.155532,-0.126585,7,6
9.725643,0.2596596,0.05808153,1.155844,-0.1258631,7,6
9.731275,0.2652909,0.05792465,1.156378,-0.1242511,7,6
9.736791,0.2708068,0.0577743,1.156732,-0.1233641,7,6
9.741286,0.275302,0.0574965,1.157133,-0.1223533,7,6
9.746552,0.2805679,0.05722487,1.157513,-0.1212091,7,6
9.752501,0.286517,0.05695951,1.158008,-0.1199241,7,6
9.757789,0.2918044,0.05646344,1.158261,-0.11869,7,6
9.763554,0.2975692,0.05618618,1.158505,-0.1172105,7,6
9.768333,0.3023487,0.05592978,1.15882,-0.1161283,7,6
9.77372,0.3077347,0.05583528,1.158948,-0.114472,7,6
9.779661,0.313676,0.05579579,1.158999,-0.1127233,7,6
9.785648,0.3196633,0.05559111,1.159252,-0.1112016,7,6
9.791492,0.3255064,0.05536931,1.159526,-0.1095798,7,6
9.797729,0.3317446,0.05551048,1.159482,-0.1075647,7,6
9.802938,0.3369527,0.05556946,1.159416,-0.105705,7,6
9.807871,0.341886,0.05559075,1.159436,-0.1039578,7,6
9.812771,0.3467859,0.05552228,1.159553,-0.1023014,7,6
9.817715,0.3517296,0.05569163,1.159425,-0.1006566,7,6
9.821843,0.355858,0.05567705,1.159477,-0.09934577,7,6
9.82613,0.3601445,0.05566262,1.159531,-0.09800471,7,6
9.831566,0.3655802,0.0556435,1.159607,-0.09615074,7,6
9.836704,0.3707188,0.05562886,1.159668,-0.09466441,7,6
9.841123,0.3751376,0.05561553,1.159726,-0.0932533,7,6
9.845287,0.3793023,0.05560367,1.159781,-0.09194563,7,6
9.853008,0.3870236,0.05586053,1.159344,-0.09102802,7,6
9.857165,0.3911803,0.05587002,1.159351,-0.08995409,7,6
9.861577,0.3955919,0.05588166,1.15936,-0.08869214,7,6
9.86635,0.4003652,0.05589472,1.15937,-0.08734055,7,6
9.870981,0.4049964,0.05613129,1.159281,-0.08518149,7,6
9.875319,0.4093337,0.05616053,1.159282,-0.08400655,7,6
9.880129,0.4141444,0.05619668,1.159283,-0.08258517,7,6
9.884864,0.4188797,0.05623373,1.159284,-0.08116244,7,6
9.889407,0.423423,0.0562694,1.159285,-0.07982332,7,6
9.893613,0.4276288,0.05630743,1.159286,-0.07842594,7,6
9.899121,0.4331368,0.0563489,1.159287,-0.07693569,7,6
9.904633,0.4386484,0.05649241,1.159497,-0.07375413,7,6
9.910762,0.4447776,0.05646743,1.159501,-0.07374969,7,6
9.917057,0.4510724,0.05690804,1.159539,-0.06530157,7,6
9.922776,0.4567919,0.05721449,1.159405,-0.062306,7,6
9.928259,0.4622741,0.05740058,1.159377,-0.05925878,7,6
9.934786,0.4688007,0.05764881,1.159305,-0.05688525,7,6
9.939636,0.4736507,0.05784056,1.159229,-0.0558338,7,6
9.943781,0.4777958,0.05800053,1.159189,-0.05395041,7,6
9.949867,0.4838823,0.0581216,1.159222,-0.05203573,7,6
9.955009,0.4890234,0.05817993,1.159299,-0.05028238,7,6
9.960454,0.4944691,0.058324,1.159294,-0.04834223,7,6
9.966119,0.5001341,0.05849421,1.159289,-0.04613791,7,6
9.971635,0.5056502,0.05825055,1.159199,-0.04444576,7,6
9.976622,0.5106369,0.05831128,1.159179,-0.04281746,7,6
9.983006,0.5170208,0.0582661,1.159083,-0.0407024,7,6
9.98802,0.5220356,0.05826531,1.15896,-0.03899942,7,6
9.993434,0.5274492,0.0583105,1.158885,-0.03686724,7,6
9.999472,0.5334867,0.05841056,1.158825,-0.03502081,7,6
10.00487,0.538888,0.05856673,1.15879,-0.03330074,7,6
10.0104,0.5444158,0.05866281,1.15872,-0.03122229,7,6
10.01651,0.5505292,0.05881027,1.158688,-0.02943702,7,6
10.0221,0.5561109,0.05897254,1.158645,-0.02772394,7,6
10.02731,0.5613272,0.05909,1.158591,-0.02597327,7,6
10.03265,0.5666605,0.0591109,1.15839,-0.02416335,7,6
10.03828,0.5722951,0.05915542,1.1583,-0.02259738,7,6
10.04301,0.5770236,0.05923455,1.158219,-0.02107675,7,6
10.04835,0.5823637,0.05949929,1.158071,-0.01954982,7,6
10.05365,0.5876667,0.05961953,1.158152,-0.01804159,7,6
10.05978,0.5937905,0.05975751,1.158095,-0.01634509,7,6
10.06561,0.5996212,0.05991801,1.15815,-0.01475967,7,6
10.07043,0.6044402,0.06005806,1.158124,-0.01318713,7,6
10.07576,0.6097751,0.0600944,1.157946,-0.01195859,7,6
10.08112,0.6151376,0.05998209,1.157782,-0.0106023,7,6
10.08622,0.6202325,0.06004857,1.157701,-0.009172231,7,6
10.09131,0.6253238,0.05997271,1.157462,-0.00782983,7,6
10.09669,0.6307033,0.06001521,1.157371,-0.006597262,7,6
10.10209,0.636107,0.06005832,1.157257,-0.005194046,7,6
10.10731,0.6413266,0.06013504,1.157113,-0.004027955,7,6
10.1118,0.645814,0.06026358,1.156967,-0.002947301,7,6
10.1183,0.6523124,0.06034916,1.156817,-0.001458213,7,6
10.12356,0.6575705,0.06050012,1.156629,-0.0003820062,7,6
10.12833,0.6623462,0.06058754,1.156496,0.0007649623,7,6
10.13425,0.6682641,0.06079668,1.156317,0.002127245,7,6
10.14035,0.6743695,0.06105632,1.156175,0.003297497,7,6
10.14564,0.6796525,0.06129315,1.156052,0.004182626,7,6
10.15162,0.6856385,0.06150807,1.155882,0.005557008,7,6
10.15719,0.6912001,0.06166255,1.155789,0.006367225,7,6
10.16223,0.6962422,0.06183217,1.155664,0.007391825,7,6
10.16868,0.7026982,0.06210846,1.155516,0.008398835,7,6
10.17387,0.7078806,0.06233053,1.155351,0.009245392,7,6
10.17921,0.7132282,0.06251333,1.155226,0.01013293,7,6
10.18534,0.7193539,0.06271947,1.154918,0.01095415,7,6
10.19009,0.7241024,0.06299525,1.154837,0.01148449,7,6
10.19511,0.7291231,0.06322443,1.154681,0.01235454,7,6
10.20107,0.7350873,0.06345534,1.154517,0.01297357,7,6
10.20585,0.7398669,0.06359221,1.154438,0.01344231,7,6
10.21051,0.7445206,0.0638046,1.154295,0.0141837,7,6
10.21672,0.7507396,0.06392451,1.15419,0.01457704,7,6
10.22193,0.7559434,0.06398647,1.154005,0.01502293,7,6
10.22797,0.7619844,0.06417064,1.153837,0.0157184,7,6
10.23384,0.7678592,0.06414559,1.153577,0.01624884,7,6
10.23942,0.7734329,0.06418259,1.153485,0.01647307,7,6
10.24506,0.7790756,0.06428888,1.153326,0.01699588,7,6
10.25055,0.784569,0.06432305,1.153408,0.01714996,7,6
10.25645,0.7904614,0.06433143,1.153382,0.0173579,7,6
10.26189,0.7959062,0.06439441,1.153422,0.01750023,7,6
10.26767,0.8016896,0.06446281,1.153371,0.01781473,7,6
10.27352,0.8075371,0.06440106,1.153276,0.0181034,7,6
10.27864,0.8126514,0.0643754,1.153166,0.0182988,7,6
10.28412,0.8181317,0.06439502,1.153092,0.01857285,7,6
10.29008,0.8240946,0.06441752,1.153009,0.01887818,7,6
10.29575,0.8297644,0.06456085,1.152924,0.01901385,7,6
10.30213,0.8361453,0.06467304,1.153014,0.01897395,7,6
10.30684,0.8408567,0.06472195,1.152979,0.01913093,7,6
10.31101,0.8450259,0.06476911,1.152946,0.01928158,7,6
10.31718,0.8511906,0.06477867,1.152952,0.01923714,7,6
10.32248,0.8564968,0.06461842,1.152708,0.01914823,7,6
10.32715,0.8611647,0.06463249,1.152653,0.01924017,7,6
10.33297,0.8669866,0.06457248,1.152406,0.01932094,7,6
10.33884,0.8728533,0.06461927,1.152424,0.01925365,7,6
10.34408,0.8780916,0.06462977,1.152355,0.0193077,7,6
10.34972,0.883737,0.0646782,1.152461,0.01916934,7,6
10.35514,0.8891528,0.06463081,1.152523,0.01903921,7,6
10.3604,0.8944169,0.06463274,1.152516,0.01901889,7,6
10.36617,0.900183,0.06448292,1.15265,0.0188715,7,6
10.37121,0.9052203,0.06431722,1.152772,0.0187103,7,6
10.37633,0.9103462,0.06426111,1.152814,0.01864332,7,6
10.38244,0.9164568,0.0641898,1.152865,0.01846022,7,6
10.38746,0.9214695,0.0641716,1.152992,0.01824442,7,6
10.39273,0.9267433,0.06411444,1.153066,0.01810331,7,6
10.39987,0.9338836,0.06411393,1.153415,0.01769008,7,6
10.40564,0.9396537,0.06407496,1.153573,0.01735682,7,6
10.4117,0.9457112,0.06402957,1.15373,0.017095,7,6
10.41777,0.9517884,0.06398971,1.15377,0.01683632,7,6
10.42344,0.9574541,0.06409334,1.153943,0.01645182,7,6
10.43024,0.964258,0.0641805,1.154122,0.01597289,7,6
10.43576,0.969777,0.06419701,1.154233,0.01571446,7,6
10.44157,0.9755852,0.06420611,1.154236,0.01530427,7,6
10.44804,0.9820543,0.06423366,1.154235,0.01484209,7,6
10.45293,0.9869489,0.06425238,1.154303,0.01450238,7,6
10.45935,0.993365,0.06409668,1.154211,0.01394545,7,6
10.46561,0.999621,0.06407492,1.154249,0.01350527,7,6
10.47151,1.005527,0.06403097,1.154122,0.01288224,7,6
10.47712,1.011138,0.06401587,1.154123,0.01249311,7,6
10.48256,1.016574,0.06402685,1.154212,0.01183135,7,6
10.48748,1.021493,0.06395934,1.154204,0.01117563,7,6
10.49581,1.029829,0.0638156,1.154099,0.01017057,7,6
10.50102,1.035038,0.06376939,1.154082,0.009660915,7,6
10.50655,1.040564,0.06354958,1.153972,0.008851916,7,6
10.51122,1.045233,0.06346127,1.153933,0.008245096,7,6
10.51719,1.051204,0.06332863,1.153946,0.007384297,7,6
10.52237,1.056381,0.06312921,1.153949,0.006408971,7,6
10.52683,1.060849,0.06302387,1.153931,0.005768798,7,6
10.53221,1.066222,0.06288878,1.153906,0.004942775,7,6
10.53814,1.072159,0.06288051,1.153989,0.003725443,7,6
10.54357,1.077582,0.06276009,1.153987,0.002500162,7,6
10.54929,1.083306,0.06247588,1.153907,0.00120296,7,6
10.55499,1.089009,0.06219617,1.153856,-0.0002785027,7,6
10.56021,1.094221,0.0620462,1.153832,-0.001233835,7,6
10.56514,1.099152,0.06179598,1.15375,-0.002546374,7,6
10.56923,1.10324,0.06165221,1.153719,-0.003424063,7,6
10.57355,1.107561,0.06132057,1.153585,-0.004791826,7,6
10.57874,1.11275,0.06114623,1.153592,-0.006232712,7,6
10.58416,1.118171,0.06092836,1.153546,-0.007569335,7,6
10.58912,1.123138,0.06070208,1.153503,-0.009151161,7,6
10.59388,1.127895,0.06048661,1.153458,-0.0105396,7,6
10.60009,1.134106,0.06014468,1.153476,-0.01228146,7,6
10.60475,1.138768,0.05993639,1.153447,-0.0135629,7,6
10.61005,1.144066,0.059682,1.15355,-0.01534266,7,6
10.61601,1.150026,0.05925258,1.153604,-0.0176338,7,6
10.62177,1.155787,0.05894129,1.153584,-0.01956886,7,6
10.62704,1.161054,0.05866982,1.153583,-0.0212584,7,6
10.6329,1.166917,0.05821804,1.153836,-0.02384841,7,6
10.63811,1.172128,0.05790093,1.154062,-0.02570779,7,6
10.64296,1.176972,0.05762332,1.154155,-0.02742159,7,6
10.64839,1.182398,0.0572781,1.15425,-0.02978025,7,6
10.65312,1.187131,0.05698397,1.154346,-0.03169197,7,6
10.65845,1.192462,0.05654763,1.154464,-0.03382063,7,6
10.66363,1.197642,0.05627847,1.15462,-0.0360916,7,6
10.66827,1.20228,0.05600622,1.154718,-0.03791886,7,6
10.67337,1.207381,0.0557905,1.154769,-0.04046372,7,6
10.67856,1.212569,0.05553449,1.154853,-0.04245361,7,6
10.68383,1.217838,0.05541243,1.154948,-0.04490931,7,6
10.68908,1.223097,0.05523257,1.154949,-0.04726557,7,6
10.69417,1.228185,0.05499903,1.155012,-0.04964047,7,6
10.6998,1.233813,0.0548674,1.155007,-0.05204709,7,6
10.70469,1.2387,0.05467829,1.154901,-0.05412561,7,6
10.70938,1.243389,0.05450168,1.154898,-0.05618255,7,6
10.71598,1.24999,0.05443916,1.154873,-0.05935422,7,6
10.72177,1.255778,0.05434798,1.15496,-0.06189857,7,6
10.72692,1.260932,0.05421405,1.154966,-0.06431261,7,6
10.73341,1.267419,0.05425991,1.155144,-0.06757195,7,6
10.73908,1.273093,0.05429829,1.155289,-0.07007746,7,6
10.74406,1.278078,0.05424905,1.155341,-0.07241748,7,6
10.74925,1.283267,0.05417068,1.155265,-0.07472997,7,6
10.75371,1.287724,0.05417541,1.155155,-0.07705473,7,6
10.75818,1.292197,0.05414585,1.155138,-0.078879,7,6
10.76291,1.29692,0.05409581,1.154998,-0.08105245,7,6
10.76874,1.302756,0.0540499,1.154926,-0.08376488,7,6
10.77434,1.308353,0.05404444,1.154472,-0.08626127,7,6
10.78089,1.314908,0.05401171,1.154278,-0.08904041,7,6
10.78643,1.320446,0.05381631,1.153857,-0.09156875,7,6
10.79123,1.325241,0.05358528,1.153411,-0.09384842,7,6
10.79768,1.331689,0.05336634,1.152921,-0.09642738,7,6
10.80309,1.337102,0.05324162,1.152589,-0.09882841,7,6
10.80859,1.342603,0.05288965,1.151987,-0.1009709,7,6
10.81493,1.348942,0.05255103,1.151295,-0.1035704,7,6
10.82107,1.355086,0.05233587,1.150827,-0.1059579,7,6
10.82625,1.360267,0.05207208,1.150392,-0.1079082,7,6
10.8316,1.365617,0.05185452,1.149921,-0.11014,7,6
10.83617,1.370181,0.05169121,1.149577,-0.1118128,7,6
10.84109,1.375099,0.05138337,1.149104,-0.1136433,7,6
10.84632,1.380338,0.05105033,1.148625,-0.1154928,7,6
10.85234,1.386349,0.05073205,1.148053,-0.1180266,7,6
10.8581,1.392111,0.05043562,1.147688,-0.1197765,7,6
10.86397,1.39798,0.05013276,1.147178,-0.1220616,7,6
10.87191,1.405927,0.04972492,1.146708,-0.1248599,7,6
10.87906,0.0071464,0.04978622,1.146793,-0.1249993,4,7
10.88569,0.0137704,0.04953917,1.146406,-0.1269505,4,7
10.89127,0.0193528,0.04903716,1.145632,-0.1303187,4,7
10.89819,0.0262727,0.04862545,1.145031,-0.132221,4,7
10.90373,0.0318105,0.04833862,1.144581,-0.1341107,4,7
10.90782,0.0359085,0.04812884,1.144248,-0.1355083,4,7
10.91226,0.0403429,0.04788366,1.143852,-0.1371586,4,7
10.91755,0.0456336,0.04763493,1.143444,-0.1388523,4,7
10.92309,0.0511739,0.04741379,1.143275,-0.1396387,4,7
10.9282,0.0562842,0.04750911,1.143534,-0.1381246,4,7
10.93379,0.0618687,0.04684974,1.142888,-0.1403809,4,7
10.93985,0.067934,0.04652863,1.142489,-0.141919,4,7
10.94513,0.0732105,0.04617714,1.141935,-0.1427185,4,7
10.95142,0.0795068,0.04581457,1.141425,-0.1434925,4,7
10.95762,0.0857005,0.04553922,1.141078,-0.1438801,4,7
10.96252,0.0906072,0.04526729,1.14072,-0.1447726,4,7
10.97032,0.0984,0.04510256,1.140374,-0.1451977,4,7
10.97771,0.1057971,0.04483045,1.139981,-0.1460524,4,7
10.98409,0.1121702,0.04466342,1.139627,-0.1463833,4,7
10.98963,0.1177104,0.04440796,1.139406,-0.1465445,4,7
10.99485,0.1229348,0.04417859,1.139093,-0.1470748,4,7
11.00063,0.1287127,0.04398768,1.138715,-0.1470255,4,7
11.00539,0.1334716,0.04380401,1.138505,-0.1468822,4,7
11.01025,0.1383312,0.04359237,1.138209,-0.1471476,4,7
11.01631,0.144396,0.04351974,1.138067,-0.1469683,4,7
11.02192,0.1500076,0.04332632,1.137788,-0.1471465,4,7
11.02756,0.1556403,0.04327495,1.137681,-0.1468201,4,7
11.03329,0.1613692,0.0430979,1.137419,-0.1468981,4,7
11.03967,0.1677583,0.04311467,1.137107,-0.1458236,4,7
11.04478,0.1728661,0.04299594,1.136878,-0.1456721,4,7
11.04983,0.1779185,0.0427177,1.136564,-0.1449748,4,7
11.05434,0.1824236,0.04245704,1.136316,-0.1443534,4,7
11.0589,0.1869846,0.04230654,1.136108,-0.1440596,4,7
11.06468,0.1927682,0.04217246,1.136028,-0.1433173,4,7
11.06967,0.1977519,0.04200738,1.135825,-0.1428904,4,7
11.07458,0.2026672,0.04208627,1.135693,-0.1419931,4,7
11.08071,0.2087934,0.04194835,1.13547,-0.1413731,4,7
11.08627,0.2143567,0.04208825,1.135129,-0.1402407,4,7
11.09204,0.2201263,0.04218542,1.134874,-0.1390177,4,7
11.0982,0.2262815,0.04214689,1.134635,-0.1382277,4,7
11.10314,0.2312191,0.04211883,1.134457,-0.1368759,4,7
11.10801,0.2360957,0.04229334,1.134278,-0.1355065,4,7
11.11367,0.2417581,0.04258198,1.134169,-0.1339036,4,7
11.11876,0.2468433,0.04264372,1.134016,-0.1329907,4,7
11.12436,0.2524446,0.04296998,1.134188,-0.131659,4,7
11.13541,0.2634932,0.04331904,1.134113,-0.1286946,4,7
11.14081,0.2688977,0.04350183,1.134006,-0.1270331,4,7
11.14604,0.2741264,0.04365402,1.133918,-0.1257037,4,7
11.15181,0.2798927,0.04387357,1.133878,-0.1236628,4,7
11.15698,0.285065,0.0440199,1.133805,-0.1223874,4,7
11.16198,0.290068,0.04417871,1.133723,-0.1210138,4,7
11.16733,0.2954181,0.0443464,1.133633,-0.1195748,4,7
11.1735,0.3015815,0.04473345,1.133707,-0.1173175,4,7
11.1799,0.3079845,0.04478842,1.133973,-0.117629,4,7
11.18622,0.3143036,0.04499446,1.133941,-0.1161252,4,7
11.19162,0.3196995,0.04577864,1.133863,-0.1106789,4,7
11.1978,0.3258837,0.04611103,1.133811,-0.1083813,4,7
11.20302,0.3311081,0.04646953,1.133606,-0.1057044,4,7
11.20817,0.3362572,0.04679937,1.133638,-0.1037611,4,7
11.21402,0.3421084,0.04717056,1.133698,-0.1014284,4,7
11.2205,0.3485864,0.04775449,1.133759,-0.09910297,4,7
11.22496,0.353042,0.04807523,1.13375,-0.09736925,4,7
11.23115,0.3592331,0.04855843,1.133728,-0.09480439,4,7
11.23684,0.3649275,0.04874341,1.133657,-0.09257072,4,7
11.24126,0.3693452,0.04903489,1.133632,-0.09078126,4,7
11.24791,0.3759905,0.04939943,1.133514,-0.08804315,4,7
11.25383,0.3819199,0.04971588,1.13359,-0.08549474,4,7
11.25889,0.3869718,0.0499922,1.133572,-0.08365239,4,7
11.26505,0.3931311,0.0503364,1.133656,-0.08123019,4,7
11.27,0.3980855,0.05064112,1.133652,-0.07923333,4,7
11.27505,0.4031394,0.0509491,1.133641,-0.0770429,4,7
11.28153,0.4096142,0.05129392,1.133578,-0.07451525,4,7
11.28664,0.4147272,0.05161236,1.133549,-0.07241841,4,7
11.29191,0.4200023,0.05198296,1.133459,-0.07005339,4,7
11.29866,0.4267442,0.05238684,1.133399,-0.06750607,4,7
11.30473,0.4328171,0.05287471,1.133261,-0.06511998,4,7
11.31063,0.4387196,0.05332663,1.133177,-0.06251059,4,7
11.31698,0.4450674,0.05370661,1.133295,-0.06035164,4,7
11.32286,0.4509449,0.05421198,1.133265,-0.05815786,4,7
11.3283,0.4563892,0.05462991,1.133227,-0.05600835,4,7
11.33448,0.4625705,0.05492972,1.133267,-0.05357677,4,7
11.34051,0.4685955,0.05495611,1.133366,-0.05170409,4,7
11.34525,0.4733357,0.05522077,1.133371,-0.04991804,4,7
11.35074,0.4788291,0.0551096,1.133413,-0.04790174,4,7
11.35656,0.4846435,0.05512941,1.133486,-0.04615183,4,7
11.36161,0.4896984,0.05529096,1.133509,-0.04433881,4,7
11.36682,0.4949048,0.05523231,1.13359,-0.0426757,4,7
11.37191,0.4999977,0.05510088,1.133447,-0.0408574,4,7
11.3781,0.5061865,0.05516684,1.133433,-0.03894867,4,7
11.38334,0.5114339,0.05523523,1.133417,-0.03711908,4,7
11.38968,0.5177671,0.05493727,1.13311,-0.0349189,4,7
11.39451,0.5225945,0.0549452,1.133037,-0.03306955,4,7
11.40078,0.5288686,0.05478239,1.132773,-0.03314009,4,7
11.40624,0.5343332,0.05495938,1.132399,-0.02962835,4,7
11.4112,0.5392889,0.05499305,1.132227,-0.02757976,4,7
11.41766,0.5457458,0.05526936,1.131911,-0.02530144,4,7
11.42321,0.5512972,0.05551271,1.131822,-0.02357641,4,7
11.42811,0.5561947,0.05563055,1.131654,-0.02177435,4,7
11.43444,0.5625276,0.05588565,1.131285,-0.01962999,4,7
11.44118,0.5692657,0.05604417,1.131215,-0.01795748,4,7
11.44745,0.5755353,0.05622232,1.131002,-0.01588603,4,7
11.45342,0.5815053,0.05648687,1.131051,-0.014245,4,7
11.45825,0.5863352,0.05662384,1.13096,-0.01293407,4,7
11.46467,0.5927577,0.05683642,1.130817,-0.01095117,4,7
11.47042,0.5985141,0.05702243,1.130881,-0.009566497,4,7
11.47531,0.6034029,0.05716318,1.130817,-0.008308634,4,7
11.48194,0.6100317,0.05724465,1.130703,-0.006585632,4,7
11.48734,0.6154244,0.05730514,1.130646,-0.005251475,4,7
11.49266,0.6207486,0.05743979,1.130563,-0.003704794,4,7
11.50023,0.6283167,0.05765284,1.130577,-0.002023678,4,7
11.50578,0.6338687,0.05784535,1.130657,-0.0007776059,4,7
11.51157,0.639663,0.05802698,1.130633,0.0008054338,4,7
11.51796,0.6460514,0.05830039,1.130813,0.002042245,4,7
11.52309,0.6511805,0.05846236,1.130887,0.003081795,4,7
11.52894,0.6570258,0.05866019,1.130924,0.004463762,4,7
11.53374,0.6618322,0.05883678,1.130956,0.00567396,4,7
11.53969,0.6677799,0.05904085,1.130926,0.006523941,4,7
11.54434,0.6724253,0.05920452,1.130946,0.007540222,4,7
11.54961,0.6777014,0.05918444,1.130929,0.006987985,4,7
11.55536,0.6834499,0.05963171,1.130968,0.008796815,4,7
11.5615,0.6895881,0.05986491,1.13099,0.009943206,4,7
11.56667,0.6947573,0.06009552,1.131075,0.01079458,4,7
11.57231,0.7003942,0.06028444,1.131054,0.01163357,4,7
11.57812,0.7062042,0.06049368,1.131074,0.01258152,4,7
11.5835,0.7115845,0.06051897,1.131025,0.01320407,4,7
11.5891,0.7171891,0.06061435,1.130981,0.01384963,4,7
11.59406,0.7221475,0.06076962,1.130975,0.01467888,4,7
11.60021,0.7283003,0.06093548,1.131028,0.01516953,4,7
11.60575,0.7338349,0.06107067,1.131044,0.01572825,4,7
11.61201,0.7400976,0.0612631,1.131056,0.0166095,4,7
11.62099,0.7490739,0.06149879,1.131072,0.01767343,4,7
11.62519,0.7532791,0.06162054,1.131081,0.01821664,4,7
11.62964,0.757726,0.06175389,1.13109,0.01880665,4,7
11.63405,0.7621402,0.06189195,1.131101,0.01941231,4,7
11.63847,0.7665568,0.0620074,1.13111,0.0199148,4,7
11.64235,0.7704395,0.06212212,1.131119,0.02041054,4,7
11.64692,0.7750086,0.06225855,1.13113,0.02099568,4,7
11.65086,0.7789508,0.06239587,1.131141,0.02157978,4,7
11.6554,0.7834874,0.06251422,1.131151,0.02207946,4,7
11.6594,0.7874905,0.0626361,1.131161,0.02259044,4,7
11.66396,0.7920523,0.06267536,1.131373,0.02231846,4,7
11.66807,0.7961538,0.0627942,1.131397,0.02279113,4,7
11.67212,0.8002037,0.06292558,1.131423,0.02331028,4,7
11.67629,0.8043766,0.06303581,1.131446,0.02374315,4,7
11.68069,0.8087792,0.06316629,1.131473,0.02425246,4,7
11.68466,0.8127514,0.06328464,1.131498,0.02471153,4,7
11.68866,0.8167459,0.0634044,1.131524,0.02517335,4,7
11.6926,0.8206895,0.06353738,1.131552,0.02568302,4,7
11.69737,0.8254536,0.06366732,1.131581,0.02617786,4,7
11.70134,0.8294272,0.06378791,1.131607,0.02663434,4,7
11.70683,0.834918,0.06353763,1.131597,0.02580566,4,7
11.71311,0.8411962,0.06372219,1.13164,0.02651167,4,7
11.71873,0.8468198,0.06280887,1.131273,0.02033855,4,7
11.72333,0.8514205,0.06289279,1.131285,0.02061805,4,7
11.72807,0.8561601,0.06403638,1.131332,0.0232693,4,7
11.73445,0.8625391,0.06409538,1.131214,0.02363485,4,7
11.74054,0.8686264,0.06396327,1.130994,0.02352078,4,7
11.74672,0.8748082,0.06414717,1.130927,0.02409351,4,7
11.75188,0.8799677,0.06418779,1.130953,0.02382481,4,7
11.75806,0.886149,0.06421354,1.131003,0.02372195,4,7
11.76444,0.8925247,0.0643384,1.13098,0.02399007,4,7
11.76947,0.8975618,0.06443846,1.130963,0.02420407,4,7
11.77376,0.9018474,0.06453264,1.130947,0.02440476,4,7
11.78501,0.9130926,0.06474826,1.130912,0.02486174,4,7
11.78927,0.917359,0.06483001,1.130899,0.02503405,4,7
11.79365,0.9217386,0.06492744,1.130884,0.02523879,4,7
11.79867,0.9267573,0.06459761,1.130834,0.02482895,4,7
11.80327,0.9313573,0.06408229,1.130755,0.02431975,4,7
11.80747,0.9355572,0.06409301,1.130735,0.02440523,4,7
11.81192,0.9400113,0.06410569,1.13071,0.02450537,4,7
11.81841,0.9464972,0.06412148,1.13068,0.02462875,4,7
11.82297,0.9510567,0.06413304,1.130659,0.02471812,4,7
11.828,0.9560901,0.06414643,1.130634,0.02482058,4,7
11.83363,0.9617158,0.06369895,1.130361,0.02478732,4,7
11.83873,0.9668209,0.06368023,1.130324,0.02486584,4,7
11.84341,0.9714955,0.06366006,1.130284,0.02495099,4,7
11.84834,0.9764247,0.06363958,1.130243,0.02503785,4,7
11.85348,0.9815676,0.06329458,1.130238,0.02417558,4,7
11.85907,0.9871606,0.06325623,1.130196,0.02422003,4,7
11.86547,0.9935543,0.06320908,1.130145,0.02427488,4,7
11.87179,0.9998789,0.06245035,1.129909,0.02365415,4,7
11.87748,1.005562,0.06230232,1.129827,0.02361041,4,7
11.88326,1.011345,0.0621357,1.129734,0.02356129,4,7
11.8888,1.016888,0.06197428,1.129644,0.02351383,4,7
11.89411,1.022192,0.06181027,1.129578,0.02324915,4,7
11.90077,1.028858,0.06208323,1.129843,0.02300976,4,7
11.90594,1.03403,0.06199959,1.129972,0.02257482,4,7
11.91064,1.038725,0.06191066,1.129978,0.02239766,4,7
11.91728,1.045363,0.06180352,1.130005,0.02208717,4,7
11.92241,1.050498,0.06181949,1.129954,0.02182545,4,7
11.92713,1.05522,0.06176017,1.12995,0.02162861,4,7
11.93318,1.061266,0.06173272,1.129942,0.02123799,4,7
11.93906,1.06715,0.06178762,1.129984,0.02075672,4,7
11.94479,1.072875,0.0617578,1.129991,0.02042992,4,7
11.95084,1.078923,0.06164553,1.129922,0.01984197,4,7
11.95613,1.084221,0.06165621,1.129895,0.01918018,4,7
11.96096,1.08905,0.06162701,1.129882,0.01877596,4,7
11.96713,1.09522,0.06143043,1.129829,0.01821885,4,7
11.97214,1.100221,0.0612172,1.129856,0.01748314,4,7
11.978,1.106083,0.0611151,1.129846,0.0169588,4,7
11.98347,1.111555,0.06104537,1.129933,0.01600583,4,7
11.98892,1.117004,0.06095487,1.129977,0.01497587,4,7
11.99403,1.122114,0.06085898,1.129996,0.01422595,4,7
12.00067,1.128755,0.06072456,1.129977,0.01307056,4,7
12.00606,1.134149,0.06059469,1.130054,0.01186738,4,7
12.01148,1.13957,0.06047823,1.130082,0.01086295,4,7
12.01743,1.145514,0.06021076,1.130155,0.009663474,4,7
12.0236,1.151687,0.06003771,1.130125,0.008145899,4,7
12.02811,1.156191,0.05992419,1.130139,0.007279653,4,7
12.03343,1.16152,0.05975703,1.13025,0.005630571,4,7
12.03835,1.16644,0.05964079,1.13028,0.004652388,4,7
12.04308,1.171168,0.05952101,1.13031,0.003626216,4,7
12.04826,1.176342,0.05939158,1.130342,0.002495568,4,7
12.05347,1.181557,0.05918603,1.130529,0.0006051064,4,7
12.05844,1.186522,0.05907023,1.130572,-0.0004522614,4,7
12.06361,1.191694,0.05913346,1.130657,-0.00102973,4,7
12.06944,1.19753,0.05901484,1.130714,-0.002277266,4,7
12.07434,1.202424,0.05890346,1.130767,-0.003481895,4,7
12.08098,1.209069,0.05835146,1.13072,-0.008848745,4,7
12.08748,1.215563,0.05825331,1.1305,-0.01174252,4,7
12.09306,1.221147,0.0580845,1.130456,-0.01417294,4,7
12.0997,1.227791,0.05799517,1.130355,-0.01658561,4,7
12.10531,1.2334,0.05791603,1.130213,-0.01880147,4,7
12.11016,1.238244,0.05782165,1.130146,-0.02074844,4,7
12.11634,1.244424,0.05767223,1.129724,-0.02349922,4,7
12.12243,1.250518,0.05755739,1.129319,-0.02586549,4,7
12.12831,1.256396,0.05745377,1.129098,-0.02826314,4,7
12.13422,1.262309,0.0574423,1.128717,-0.03131697,4,7
12.14021,1.268295,0.0574446,1.128378,-0.03395183,4,7
12.14603,1.274114,0.05752215,1.128093,-0.03685591,4,7
12.15216,1.280249,0.05751606,1.12779,-0.03987814,4,7
12.15778,1.285869,0.05752217,1.127677,-0.04237524,4,7
12.1629,1.290989,0.05753235,1.127475,-0.04475559,4,7
12.1691,1.297184,0.05755718,1.127241,-0.04761356,4,7
12.17374,1.301823,0.05758766,1.127056,-0.04994567,4,7
12.18,1.308084,0.05754636,1.126949,-0.05305751,4,7
12.185,1.313084,0.05758352,1.126786,-0.05539956,4,7
12.18937,1.317459,0.05762484,1.126643,-0.05748929,4,7
12.19573,1.323814,0.05781427,1.126898,-0.05584221,4,7
12.20074,1.328819,0.0578577,1.126785,-0.05758297,4,7
12.2051,1.333185,0.0579061,1.126677,-0.059276,4,7
12.21091,1.338992,0.05813474,1.126383,-0.06465559,4,7
12.21692,1.345005,0.05822303,1.125784,-0.07190356,4,7
12.22254,1.35062,0.05844031,1.125388,-0.07569145,4,7
12.2279,1.355988,0.05858599,1.125096,-0.07926629,4,7
12.23329,1.36137,0.05900444,1.124741,-0.08213183,4,7
12.23931,1.367397,0.05923625,1.12443,-0.08553718,4,7
12.24572,1.373807,0.05977169,1.123988,-0.08845305,4,7
12.25091,1.378991,0.0601675,1.123625,-0.09102984,4,7
12.2568,1.38488,0.06049931,1.123278,-0.09405562,4,7
12.26243,1.390516,0.06068663,1.122776,-0.09659714,4,7
12.26786,1.395948,0.0607875,1.122462,-0.09919812,4,7
12.27316,1.401241,0.06103885,1.122265,-0.1021445,4,7
12.27822,1.406301,0.0612738,1.121987,-0.1045487,4,7
12.28362,1.411703,0.06157061,1.121806,-0.1072661,4,7
12.28883,1.41691,0.06177884,1.121626,-0.1099906,4,7
12.29359,1.421672,0.06205901,1.121345,-0.1127343,4,7
12.30027,1.428354,0.06229463,1.120921,-0.1156392,4,7
12.30584,1.433921,0.0624933,1.12056,-0.1182386,4,7
12.31044,1.43852,0.06275354,1.120233,-0.1208004,4,7
12.31676,1.444847,0.06304073,1.119844,-0.1234642,4,7
12.32159,1.449676,0.06330071,1.119515,-0.1258027,4,7
12.32599,1.454078,0.0635597,1.11919,-0.1280115,4,7
12.33202,1.46011,0.06387039,1.118887,-0.1309733,4,7
12.33768,1.46577,0.0640665,1.118361,-0.1330437,4,7
12.34222,1.470305,0.06430201,1.118005,-0.1351229,4,7
12.34742,1.475505,0.06458583,1.117581,-0.137509,4,7
12.35163,1.479719,0.06486005,1.117175,-0.1397066,4,7
12.35675,1.484836,0.06496689,1.116755,-0.1413109,4,7
12.36219,1.490273,0.06526673,1.116277,-0.1436954,4,7
12.36776,1.495848,0.06525632,1.116535,-0.1428892,4,7
12.37221,1.5003,0.06577262,1.115734,-0.1465547,4,7
12.37757,1.505658,0.06607281,1.115286,-0.1487122,4,7
12.38328,1.511364,0.06639349,1.114663,-0.1510176,4,7
12.38805,1.516136,0.0666272,1.114213,-0.1525029,4,7
12.393,1.521089,0.06695092,1.113683,-0.1546753,4,7
12.39923,1.527313,0.06715552,1.113193,-0.1564021,4,7
12.404,1.532084,0.06731528,1.11289,-0.1576961,4,7
12.40897,1.537059,0.06757154,1.112437,-0.159465,4,7
12.41517,1.543253,0.06802357,1.11188,-0.161316,4,7
12.42005,1.548141,0.06833939,1.111466,-0.1623586,4,7
12.42829,1.556373,0.06884619,1.110699,-0.1649159,4,7
12.43353,1.561612,0.06914052,1.110124,-0.1662411,4,7
12.43941,1.567498,0.06922192,1.109631,-0.1674529,4,7
12.4447,1.572784,0.06948686,1.109123,-0.1689048,4,7
12.44984,1.57793,0.069475,1.108571,-0.1697972,4,7
12.45513,1.583215,0.0697067,1.107994,-0.1712558,4,7
12.46103,1.589122,0.06976387,1.10769,-0.172178,4,7
12.46637,1.594454,0.06993023,1.107266,-0.1729787,4,7
12.47173,1.599814,0.07013189,1.106743,-0.1742443,4,7
12.47776,1.605847,0.07021989,1.106413,-0.1749866,4,7
12.48361,1.611696,0.07028088,1.105991,-0.1758584,4,7
12.48914,1.617229,0.07030766,1.105541,-0.1765616,4,7
12.49414,1.622229,0.07042895,1.105079,-0.1775328,4,7
12.49995,1.628035,0.07041574,1.104639,-0.177991,4,7
12.50498,1.633066,0.07043694,1.104327,-0.1783577,4,7
12.51043,1.638519,0.07051769,1.103872,-0.179144,4,7
12.51616,1.644242,0.07059269,1.103458,-0.1798525,4,7
12.52155,1.649642,0.07065841,1.103181,-0.1801308,4,7
12.52634,1.654426,0.07072634,1.102826,-0.1807026,4,7
12.53305,1.661136,0.07062998,1.102822,-0.1802262,4,7
12.54021,1.668299,0.07056303,1.10208,-0.1807744,7,7
12.54721,0.0069985,0.07058742,1.101552,-0.1813622,5,8
12.55233,0.012121,0.07050919,1.101186,-0.1814272,5,8
12.55797,0.0177534,0.07057593,1.100941,-0.1813778,5,8
12.56262,0.0224103,0.0706196,1.100858,-0.1813813,5,8
12.56844,0.0282254,0.07064361,1.100529,-0.181617,5,8
12.57357,0.0333606,0.07066691,1.100208,-0.1818463,5,8
12.5795,0.0392839,0.07063104,1.100183,-0.1817404,5,8
12.58691,0.0466943,0.07066202,1.100026,-0.1816413,5,8
12.59288,0.0526672,0.0707847,1.099817,-0.1813669,5,8
12.59911,0.0588976,0.07085238,1.099764,-0.1811049,5,8
12.60403,0.0638196,0.07092475,1.099769,-0.1808745,5,8
12.60858,0.0683693,0.07096738,1.099663,-0.1807929,5,8
12.6134,0.0731891,0.07101551,1.099543,-0.1806998,5,8
12.6183,0.0780881,0.07104676,1.099627,-0.1804615,5,8
12.62298,0.0827655,0.07097292,1.099748,-0.1803598,5,8
12.62824,0.0880316,0.07099281,1.099709,-0.1802337,5,8
12.63407,0.09385511,0.07101146,1.099703,-0.1800124,5,8
12.63931,0.0990949,0.07096927,1.099815,-0.179837,5,8
12.64427,0.1040529,0.07097333,1.099817,-0.1796946,5,8
12.65012,0.1099035,0.07093094,1.09989,-0.1794094,5,8
12.65439,0.1141748,0.0709257,1.099906,-0.1792537,5,8
12.65982,0.1196104,0.0709198,1.099923,-0.179083,5,8
12.66574,0.1255247,0.07091031,1.099932,-0.178737,5,8
12.67122,0.1310079,0.07090517,1.099936,-0.1785859,5,8
12.67639,0.1361734,0.07089964,1.099948,-0.1784147,5,8
12.68177,0.1415536,0.07089338,1.099962,-0.1782227,5,8
12.68648,0.1462655,0.07088774,1.099974,-0.1780517,5,8
12.6915,0.1512816,0.07083894,1.099962,-0.1773945,5,8
12.69724,0.1570274,0.07082566,1.099971,-0.1771287,5,8
12.7025,0.1622846,0.07082869,1.099859,-0.1771061,5,8
12.70824,0.1680287,0.07079519,1.09977,-0.1765051,5,8
12.71406,0.1738479,0.07054346,1.099707,-0.1761276,5,8
12.71924,0.1790305,0.07047989,1.099678,-0.1758488,5,8
12.72426,0.1840453,0.07031582,1.099635,-0.1756119,5,8
12.72944,0.1892301,0.07028259,1.099568,-0.1753399,5,8
12.73516,0.1949453,0.07019471,1.099519,-0.1750091,5,8
12.74064,0.2004262,0.07016528,1.099445,-0.1747746,5,8
12.74574,0.2055273,0.07008223,1.09939,-0.1745527,5,8
12.75122,0.2110051,0.0699995,1.099329,-0.1742454,5,8
12.75675,0.2165317,0.06975944,1.099302,-0.1740124,5,8
12.76146,0.2212454,0.06965663,1.099258,-0.1737704,5,8
12.7671,0.2268854,0.06951322,1.099251,-0.1735874,5,8
12.77263,0.2324192,0.0693734,1.099204,-0.1734037,5,8
12.7781,0.2378889,0.06925993,1.099166,-0.1731922,5,8
12.78484,0.2446205,0.06910147,1.098983,-0.1729107,5,8
12.78968,0.2494663,0.06899077,1.098921,-0.1727073,5,8
12.79497,0.2547576,0.06883559,1.098704,-0.1724359,5,8
12.80135,0.2611315,0.06868892,1.098596,-0.1721784,5,8
12.80579,0.2655778,0.06857581,1.098513,-0.1719799,5,8
12.81128,0.2710657,0.06834973,1.098408,-0.1717426,5,8
12.81702,0.2768045,0.06821316,1.098391,-0.1716657,5,8
12.82196,0.2817404,0.06810373,1.098207,-0.1715182,5,8
12.82707,0.2868582,0.06796816,1.098102,-0.1713348,5,8
12.83287,0.292655,0.06773967,1.097955,-0.1710779,5,8
12.83836,0.2981489,0.06754917,1.097848,-0.1708936,5,8
12.84453,0.3043121,0.06735785,1.097717,-0.170666,5,8
12.85057,0.3103539,0.06730409,1.097632,-0.1705539,5,8
12.85615,0.3159382,0.06728086,1.097654,-0.1704966,5,8
12.8629,0.3226835,0.06714135,1.097559,-0.1703121,5,8
12.86826,0.3280485,0.06707632,1.097663,-0.1703913,5,8
12.87351,0.3332918,0.06696924,1.097623,-0.1702858,5,8
12.87943,0.339209,0.06686389,1.097583,-0.1701821,5,8
12.88532,0.3451045,0.06675437,1.097541,-0.1700744,5,8
12.89001,0.3497987,0.06659568,1.097569,-0.1701388,5,8
12.89418,0.3539609,0.06650079,1.097543,-0.1700713,5,8
12.89974,0.3595269,0.06649652,1.097596,-0.1702107,5,8
12.90492,0.3647009,0.06639829,1.097575,-0.1701554,5,8
12.91063,0.3704129,0.06628498,1.097551,-0.1700916,5,8
12.91641,0.3761962,0.06618476,1.097529,-0.1700352,5,8
12.92222,0.3820033,0.06560775,1.097384,-0.1696957,5,8
12.92727,0.3870523,0.06545126,1.097347,-0.1696058,5,8
12.93311,0.3928998,0.06574635,1.097373,-0.169822,5,8
12.9385,0.3982898,0.06563845,1.097344,-0.1697645,5,8
12.94397,0.4037532,0.06552213,1.097312,-0.1697026,5,8
12.94917,0.4089556,0.06541087,1.097282,-0.1696434,5,8
12.95479,0.4145706,0.06543507,1.097182,-0.1696191,5,8
12.95974,0.4195224,0.06536247,1.09715,-0.1695758,5,8
12.96529,0.4250767,0.06545597,1.097186,-0.1695947,5,8
12.97039,0.4301779,0.06546314,1.097031,-0.1694894,5,8
12.97584,0.435627,0.06543589,1.096981,-0.1694421,5,8
12.98221,0.441996,0.06537309,1.096926,-0.1692938,5,8
12.98809,0.4478751,0.06533325,1.096869,-0.1692149,5,8
12.99242,0.4522069,0.06530111,1.096822,-0.1691512,5,8
12.99855,0.4583328,0.06519406,1.096815,-0.169095,5,8
13.00394,0.4637259,0.06524199,1.096839,-0.1690692,5,8
13.00832,0.4681096,0.06521766,1.096814,-0.16902,5,8
13.01445,0.474236,0.06530395,1.09688,-0.1689663,5,8
13.01991,0.4796917,0.06529327,1.096866,-0.1689139,5,8
13.02483,0.4846163,0.06523879,1.096809,-0.1687836,5,8
13.03118,0.4909608,0.06518403,1.096777,-0.1685073,5,8
13.0374,0.497183,0.0652408,1.096794,-0.1683708,5,8
13.04217,0.5019587,0.06523651,1.096782,-0.1682628,5,8
13.04782,0.5076007,0.06524472,1.096755,-0.1679901,5,8
13.05341,0.5131924,0.06540217,1.09682,-0.1677281,5,8
13.0597,0.5194864,0.06544552,1.096826,-0.1675396,5,8
13.06612,0.5259037,0.06549411,1.096832,-0.1673289,5,8
13.07642,0.5362003,0.06576793,1.096971,-0.1667084,5,8
13.08272,0.5425035,0.06583907,1.097014,-0.1662771,5,8
13.08749,0.5472721,0.0660154,1.097133,-0.1659442,5,8
13.09251,0.5522988,0.06612144,1.097189,-0.1656374,5,8
13.09898,0.5587631,0.06640626,1.0975,-0.1653257,5,8
13.10398,0.5637655,0.06670713,1.097622,-0.1650073,5,8
13.10964,0.5694231,0.06690533,1.097746,-0.1646847,5,8
13.11549,0.575274,0.06715693,1.098022,-0.1642104,5,8
13.12154,0.5813254,0.06726661,1.098224,-0.1637761,5,8
13.1271,0.5868849,0.06744464,1.098391,-0.1634081,5,8
13.1329,0.5926879,0.06776119,1.098651,-0.1629565,5,8
13.13861,0.5983978,0.06814826,1.099029,-0.1625116,5,8
13.14394,0.6037231,0.06839129,1.099254,-0.1621318,5,8
13.14934,0.6091252,0.06887294,1.099696,-0.1617109,5,8
13.15465,0.6144371,0.0694527,1.100209,-0.1612887,5,8
13.16043,0.6202181,0.0698102,1.100534,-0.1609046,5,8
13.16581,0.6255942,0.07032736,1.10112,-0.1604821,5,8
13.17064,0.6304238,0.07084776,1.101665,-0.1600162,5,8
13.1755,0.6352823,0.07119181,1.10201,-0.1596855,5,8
13.18082,0.6406026,0.07167976,1.102626,-0.1593655,5,8
13.1853,0.6450845,0.07205712,1.103031,-0.1590352,5,8
13.19078,0.6505675,0.07278174,1.103786,-0.1585359,5,8
13.19708,0.6568646,0.07331058,1.104349,-0.158109,5,8
13.20266,0.6624502,0.07392423,1.105241,-0.157794,5,8
13.20767,0.6674543,0.07449304,1.105978,-0.1575254,5,8
13.21339,0.6731788,0.07511537,1.106797,-0.1571411,5,8
13.21843,0.6782141,0.07555778,1.107341,-0.1568537,5,8
13.2232,0.6829879,0.07586025,1.107971,-0.15655,5,8
13.22817,0.6879553,0.07631909,1.108593,-0.1562312,5,8
13.2342,0.6939806,0.07675126,1.109417,-0.1557628,5,8
13.24001,0.6997942,0.07738426,1.110063,-0.1553927,5,8
13.24502,0.7048032,0.07783212,1.110661,-0.1550775,5,8
13.2506,0.7103848,0.07829747,1.111388,-0.1546115,5,8
13.25585,0.7156367,0.07871713,1.112107,-0.1542722,5,8
13.26124,0.7210268,0.07919409,1.112801,-0.1539072,5,8
13.2665,0.7262885,0.07960074,1.113436,-0.1533599,5,8
13.27246,0.7322496,0.08009127,1.114024,-0.1525765,5,8
13.27851,0.7382949,0.08054135,1.114657,-0.1521024,5,8
13.28457,0.744354,0.0809932,1.115195,-0.1512906,5,8
13.28969,0.7494738,0.08140326,1.115749,-0.1505721,5,8
13.29609,0.7558783,0.08207148,1.116498,-0.1496243,5,8
13.30214,0.7619223,0.08249626,1.117036,-0.1490521,5,8
13.30719,0.7669781,0.08281907,1.117463,-0.1482155,5,8
13.31197,0.7717528,0.08323161,1.117989,-0.1475778,5,8
13.31731,0.7770908,0.0834735,1.118414,-0.1466856,5,8
13.32277,0.7825529,0.08378913,1.118935,-0.1457184,5,8
13.32843,0.7882194,0.08419192,1.119494,-0.1448937,5,8
13.3345,0.7942845,0.08458148,1.120039,-0.1436741,5,8
13.34044,0.8002201,0.08493645,1.120433,-0.14258,5,8
13.34579,0.8055715,0.08530859,1.120919,-0.1416814,5,8
13.35142,0.8112097,0.08576308,1.121352,-0.1402542,5,8
13.3571,0.8168857,0.08605868,1.121744,-0.1390814,5,8
13.36315,0.8229393,0.0864995,1.122279,-0.1378506,5,8
13.36922,0.8290066,0.0866337,1.122691,-0.136546,5,8
13.37424,0.8340222,0.08696261,1.123129,-0.1354629,5,8
13.38072,0.8405005,0.08733068,1.123612,-0.1342716,5,8
13.38595,0.8457361,0.08741233,1.123933,-0.1328852,5,8
13.39105,0.8508347,0.08717828,1.123838,-0.1326298,5,8
13.39585,0.8556378,0.08751436,1.12451,-0.1304372,5,8
13.40112,0.8609018,0.08776881,1.124935,-0.129133,5,8
13.40648,0.8662627,0.08795415,1.125369,-0.1274702,5,8
13.41085,0.8706391,0.08818262,1.125764,-0.1261782,5,8
13.41721,0.8769981,0.08814608,1.125988,-0.1245605,5,8
13.42245,0.8822363,0.08823477,1.126159,-0.123098,5,8
13.42663,0.8864149,0.0883679,1.126413,-0.1219669,5,8
13.43194,0.8917274,0.088569,1.126734,-0.1203332,5,8
13.43774,0.8975241,0.08872424,1.127053,-0.1188714,5,8
13.44305,0.9028385,0.08889761,1.127358,-0.1174392,5,8
13.44883,0.9086173,0.08904494,1.127603,-0.1159303,5,8
13.45466,0.9144437,0.08916976,1.127845,-0.1141658,5,8
13.46001,0.9197955,0.08931091,1.128075,-0.1128636,5,8
13.4659,0.9256795,0.08928299,1.128129,-0.1109706,5,8
13.4714,0.931182,0.08928926,1.128351,-0.1092237,5,8
13.4765,0.9362817,0.08936577,1.128519,-0.1079456,5,8
13.48209,0.9418777,0.08952279,1.128824,-0.1063454,5,8
13.488,0.947778,0.0896216,1.129006,-0.1046378,5,8
13.49243,0.9522128,0.08972411,1.129195,-0.1031967,5,8
13.49972,0.9595003,0.08962227,1.129463,-0.1013882,5,8
13.50582,0.9655998,0.08969667,1.129686,-0.0996799,5,8
13.51135,0.9711314,0.08950555,1.129787,-0.09811053,5,8
13.51703,0.9768117,0.08942319,1.129811,-0.09658234,5,8
13.52212,0.9819045,0.08942699,1.129937,-0.09513736,5,8
13.5277,0.9874881,0.08932938,1.129986,-0.09353298,5,8
13.53379,0.9935702,0.08924612,1.130077,-0.09164098,5,8
13.53973,0.9995125,0.0892306,1.130194,-0.09009309,5,8
13.54517,1.004951,0.08921534,1.130292,-0.08855218,5,8
13.5505,1.010282,0.08914922,1.130337,-0.08692901,5,8
13.5565,1.016284,0.08913122,1.130416,-0.08535267,5,8
13.56179,1.021571,0.08907979,1.130349,-0.0837851,5,8
13.56829,1.028075,0.08892293,1.130316,-0.08191484,5,8
13.5734,1.033185,0.08885157,1.130325,-0.08029568,5,8
13.57848,1.038268,0.08881368,1.130335,-0.07894386,5,8
13.58376,1.043539,0.08882441,1.130315,-0.07737248,5,8
13.58943,1.049213,0.08882208,1.130436,-0.0757568,5,8
13.59441,1.054195,0.08880546,1.130463,-0.07416435,5,8
13.60038,1.060158,0.08861825,1.13062,-0.07266372,5,8
13.60625,1.06603,0.08836765,1.130595,-0.07100499,5,8
13.61172,1.071507,0.08826338,1.130626,-0.0692552,5,8
13.61831,1.07809,0.08794215,1.130727,-0.06754562,5,8
13.62472,1.084502,0.08778657,1.131002,-0.0658274,5,8
13.63105,1.09083,0.08771414,1.131263,-0.06388853,5,8
13.63745,1.097235,0.0876314,1.13141,-0.06222017,5,8
13.64251,1.102297,0.08754441,1.131524,-0.06078386,5,8
13.64884,1.108618,0.08732451,1.131569,-0.05895787,5,8
13.65478,1.114563,0.08705716,1.131611,-0.05713217,5,8
13.66025,1.120029,0.08692323,1.131678,-0.05568425,5,8
13.66641,1.126198,0.08671512,1.131718,-0.05393691,5,8
13.67149,1.131276,0.08664192,1.131845,-0.05232777,5,8
13.67778,1.137566,0.0865102,1.13192,-0.05068528,5,8
13.68372,1.143506,0.08642218,1.131929,-0.0490602,5,8
13.68895,1.148737,0.08633065,1.131992,-0.04757842,5,8
13.69454,1.15432,0.08621726,1.132044,-0.04586285,5,8
13.70073,1.160512,0.08611213,1.132254,-0.04432189,5,8
13.70544,1.165225,0.08602902,1.132319,-0.04298928,5,8
13.7102,1.169987,0.08597712,1.132393,-0.04164729,5,8
13.71585,1.175633,0.08576351,1.132426,-0.03998312,5,8
13.72095,1.180734,0.08566911,1.13248,-0.03867228,5,8
13.73263,1.192418,0.08530917,1.132605,-0.03540188,5,8
13.73782,1.197605,0.08520548,1.132652,-0.03417671,5,8
13.74317,1.202955,0.08515844,1.132753,-0.03284366,5,8
13.74866,1.208443,0.08504629,1.132704,-0.03122313,5,8
13.75386,1.213642,0.08496142,1.13271,-0.02968363,5,8
13.75917,1.218951,0.08487725,1.132731,-0.02838291,5,8
13.76477,1.22455,0.08476701,1.132662,-0.02689716,5,8
13.76919,1.228978,0.08469126,1.13266,-0.02570421,5,8
13.77363,1.23341,0.08462407,1.132613,-0.0244478,5,8
13.77884,1.238627,0.08462205,1.132593,-0.02313717,5,8
13.78423,1.244012,0.08456258,1.132575,-0.02176744,5,8
13.78943,1.249218,0.08447962,1.132511,-0.0204041,5,8
13.7944,1.254181,0.08441553,1.132475,-0.01895249,5,8
13.8001,1.259886,0.08425175,1.132425,-0.0176027,5,8
13.80546,1.265244,0.08414904,1.132331,-0.01624288,5,8
13.8101,1.269881,0.08407475,1.13228,-0.01500973,5,8
13.81635,1.276131,0.08395539,1.132221,-0.01338932,5,8
13.82274,1.282526,0.08382725,1.132181,-0.01191594,5,8
13.82812,1.2879,0.08373686,1.132124,-0.01055666,5,8
13.83367,1.293449,0.08359728,1.132194,-0.009124674,5,8
13.83912,1.298903,0.08350842,1.132164,-0.007869925,5,8
13.84407,1.303856,0.08341693,1.132147,-0.006846614,5,8
13.84975,1.309537,0.08323336,1.13233,-0.005701747,5,8
13.85441,1.314195,0.08309663,1.132439,-0.004704367,5,8
13.85999,1.319775,0.08298347,1.132477,-0.003570791,5,8
13.86553,1.325309,0.08289639,1.132314,-0.002297472,5,8
13.87071,1.330493,0.08287237,1.132204,-0.001104817,5,8
13.87664,1.336424,0.08278647,1.132172,8.910522E-05,5,8
13.88236,1.342147,0.08273162,1.132192,0.001089476,5,8
13.8875,1.347278,0.08285441,1.132089,0.002110962,5,8
13.8925,1.352282,0.0828315,1.132046,0.003229219,5,8
13.89856,1.358344,0.08280957,1.132001,0.004395187,5,8
13.90357,1.363354,0.08297612,1.131866,0.005096164,5,8
13.9093,1.369083,0.08299497,1.1318,0.006209705,5,8
13.91516,1.374944,0.08329655,1.131469,0.00716605,5,8
13.92072,1.380506,0.08336543,1.131365,0.008086491,5,8
13.9256,1.38538,0.08363457,1.131212,0.008762058,5,8
13.93092,1.390708,0.08379174,1.131016,0.009599853,5,8
13.93716,1.396945,0.08392219,1.130873,0.01052125,5,8
13.94284,1.402628,0.08404659,1.13069,0.01124371,5,8
13.94839,1.408172,0.08409213,1.130503,0.01190131,5,8
13.95397,1.413749,0.08412835,1.130273,0.01258999,5,8
13.95924,1.419029,0.08420447,1.130122,0.01324781,5,8
13.96484,1.424623,0.08435866,1.129992,0.01377862,5,8
13.96982,1.429609,0.08445501,1.129844,0.01441775,5,8
13.97508,1.434868,0.08454181,1.129636,0.01493153,5,8
13.98094,1.440721,0.08460563,1.129427,0.01535037,5,8
13.98612,1.4459,0.08469362,1.129256,0.01591339,5,8
13.99134,1.451126,0.08477185,1.129073,0.01629236,5,8
13.99698,1.456766,0.08486016,1.128896,0.01682247,5,8
14.00275,1.462531,0.08488898,1.128681,0.0171776,5,8
14.00759,1.467376,0.08485712,1.128436,0.01747693,5,8
14.0138,1.473589,0.08492696,1.12816,0.01793502,5,8
14.01955,1.479332,0.08498222,1.127952,0.01836571,5,8
14.02459,1.484379,0.0851031,1.12779,0.01851702,5,8
14.03103,1.490816,0.08524257,1.127605,0.01879003,5,8
14.03649,1.49627,0.0853214,1.12743,0.01909889,5,8
14.04147,1.501252,0.0853788,1.127355,0.01927344,5,8
14.04773,1.507511,0.08547096,1.127166,0.01961865,5,8
14.05347,1.513252,0.08533631,1.127013,0.01979253,5,8
14.0586,1.518386,0.08536068,1.126882,0.02001285,5,8
14.0652,1.52498,0.08529872,1.126768,0.02017549,5,8
14.06995,1.529737,0.08530422,1.126648,0.02037214,5,8
14.0751,1.534884,0.08521786,1.126583,0.02041075,5,8
14.08172,1.541507,0.08520222,1.126445,0.02061975,5,8
14.08677,1.546553,0.08517065,1.126422,0.02063771,5,8
14.09259,1.552369,0.08516721,1.126351,0.02073107,5,8
14.10343,1.563213,0.08511399,1.126235,0.02093551,5,8
14.10859,1.568373,0.0850956,1.126159,0.02105278,5,8
14.11438,1.574169,0.08507383,1.126069,0.02119285,5,8
14.11996,1.579741,0.08507411,1.126052,0.02121693,5,8
14.12524,1.58502,0.08505929,1.125987,0.02131801,5,8
14.13125,1.591037,0.08504144,1.125907,0.02144079,5,8
14.13701,1.596794,0.08506034,1.126034,0.0212678,5,8
14.14112,1.600906,0.08505205,1.126002,0.02132014,5,8
14.14687,1.606652,0.08504068,1.125957,0.02139237,5,8
14.15284,1.612623,0.08502771,1.125906,0.02147549,5,8
14.15875,1.618531,0.08490143,1.12586,0.02156123,5,8
14.16407,1.62386,0.08487574,1.125817,0.02163216,5,8
14.16937,1.629152,0.0848882,1.126106,0.02123798,5,8
14.17502,1.634807,0.08481225,1.126404,0.02097124,5,8
14.18087,1.640655,0.08476287,1.126649,0.02074855,5,8
14.18601,1.645796,0.08472707,1.126748,0.02066741,5,8
14.19139,1.651179,0.08457559,1.126953,0.02043227,5,8
14.19741,1.657195,0.08445117,1.127224,0.02016542,5,8
14.20208,1.66186,0.08438487,1.127361,0.02003344,5,8
14.20738,1.667162,0.08443926,1.127754,0.0197451,5,8
14.21227,1.672056,0.08439148,1.12797,0.01955648,5,8
14.21751,1.677299,0.08451088,1.12839,0.0191746,5,8
14.22265,1.682433,0.08459201,1.128749,0.01873137,5,8
14.22725,1.68703,0.08460046,1.128997,0.01848374,5,8
14.23364,1.693424,0.08466012,1.129325,0.01795362,5,8
14.23924,1.699021,0.08467869,1.129587,0.01764686,5,8
14.24446,1.704246,0.08468105,1.129669,0.0172338,5,8
14.25057,1.710356,0.08469645,1.129782,0.0166646,5,8
14.25598,1.715768,0.08489732,1.129959,0.01613983,5,8
14.26124,1.721021,0.08495698,1.130152,0.01572544,5,8
14.26711,1.726893,0.08509488,1.130378,0.01508857,5,8
14.27272,1.732506,0.08527711,1.130593,0.01431021,5,8
14.27805,1.737832,0.08536521,1.130766,0.01384427,5,8
14.2831,1.74288,0.08543049,1.130878,0.01317341,5,8
14.28824,1.748023,0.08544616,1.130911,0.0123931,5,8
14.29336,1.753145,0.08552379,1.131059,0.01173504,5,8
14.30011,1.759889,0.0855937,1.131122,0.01079378,5,8
14.30496,1.764742,0.0857007,1.13116,0.009874728,5,8
14.30997,1.769757,0.08577763,1.131253,0.009162664,5,8
14.3163,1.776079,0.08593115,1.131357,0.007822674,5,8
14.32197,1.781749,0.08602416,1.13144,0.006709863,5,8
14.32674,1.786526,0.08610892,1.131521,0.0058823,5,8
14.33246,1.792239,0.08613358,1.13143,0.00459227,5,8
14.3384,1.798185,0.08610304,1.131368,0.003295027,5,8
14.34381,1.803598,0.08615304,1.131385,0.002228435,5,8
14.34948,1.809263,0.08614315,1.131395,0.0006782822,5,8
14.35511,1.814897,0.08612677,1.131325,-0.001003787,5,8
14.3622,1.821982,0.08615532,1.131315,-0.002531569,5,8
14.36798,1.827763,0.08616161,1.131295,-0.004342224,5,8
14.37327,1.833056,0.08611838,1.131361,-0.006237376,5,8
14.3841,1.84388,0.08593395,1.131408,-0.009525429,5,8
14.38992,1.849699,0.0856544,1.131376,-0.01143296,5,8
14.39455,1.854336,0.08557185,1.131386,-0.01294513,5,8
14.40041,1.860196,0.08548564,1.1314,-0.01457268,5,8
14.40593,1.865714,0.0853481,1.131572,-0.01667162,5,8
14.41172,1.871504,0.08524365,1.131628,-0.01865469,5,8
14.41736,1.87714,0.0853648,1.131896,-0.01897029,5,8
14.42214,1.88192,0.08515395,1.132236,-0.02259301,5,8
14.42692,1.886707,0.08506724,1.132372,-0.02448404,5,8
14.43255,1.892336,0.08486895,1.132609,-0.02735756,5,8
14.43781,1.897589,0.0846664,1.132902,-0.02937339,5,8
14.44251,1.902292,0.08454888,1.133081,-0.03130697,5,8
14.44783,1.907612,0.08447288,1.133461,-0.03352608,5,8
14.45285,1.912631,0.08435511,1.133715,-0.03582459,5,8
14.45859,1.918373,0.08450563,1.134294,-0.03817531,5,8
14.46444,1.924225,0.08445502,1.134638,-0.04064131,5,8
14.46916,1.928947,0.08431733,1.135204,-0.04280426,5,8
14.4739,1.933687,0.08410192,1.135498,-0.04503107,5,8
14.4796,1.939386,0.08401681,1.135848,-0.04731687,5,8
14.48513,1.944914,0.08374455,1.136289,-0.04980599,5,8
14.49036,1.950149,0.08360824,1.136621,-0.0522814,5,8
14.49609,1.955877,0.08349092,1.136984,-0.05473907,5,8
14.50085,1.960636,0.08340418,1.137271,-0.05671606,5,8
14.50627,1.966054,0.08330999,1.137606,-0.05906358,5,8
14.51145,1.971238,0.08321944,1.137958,-0.06158478,5,8
14.51723,1.977012,0.08338344,1.138314,-0.06417986,5,8
14.52308,1.982865,0.08354233,1.137885,-0.06214176,5,8
14.52805,1.987837,0.08351073,1.138113,-0.0638744,5,8
14.53306,1.992848,0.08348358,1.138359,-0.06579939,5,8
14.53862,1.998405,0.0835527,1.138856,-0.07311949,5,8
14.5439,2.00369,0.08356768,1.139117,-0.07597294,5,8
14.54938,2.009166,0.08359631,1.13937,-0.07888494,5,8
14.55472,2.014506,0.08370467,1.139601,-0.08221504,5,8
14.55969,2.019474,0.08375514,1.139782,-0.08466612,5,8
14.56522,2.025001,0.08383048,1.139988,-0.08768655,5,8
14.57018,2.029966,0.08378865,1.139748,-0.0844387,5,8
14.57505,2.034835,0.0838437,1.139904,-0.08663669,5,8
14.58014,2.039931,0.08390259,1.140037,-0.08865786,5,8
14.58537,2.045152,0.08374217,1.140165,-0.08741106,5,8
14.59077,2.050559,0.08378145,1.140857,-0.0941429,5,8
14.59685,2.056638,0.08382813,1.141185,-0.09690998,5,8
14.60258,2.062369,0.08388488,1.141473,-0.1000437,5,8
14.60753,2.067314,0.08400771,1.141678,-0.1013889,5,8
14.6128,2.072587,0.08410338,1.141914,-0.1030667,5,8
14.61831,2.078094,0.08418602,1.142136,-0.1052789,5,8
14.62327,2.083055,0.0842755,1.14234,-0.107419,5,8
14.62813,2.087916,0.08437466,1.142533,-0.1095664,5,8
14.63429,2.094071,0.08457486,1.142641,-0.1108935,5,8
14.63975,2.099536,0.08459181,1.1426,-0.1096249,5,8
14.64451,2.104299,0.08468375,1.142735,-0.1110404,5,8
14.64948,2.109265,0.08478848,1.142872,-0.1125529,5,8
14.65465,2.114437,0.08524308,1.143575,-0.1157559,5,8
14.66,2.119785,0.0854068,1.143802,-0.1174746,5,8
14.66558,2.125366,0.08546568,1.144055,-0.1186978,5,8
14.67069,2.130472,0.08551923,1.144343,-0.1198341,5,8
14.67584,2.135625,0.08562599,1.14455,-0.1211157,5,8
14.68187,2.14166,0.08574072,1.14467,-0.1222124,5,8
14.68716,2.146945,0.08595744,1.144849,-0.1230941,5,8
14.69163,2.15142,0.08609334,1.145029,-0.1242272,5,8
14.69744,2.157226,0.0864372,1.145285,-0.1250234,5,8
14.70268,2.162467,0.08663432,1.14549,-0.1261444,5,8
14.70768,2.167469,0.08684542,1.145659,-0.1267657,5,8
14.713,2.172783,0.08708996,1.14589,-0.1279818,5,8
14.71844,2.178222,0.08727352,1.145933,-0.128392,5,8
14.72287,2.182659,0.08744981,1.146072,-0.1291716,5,8
14.72842,2.188201,0.08771855,1.146084,-0.1296745,5,8
14.73383,2.193619,0.08812937,1.146245,-0.1300666,5,8
14.73928,2.199069,0.08850124,1.146454,-0.1302915,5,8
14.74466,2.204448,0.08879466,1.146612,-0.1309222,5,8
14.75131,2.211098,0.08931252,1.146903,-0.1313171,5,8
14.75697,2.216752,0.0896541,1.147066,-0.1314234,5,8
14.76239,2.222179,0.08998633,1.147239,-0.1318724,5,8
14.76902,2.228802,0.09039778,1.147454,-0.1319556,5,8
14.77553,0.0065114,0.09086227,1.147793,-0.1319928,9,9
14.78103,0.0120123,0.09116341,1.148094,-0.1318745,9,9
14.78592,0.0169061,0.0914688,1.148299,-0.1320341,9,9
14.7914,0.022378,0.09177122,1.148642,-0.1318344,9,9
14.79694,0.0279257,0.09207357,1.148873,-0.1319192,9,9
14.8021,0.0330844,0.09234927,1.14921,-0.1316173,9,9
14.80723,0.0382078,0.09259614,1.149512,-0.1312684,9,9
14.81212,0.0431059,0.09285724,1.149799,-0.1308198,9,9
14.81837,0.0493543,0.09314968,1.15008,-0.1306486,9,9
14.82381,0.054795,0.0934167,1.150334,-0.1300414,9,9
14.82854,0.0595224,0.0936595,1.150535,-0.1294458,9,9
14.83421,0.0651923,0.09397899,1.150831,-0.1290289,9,9
14.8399,0.0708871,0.09418047,1.151052,-0.1282827,9,9
14.84454,0.0755269,0.09441072,1.151272,-0.1278842,9,9
14.85052,0.0815074,0.0947278,1.151496,-0.1269139,9,9
14.85616,0.0871472,0.0949569,1.15163,-0.1260562,9,9
14.86087,0.0918563,0.09519193,1.151823,-0.1254893,9,9
14.86657,0.0975531,0.09538849,1.151939,-0.124421,9,9
14.87295,0.1039282,0.0957331,1.152151,-0.1231476,9,9
14.87996,0.1109466,0.09605095,1.152378,-0.1221448,9,9
14.88489,0.1158687,0.09629767,1.152508,-0.1209194,9,9
14.88966,0.1206398,0.09656624,1.152582,-0.119653,9,9
14.89449,0.1254723,0.09683337,1.152733,-0.1186539,9,9
14.90075,0.1317383,0.09714549,1.15289,-0.1172633,9,9
14.90571,0.1366953,0.09729494,1.152881,-0.1159993,9,9
14.91127,0.1422529,0.09757632,1.153004,-0.1147328,9,9
14.91764,0.1486267,0.09786173,1.153125,-0.1134655,9,9
14.92249,0.1534718,0.09795785,1.15317,-0.1119802,9,9
14.92783,0.158816,0.0981947,1.153263,-0.1107601,9,9
14.93337,0.1643489,0.0981791,1.153131,-0.1101953,9,9
14.93868,0.1696675,0.09861054,1.153398,-0.1074552,9,9
14.94374,0.1747178,0.09886479,1.153505,-0.1059704,9,9
14.95007,0.1810499,0.0993474,1.153835,-0.1037915,9,9
14.95495,0.1859293,0.09965616,1.153947,-0.1019764,9,9
14.96089,0.1918777,0.0999727,1.154088,-0.1002743,9,9
14.96604,0.1970194,0.1003421,1.154177,-0.09875605,9,9
14.97089,0.201877,0.1006061,1.154336,-0.09697416,9,9
14.97625,0.2072326,0.1008973,1.154456,-0.09543303,9,9
14.98255,0.2135377,0.1013032,1.154602,-0.09327774,9,9
14.98776,0.2187415,0.1016473,1.154694,-0.0914375,9,9
14.99274,0.2237232,0.1019983,1.15481,-0.08963026,9,9
14.99823,0.2292082,0.1023254,1.154911,-0.0879835,9,9
15.00361,0.2345899,0.1026342,1.154922,-0.08605063,9,9
15.00931,0.2402976,0.1030063,1.155007,-0.08415951,9,9
15.01584,0.2468271,0.1029554,1.154875,-0.08360273,9,9
15.02714,0.25812,0.1040291,1.154868,-0.07793674,9,9
15.03241,0.2633909,0.1045917,1.154885,-0.07555405,9,9
15.03811,0.2690964,0.105019,1.154893,-0.07350903,9,9
15.044,0.2749832,0.1054684,1.154972,-0.07150771,9,9
15.05025,0.2812307,0.1060296,1.154951,-0.06900904,9,9
15.05637,0.2873534,0.1063131,1.154981,-0.066974,9,9
15.06151,0.2924946,0.1067117,1.154985,-0.0650351,9,9
15.06806,0.2990425,0.1070125,1.155019,-0.06276678,9,9
15.07352,0.3045033,0.1072365,1.155207,-0.06075364,9,9
15.07969,0.31067,0.1075317,1.155335,-0.05883866,9,9
15.08416,0.3151405,0.1078058,1.155388,-0.05725776,9,9
15.08901,0.3199879,0.1080114,1.155479,-0.0556604,9,9
15.09354,0.3245221,0.108304,1.15554,-0.05392961,9,9
15.0995,0.3304842,0.1084904,1.155549,-0.0519366,9,9
15.10505,0.3360364,0.1086439,1.155524,-0.0498552,9,9
15.10968,0.3406614,0.1088716,1.155547,-0.04817545,9,9
15.11565,0.3466373,0.1091633,1.15555,-0.04583453,9,9
15.12151,0.3524933,0.1094434,1.155579,-0.04400691,9,9
15.12724,0.3582257,0.1097342,1.155596,-0.04197986,9,9
15.13404,0.3650178,0.1100243,1.155572,-0.03941676,9,9
15.1397,0.3706802,0.1103213,1.155549,-0.03774934,9,9
15.14419,0.3751702,0.1105614,1.155544,-0.03615528,9,9
15.1502,0.381183,0.1108737,1.155441,-0.03402446,9,9
15.15562,0.3866022,0.1112332,1.155393,-0.03202942,9,9
15.16237,0.3933536,0.1116148,1.155346,-0.02970523,9,9
15.16774,0.3987249,0.111749,1.15522,-0.02790821,9,9
15.17305,0.4040329,0.112008,1.155319,-0.02615731,9,9
15.17959,0.4105752,0.1123231,1.155292,-0.02410716,9,9
15.1846,0.4155836,0.1123402,1.155367,-0.02257752,9,9
15.19027,0.4212558,0.1125304,1.155424,-0.02073245,9,9
15.19746,0.4284408,0.112739,1.155479,-0.01878639,9,9
15.20304,0.4340206,0.1129588,1.1555,-0.01701131,9,9
15.20846,0.4394439,0.1130434,1.155571,-0.01543783,9,9
15.21461,0.4455957,0.1131348,1.155535,-0.01351211,9,9
15.22113,0.4521171,0.1133088,1.155427,-0.01184136,9,9
15.22644,0.4574242,0.1134647,1.155407,-0.01028755,9,9
15.2324,0.463382,0.1137032,1.155296,-0.00852206,9,9
15.23878,0.4697586,0.1139005,1.155141,-0.007047944,9,9
15.24449,0.4754704,0.1140935,1.155069,-0.005442452,9,9
15.25005,0.4810377,0.1142849,1.154998,-0.00389998,9,9
15.2561,0.48708,0.1144525,1.154642,-0.002299443,9,9
15.2624,0.493384,0.1146497,1.154517,-0.0007406473,9,9
15.26744,0.4984265,0.114579,1.154292,-0.001308791,9,9
15.27256,0.5035472,0.114894,1.153804,0.001287427,9,9
15.27818,0.5091656,0.1150763,1.153598,0.002718382,9,9
15.2839,0.5148828,0.1153467,1.153452,0.003935419,9,9
15.28921,0.5201933,0.1155134,1.153342,0.004915018,9,9
15.29394,0.5249225,0.1157128,1.153167,0.006210759,9,9
15.3006,0.5315892,0.1157552,1.152955,0.007324591,9,9
15.30527,0.5362557,0.115903,1.152797,0.008413289,9,9
15.31099,0.5419773,0.116086,1.152831,0.009322986,9,9
15.3172,0.548189,0.1161908,1.152578,0.01029494,9,9
15.32228,0.5532622,0.1164516,1.152583,0.01088385,9,9
15.32814,0.5591269,0.1166604,1.152452,0.01199103,9,9
15.33416,0.5651483,0.1169348,1.152636,0.01262558,9,9
15.33943,0.5704122,0.1171308,1.152605,0.01312865,9,9
15.34521,0.5761898,0.1173516,1.152557,0.01400027,9,9
15.35097,0.5819512,0.1174299,1.152443,0.01464378,9,9
15.35699,0.5879793,0.1176346,1.152426,0.01520059,9,9
15.36345,0.5944306,0.1179024,1.152363,0.0158465,9,9
15.36837,0.5993578,0.1180825,1.15232,0.01644704,9,9
15.37376,0.604745,0.1183336,1.152255,0.01684296,9,9
15.37996,0.6109469,0.1185517,1.152204,0.01745689,9,9
15.38478,0.6157641,0.1187396,1.152163,0.0179813,9,9
15.39075,0.6217344,0.1189192,1.152049,0.0181709,9,9
15.39697,0.6279498,0.11913,1.15199,0.01869054,9,9
15.40248,0.6334624,0.1194144,1.152011,0.01888639,9,9
15.4083,0.6392854,0.1195882,1.151851,0.0193545,9,9
15.41479,0.6457781,0.1198231,1.151649,0.01976528,9,9
15.42032,0.6513025,0.120013,1.151561,0.02014461,9,9
15.42448,0.6554658,0.1200219,1.151496,0.02007648,9,9
15.42947,0.6604575,0.1202698,1.151444,0.02017186,9,9
15.43483,0.6658191,0.1204787,1.151353,0.02045842,9,9
15.44011,0.6710959,0.1205705,1.151226,0.02063956,9,9
15.44439,0.6753775,0.120709,1.15115,0.02083928,9,9
15.44982,0.6808075,0.1208601,1.15105,0.02090585,9,9
15.45473,0.6857141,0.1210288,1.150955,0.02111471,9,9
15.46068,0.6916643,0.121176,1.150855,0.02118664,9,9
15.46651,0.6974965,0.1212611,1.150768,0.02126211,9,9
15.47206,0.7030482,0.1212029,1.15067,0.02128886,9,9
15.47697,0.7079583,0.1212788,1.150593,0.02138852,9,9
15.48367,0.7146515,0.1213914,1.15048,0.02153585,9,9
15.48892,0.7198998,0.1213486,1.150409,0.02145643,9,9
15.49366,0.7246461,0.1213531,1.150255,0.02150947,9,9
15.49952,0.7305081,0.1214089,1.150152,0.02158846,9,9
15.5046,0.7355798,0.1213559,1.150181,0.02128581,9,9
15.50909,0.7400715,0.1213821,1.150123,0.02128678,9,9
15.51478,0.7457597,0.121378,1.15014,0.02117335,9,9
15.52091,0.7518915,0.1212898,1.150226,0.02100709,9,9
15.52615,0.7571309,0.1212829,1.150215,0.02094808,9,9
15.53216,0.7631385,0.1212704,1.150355,0.02071746,9,9
15.53732,0.768302,0.1212297,1.150388,0.02058221,9,9
15.54241,0.7733905,0.1212134,1.150413,0.02047727,9,9
15.54844,0.7794235,0.1211661,1.150518,0.02030873,9,9
15.55301,0.7839924,0.1211438,1.150559,0.02019492,9,9
15.55922,0.7902024,0.1211,1.150717,0.01994861,9,9
15.56466,0.795646,0.1211151,1.150974,0.01973391,9,9
15.56943,0.8004102,0.1210997,1.151073,0.01959042,9,9
15.57477,0.805749,0.1210629,1.151454,0.01918414,9,9
15.58097,0.8119492,0.1210271,1.151628,0.01888754,9,9
15.58595,0.8169382,0.1210047,1.151781,0.01867659,9,9
15.59095,0.8219309,0.1209049,1.151891,0.01835546,9,9
15.59718,0.8281685,0.1208281,1.152018,0.01803556,9,9
15.60223,0.8332114,0.1207825,1.152151,0.01779157,9,9
15.60756,0.8385395,0.120708,1.152304,0.01737251,9,9
15.6136,0.8445839,0.120559,1.152454,0.01691007,9,9
15.61998,0.8509637,0.1204767,1.152606,0.01655361,9,9
15.6249,0.8558819,0.1204593,1.152799,0.01623126,9,9
15.63054,0.8615248,0.1203744,1.152988,0.01565575,9,9
15.63568,0.8666599,0.1203175,1.153123,0.01532895,9,9
15.64061,0.8715901,0.1200974,1.153103,0.01486541,9,9
15.6464,0.8773828,0.1199881,1.153229,0.01443045,9,9
15.65123,0.8822125,0.1198113,1.153332,0.01395603,9,9
15.65697,0.8879501,0.1198302,1.1536,0.01340453,9,9
15.66265,0.8936354,0.1197761,1.153842,0.01265274,9,9
15.66797,0.8989553,0.1197065,1.153999,0.01217126,9,9
15.67355,0.9045329,0.1195641,1.154253,0.01146231,9,9
15.68505,0.9160297,0.1193074,1.154495,0.01038517,9,9
15.68959,0.9205743,0.1192261,1.154619,0.009955764,9,9
15.69452,0.9255016,0.1189695,1.154711,0.009275287,9,9
15.7001,0.9310812,0.1188469,1.154844,0.008745331,9,9
15.70459,0.9355756,0.1187367,1.154964,0.008266095,9,9
15.70976,0.9407401,0.1186142,1.155099,0.007729672,9,9
15.71551,0.9464977,0.1181765,1.155176,0.006900456,9,9
15.72136,0.9523413,0.1183713,1.155381,0.006531898,9,9
15.72599,0.9569784,0.1182663,1.155501,0.006044786,9,9
15.73184,0.9628298,0.1181282,1.15566,0.005399212,9,9
15.73721,0.9681916,0.1180174,1.155787,0.004877277,9,9
15.74285,0.9738307,0.1176284,1.155983,0.00336552,9,9
15.74916,0.9801486,0.1174566,1.156148,0.002591707,9,9
15.75535,0.9863396,0.1168182,1.156265,0.0007241294,9,9
15.76204,0.993022,0.1165872,1.156418,-0.0001820475,9,9
15.7678,0.998789,0.1160655,1.156516,-0.001991224,9,9
15.77372,1.00471,0.1152398,1.156725,-0.005063679,9,9
15.78149,1.012478,0.1145846,1.156743,-0.007169981,9,9
15.78664,1.017626,0.1141996,1.156833,-0.008552957,9,9
15.79168,1.022663,0.1137199,1.156897,-0.009965379,9,9
15.79865,1.029631,0.1133343,1.157022,-0.01162134,9,9
15.80404,1.035021,0.1129458,1.157109,-0.01305244,9,9
15.80982,1.040809,0.1124966,1.157175,-0.01470834,9,9
15.81538,1.046366,0.1120226,1.157211,-0.01658325,9,9
15.82153,1.052515,0.1114812,1.157273,-0.01840408,9,9
15.82696,1.057942,0.1110526,1.157334,-0.01998296,9,9
15.83266,1.063645,0.1105396,1.157444,-0.02197159,9,9
15.83851,1.069494,0.1101265,1.157506,-0.02353863,9,9
15.84459,1.075581,0.1095659,1.157395,-0.02556398,9,9
15.84985,1.080833,0.1093102,1.157399,-0.02746943,9,9
15.85493,1.085918,0.1089042,1.157411,-0.02922896,9,9
15.86063,1.091617,0.1086845,1.157393,-0.03123745,9,9
15.86569,1.09668,0.108466,1.157273,-0.03331714,9,9
15.87065,1.101634,0.1082229,1.157044,-0.03532758,9,9
15.87573,1.106714,0.107966,1.15698,-0.03691381,9,9
15.88136,1.112346,0.1076035,1.156718,-0.03910135,9,9
15.8863,1.117289,0.1073125,1.156608,-0.04088165,9,9
15.89125,1.122239,0.1068914,1.156306,-0.04313169,9,9
15.89775,1.128737,0.1064655,1.155876,-0.04546087,9,9
15.90301,1.133997,0.1061182,1.155661,-0.04744157,9,9
15.90777,1.138759,0.1057801,1.155245,-0.04921078,9,9
15.91411,1.145094,0.1053086,1.1549,-0.05182119,9,9
15.92044,1.15143,0.1046683,1.15437,-0.0542714,9,9
15.92605,1.157032,0.104225,1.154042,-0.05646493,9,9
15.93206,1.163044,0.1037164,1.153674,-0.05896007,9,9
15.93684,1.167827,0.1033752,1.153433,-0.06062137,9,9
15.94241,1.173399,0.1026261,1.153025,-0.06284583,9,9
15.94917,1.180156,0.102402,1.152923,-0.06311665,9,9
15.95448,1.185463,0.1012595,1.152437,-0.06735527,9,9
15.95967,1.190658,0.1007371,1.152161,-0.06940603,9,9
15.96585,1.196831,0.0996829,1.151499,-0.0720785,9,9
15.97119,1.202178,0.0987909,1.151194,-0.07435216,9,9
15.97626,1.207246,0.09817689,1.150898,-0.07629623,9,9
15.98237,1.213352,0.09717854,1.150502,-0.07857703,9,9
15.9872,1.218184,0.09632619,1.150119,-0.0802834,9,9
15.9926,1.223583,0.09544687,1.14973,-0.08261856,9,9
15.99925,1.23023,0.09449324,1.149252,-0.08463964,9,9
16.00369,1.234676,0.0936901,1.148847,-0.08604853,9,9
16.00881,1.239795,0.09288175,1.148473,-0.08793296,9,9
16.01444,1.245427,0.0918553,1.147954,-0.08991712,9,9
16.02077,1.251751,0.09090758,1.147512,-0.09203468,9,9
16.02696,1.25794,0.08978746,1.147039,-0.0938378,9,9
16.03217,1.263156,0.08872862,1.146659,-0.09543099,9,9
16.03757,1.268549,0.08783841,1.146356,-0.0967721,9,9
16.04258,1.27356,0.0869743,1.146009,-0.09836245,9,9
16.04809,1.279073,0.08591953,1.145667,-0.09982914,9,9
16.0532,1.284185,0.0849027,1.145283,-0.1015957,9,9
16.05869,1.289671,0.08401524,1.145021,-0.1027284,9,9
16.06472,1.295701,0.08294079,1.144685,-0.1041774,9,9
16.07013,1.301114,0.0819805,1.144355,-0.1057007,9,9
16.0752,1.306182,0.08106907,1.144111,-0.1068049,9,9
16.0812,1.312187,0.08012371,1.143824,-0.10789,9,9
16.08695,1.317935,0.07923447,1.143415,-0.108934,9,9
16.09255,1.32353,0.07823055,1.143056,-0.1103137,9,9
16.09868,1.329661,0.0775411,1.142815,-0.1112214,9,9
16.10394,1.33492,0.07687425,1.142679,-0.1121632,9,9
16.10879,1.339775,0.07617931,1.142455,-0.1131307,9,9
16.11409,1.345075,0.07537661,1.14222,-0.1138807,9,9
16.11913,1.350118,0.07472355,1.142014,-0.1147261,9,9
16.12405,1.355033,0.07406617,1.141697,-0.1152168,9,9
16.12983,1.360818,0.07325434,1.141415,-0.1161913,9,9
16.13587,1.366854,0.07234509,1.140855,-0.1166699,9,9
16.14111,1.372095,0.07174586,1.140533,-0.1169387,9,9
16.14646,1.377445,0.07100952,1.140211,-0.1176381,9,9
16.1517,1.382687,0.07042026,1.14002,-0.1180328,9,9
16.15738,1.388371,0.069761,1.139758,-0.118369,9,9
16.1636,1.39459,0.06890439,1.139477,-0.1187138,9,9
16.16856,1.399548,0.06824335,1.139222,-0.1191787,9,9
16.1734,1.404381,0.06767373,1.138868,-0.1193134,9,9
16.17935,1.410337,0.06699035,1.138574,-0.1197388,9,9
16.18441,1.415398,0.06648363,1.138371,-0.1197543,9,9
16.18883,1.419814,0.06594472,1.138142,-0.1200422,9,9
16.19468,1.425669,0.06531405,1.137912,-0.1201162,9,9
16.20121,1.432198,0.06486678,1.137655,-0.120058,9,9
16.20623,1.437213,0.06441677,1.137495,-0.1199932,9,9
16.21375,1.44474,0.06359426,1.137148,-0.120216,9,9
16.22034,0.0065802,0.06322177,1.137188,-0.1198998,4,10
16.22571,0.0119506,0.06273773,1.137025,-0.1199403,4,10
16.23133,0.0175792,0.06217382,1.136835,-0.1199917,4,10
16.23653,0.022773,0.0617431,1.13669,-0.120034,4,10
16.24187,0.0281091,0.06147985,1.136545,-0.1194645,4,10
16.24688,0.0331264,0.06105176,1.136393,-0.1194189,4,10
16.25181,0.0380499,0.06142713,1.136751,-0.1190102,4,10
16.25747,0.0437152,0.06084684,1.13694,-0.1185148,4,10
16.26332,0.0495595,0.0604038,1.136905,-0.1183081,4,10
16.26836,0.0546085,0.06021152,1.136947,-0.1176935,4,10
16.27376,0.0600025,0.0599375,1.137077,-0.1171823,4,10
16.28055,0.066794,0.05953833,1.137095,-0.1168019,4,10
16.28538,0.0716221,0.05936508,1.137248,-0.1162477,4,10
16.29076,0.077007,0.0590663,1.137406,-0.1155964,4,10
16.29643,0.08267561,0.05888402,1.137494,-0.1150621,4,10
16.30118,0.0874268,0.0586377,1.137559,-0.1146521,4,10
16.30647,0.09271351,0.05830804,1.137586,-0.113982,4,10
16.31238,0.09862071,0.05795334,1.137658,-0.1133609,4,10
16.31922,0.1054679,0.05763078,1.137695,-0.1125083,4,10
16.32518,0.1114222,0.05730884,1.137719,-0.1115437,4,10
16.33069,0.1169385,0.05695725,1.137774,-0.1105466,4,10
16.33995,0.1261978,0.05646322,1.137807,-0.109189,4,10
16.34443,0.1306749,0.05621255,1.137835,-0.1085617,4,10
16.34951,0.1357501,0.05593538,1.137864,-0.107871,4,10
16.35415,0.1403913,0.05565138,1.137891,-0.1071664,4,10
16.35999,0.1462373,0.05546203,1.138001,-0.1060625,4,10
16.36571,0.1519578,0.05516172,1.138042,-0.105219,4,10
16.37144,0.1576826,0.05483102,1.138083,-0.1042952,4,10
16.37671,0.1629579,0.05456407,1.138115,-0.1035534,4,10
16.38314,0.1693821,0.05484711,1.138043,-0.1032083,4,10
16.38774,0.1739893,0.05465241,1.138061,-0.1025719,4,10
16.39201,0.1782601,0.05445011,1.138079,-0.1019135,4,10
16.39895,0.1851936,0.05467958,1.137983,-0.1004841,4,10
16.40325,0.189492,0.0545351,1.137991,-0.09985277,4,10
16.40852,0.1947613,0.05439055,1.137786,-0.09696937,4,10
16.41405,0.200296,0.0541965,1.13776,-0.0957748,4,10
16.41884,0.2050824,0.05404885,1.137737,-0.0948704,4,10
16.42401,0.2102516,0.05344683,1.137538,-0.09037189,4,10
16.429,0.2152425,0.05321352,1.137479,-0.08881965,4,10
16.43378,0.2200234,0.05296845,1.137412,-0.08719382,4,10
16.43976,0.2260059,0.05320946,1.137557,-0.0877804,4,10
16.44539,0.2316365,0.05300388,1.137513,-0.08627376,4,10
16.45106,0.2372989,0.0529659,1.137638,-0.08483151,4,10
16.45694,0.2431809,0.05269267,1.137636,-0.0813887,4,10
16.46194,0.2481821,0.05250762,1.137617,-0.07956885,4,10
16.46734,0.2535876,0.05238879,1.137522,-0.07772504,4,10
16.47274,0.2589867,0.0522216,1.137354,-0.07595941,4,10
16.47794,0.2641782,0.0520731,1.137289,-0.07435109,4,10
16.48263,0.2688712,0.05193178,1.137223,-0.07280429,4,10
16.4876,0.2738452,0.05191632,1.137044,-0.07139555,4,10
16.4921,0.2783458,0.05179213,1.136949,-0.06979245,4,10
16.49741,0.28365,0.05166949,1.136849,-0.06818364,4,10
16.50297,0.2892129,0.051948,1.136677,-0.06868809,4,10
16.50773,0.2939687,0.05187768,1.136571,-0.06738616,4,10
16.51365,0.299896,0.05212029,1.136135,-0.06306937,4,10
16.51866,0.3049052,0.05211709,1.135981,-0.06142426,4,10
16.52351,0.3097527,0.05211728,1.135812,-0.05968167,4,10
16.52908,0.3153254,0.05212209,1.135609,-0.05766689,4,10
16.53461,0.3208517,0.05245595,1.13535,-0.05570733,4,10
16.53989,0.3261331,0.05251379,1.135161,-0.05402213,4,10
16.54513,0.3313725,0.0525825,1.134946,-0.05216499,4,10
16.55025,0.3364932,0.05280796,1.135192,-0.05318785,4,10
16.55589,0.3421365,0.05282786,1.135134,-0.05180877,4,10
16.56075,0.3469937,0.05289794,1.135001,-0.05038642,4,10
16.56665,0.352888,0.05298537,1.13484,-0.04871841,4,10
16.57215,0.3583921,0.05304229,1.134421,-0.04397688,4,10
16.57816,0.3643991,0.05313225,1.134215,-0.04187805,4,10
16.58343,0.3696669,0.05322769,1.134005,-0.03982163,4,10
16.58909,0.3753355,0.0533346,1.133781,-0.03768329,4,10
16.59505,0.3812876,0.05324523,1.133907,-0.03872202,4,10
16.60122,0.3874653,0.05328129,1.133898,-0.0376827,4,10
16.60703,0.3932746,0.05335144,1.133537,-0.03390269,4,10
16.61319,0.3994305,0.05332689,1.133323,-0.03145597,4,10
16.61942,0.4056645,0.05338183,1.133113,-0.02928098,4,10
16.62483,0.4110716,0.05347922,1.133013,-0.02795623,4,10
16.6302,0.4164418,0.05354878,1.132831,-0.0260815,4,10
16.63463,0.4208735,0.05361916,1.132658,-0.02435485,4,10
16.63949,0.4257343,0.0537349,1.132424,-0.02335952,4,10
16.64411,0.4303483,0.0539103,1.132496,-0.02243432,4,10
16.64875,0.4349944,0.05400753,1.13236,-0.02099823,4,10
16.65327,0.4395108,0.05411512,1.132212,-0.01948275,4,10
16.65789,0.444136,0.05421175,1.132082,-0.01817954,4,10
16.66267,0.4489165,0.05419339,1.132079,-0.01722226,4,10
16.66694,0.4531835,0.05428157,1.131961,-0.01596305,4,10
16.67135,0.4575886,0.05438611,1.131825,-0.01453492,4,10
16.67636,0.462598,0.05448778,1.131696,-0.01320508,4,10
16.68091,0.4671522,0.05459477,1.131562,-0.01186131,4,10
16.6854,0.4716421,0.05470597,1.131425,-0.01051842,4,10
16.68983,0.4760728,0.05481663,1.131292,-0.009230796,4,10
16.69515,0.4813929,0.05486078,1.130672,-0.007628694,4,10
16.6999,0.4861426,0.05496613,1.130518,-0.006425038,4,10
16.70451,0.4907496,0.05508817,1.130345,-0.005079925,4,10
16.70907,0.4953172,0.05521192,1.130174,-0.00376457,4,10
16.71474,0.5009784,0.05480413,1.131098,-0.009717874,4,10
16.72061,0.5068564,0.05503081,1.131013,-0.007524978,4,10
16.72596,0.5121982,0.05513173,1.130895,-0.006299201,4,10
16.73258,0.5188258,0.05558765,1.130581,-0.001129385,4,10
16.73777,0.5240161,0.0557516,1.130444,0.0006484017,4,10
16.74296,0.5292029,0.05580536,1.130485,0.001914553,4,10
16.74871,0.5349509,0.05588153,1.130557,0.00257396,4,10
16.75371,0.5399542,0.05589812,1.1306,0.003190789,4,10
16.75887,0.5451162,0.05599235,1.130567,0.004317142,4,10
16.7653,0.5515379,0.05606365,1.130595,0.005175378,4,10
16.77114,0.5573869,0.05622455,1.13062,0.006042663,4,10
16.77659,0.5628369,0.05632592,1.130615,0.006973356,4,10
16.78241,0.5686555,0.05648049,1.130527,0.007678166,4,10
16.78747,0.5737105,0.05666452,1.130497,0.008243077,4,10
16.79221,0.5784555,0.05680111,1.130473,0.009067673,4,10
16.79915,0.5853899,0.05706228,1.130341,0.009916291,4,10
16.80413,0.5903696,0.05726873,1.130338,0.01047483,4,10
16.80863,0.5948743,0.05741794,1.130308,0.01110842,4,10
16.81457,0.600807,0.0576383,1.130231,0.0117703,4,10
16.82096,0.6071982,0.05788835,1.130198,0.0123634,4,10
16.82601,0.6122543,0.05807557,1.130162,0.01298841,4,10
16.83197,0.618207,0.05839727,1.130129,0.01359802,4,10
16.83718,0.6234223,0.05858622,1.130199,0.01392405,4,10
16.84191,0.6281505,0.05877614,1.130194,0.01441199,4,10
16.8482,0.6344451,0.05897544,1.130248,0.01483681,4,10
16.85268,0.6389222,0.0591654,1.130257,0.01530246,4,10
16.85812,0.6443583,0.05919944,1.130346,0.01552361,4,10
16.86414,0.6503777,0.05927333,1.130479,0.01580372,4,10
16.86882,0.6550608,0.05939631,1.130525,0.01614274,4,10
16.87362,0.6598607,0.0595373,1.130578,0.0165289,4,10
16.88072,0.6669646,0.05974605,1.13059,0.01658589,4,10
16.88555,0.6717874,0.05988265,1.130628,0.0168583,4,10
16.89042,0.6766667,0.0600192,1.130574,0.0170586,4,10
16.89722,0.6834665,0.06016588,1.130592,0.01728772,4,10
16.90211,0.6883573,0.06029759,1.13061,0.01752429,4,10
16.90734,0.6935785,0.06040596,1.130576,0.01762036,4,10
16.91316,0.699402,0.06056762,1.130586,0.017883,4,10
16.9192,0.7054425,0.06064451,1.130534,0.01796077,4,10
16.92398,0.7102198,0.06082323,1.130506,0.01799714,4,10
16.92915,0.7153927,0.06095996,1.130497,0.01815518,4,10
16.93447,0.7207127,0.06114775,1.130544,0.01813712,4,10
16.94023,0.7264707,0.06129428,1.130548,0.01825814,4,10
16.94573,0.7319753,0.0614184,1.130599,0.01820694,4,10
16.951,0.737239,0.06144547,1.130578,0.01817064,4,10
16.95754,0.7437865,0.06147026,1.130569,0.0181153,4,10
16.96385,0.7500898,0.06157776,1.130571,0.01815408,4,10
16.96937,0.75561,0.06167382,1.130573,0.0181886,4,10
16.98035,0.7665882,0.06159705,1.130689,0.01772906,4,10
16.98428,0.7705203,0.06162253,1.130704,0.01769114,4,10
16.98866,0.774902,0.06160237,1.13072,0.01748684,4,10
16.99338,0.7796206,0.06162991,1.130742,0.01738847,4,10
16.99965,0.7858886,0.06150549,1.130712,0.01723031,4,10
17.00457,0.7908121,0.0614998,1.130722,0.01712841,4,10
17.00883,0.7950774,0.06149469,1.130731,0.01703701,4,10
17.01529,0.8015276,0.06134486,1.130683,0.0166005,4,10
17.02107,0.8073118,0.06144068,1.130725,0.01634884,4,10
17.02578,0.8120232,0.06143982,1.13073,0.01617887,4,10
17.03234,0.8185863,0.06153294,1.130738,0.01584123,4,10
17.03807,0.8243161,0.06149958,1.130699,0.01557344,4,10
17.04286,0.8291047,0.06150547,1.130694,0.0153716,4,10
17.04875,0.8349873,0.06138565,1.1306,0.01507748,4,10
17.05327,0.8395075,0.06126432,1.130556,0.01481015,4,10
17.05846,0.8447051,0.06122127,1.130529,0.01459339,4,10
17.06392,0.8501666,0.06117111,1.130497,0.01434021,4,10
17.06877,0.8550076,0.06112063,1.130426,0.01401793,4,10
17.0741,0.860343,0.06119282,1.130494,0.01350396,4,10
17.08013,0.8663689,0.06116954,1.130479,0.01316673,4,10
17.08501,0.8712556,0.06114907,1.130464,0.01286805,4,10
17.09035,0.8765931,0.06093531,1.130586,0.01213582,4,10
17.09631,0.8825575,0.06087102,1.130592,0.01173468,4,10
17.10094,0.8871855,0.06081793,1.130596,0.01140196,4,10
17.1063,0.8925443,0.06064815,1.130742,0.01087027,4,10
17.11232,0.8985605,0.06053297,1.131079,0.009761605,4,10
17.11767,0.9039114,0.06045412,1.131166,0.009256668,4,10
17.1235,0.9097503,0.06036249,1.131266,0.008666154,4,10
17.12924,0.9154831,0.06037536,1.13145,0.007787012,4,10
17.13474,0.9209893,0.06030587,1.131548,0.006860368,4,10
17.14042,0.9266699,0.06010764,1.131594,0.00612827,4,10
17.14547,0.9317148,0.06001884,1.131677,0.005491957,4,10
17.15051,0.9367539,0.05987592,1.131739,0.004567835,4,10
17.15564,0.9418827,0.05978838,1.131807,0.003951464,4,10
17.16023,0.9464732,0.05957853,1.131799,0.003098879,4,10
17.16652,0.9527631,0.0594124,1.13191,0.001856215,4,10
17.172,0.9582391,0.0592336,1.131986,0.0006417707,4,10
17.17715,0.9633974,0.05911009,1.132048,-0.000181362,4,10
17.18291,0.9691574,0.05882815,1.132043,-0.0014036,4,10
17.18851,0.9747562,0.05856039,1.131946,-0.002674688,4,10
17.1932,0.9794445,0.05837665,1.131958,-0.003686216,4,10
17.19917,0.9854204,0.05819327,1.131864,-0.004974939,4,10
17.2044,0.9906455,0.05800011,1.131845,-0.006309651,4,10
17.20978,0.9960299,0.057815,1.131828,-0.007459607,4,10
17.21541,1.001659,0.05760399,1.131767,-0.009000584,4,10
17.22081,1.007057,0.05736259,1.131739,-0.01042902,4,10
17.2255,1.011748,0.05718243,1.131713,-0.01158482,4,10
17.23155,1.017796,0.05686417,1.131598,-0.0134952,4,10
17.23657,1.02282,0.05668183,1.131556,-0.01465942,4,10
17.24112,1.02737,0.05643463,1.131371,-0.01606263,4,10
17.24742,1.033667,0.05622816,1.131318,-0.0180094,4,10
17.25239,1.038635,0.05601444,1.131243,-0.01954179,4,10
17.25884,1.045087,0.05577361,1.131129,-0.02140962,4,10
17.26476,1.051001,0.05555152,1.131043,-0.02308562,4,10
17.26946,1.055709,0.05548932,1.131001,-0.02497306,4,10
17.27481,1.061055,0.05516949,1.130795,-0.02726174,4,10
17.28169,1.067933,0.05480906,1.130563,-0.0295936,4,10
17.28611,1.072357,0.0546184,1.130461,-0.03110345,4,10
17.29124,1.07749,0.05429016,1.130221,-0.03331231,4,10
17.29757,1.083812,0.05404987,1.130013,-0.03539049,4,10
17.30207,1.088313,0.05384756,1.129876,-0.03700252,4,10
17.30763,1.093877,0.05368387,1.129723,-0.03908252,4,10
17.31373,1.09998,0.05342882,1.129555,-0.04152026,4,10
17.31862,1.104866,0.05325275,1.129426,-0.04313916,4,10
17.32395,1.110192,0.05304646,1.129272,-0.04506709,4,10
17.33022,1.116467,0.05278999,1.129128,-0.04756968,4,10
17.33606,1.122304,0.05244617,1.128728,-0.05001983,4,10
17.34219,1.128439,0.05221439,1.128526,-0.05212717,4,10
17.34783,1.134078,0.05178649,1.128188,-0.0543054,4,10
17.35351,1.139758,0.05168302,1.128171,-0.05683968,4,10
17.35952,1.14577,0.05145698,1.128005,-0.05901727,4,10
17.3656,1.151843,0.05128544,1.127825,-0.06138118,4,10
17.37219,1.158436,0.05107256,1.127704,-0.06411502,4,10
17.37861,1.164857,0.05087404,1.12756,-0.06642088,4,10
17.38407,1.170314,0.0506353,1.127499,-0.06851231,4,10
17.38956,1.17581,0.05039473,1.127476,-0.07054942,4,10
17.39536,1.18161,0.05016263,1.127375,-0.07299224,4,10
17.40165,1.187899,0.05002615,1.127334,-0.07510956,4,10
17.40713,1.193377,0.04983191,1.127349,-0.07712939,4,10
17.41369,1.199934,0.04962826,1.127404,-0.07971632,4,10
17.41975,1.205996,0.0494542,1.127382,-0.08180802,4,10
17.42491,1.211156,0.04923091,1.127518,-0.08356296,4,10
17.43136,1.217613,0.04894931,1.127603,-0.08601272,4,10
17.43754,1.223787,0.04879408,1.127632,-0.08788082,4,10
17.44237,1.228613,0.04863597,1.127657,-0.0896246,4,10
17.44877,1.235018,0.04852555,1.127623,-0.0916346,4,10
17.45365,1.239897,0.04836182,1.127598,-0.09329267,4,10
17.45957,1.245817,0.04820767,1.127594,-0.09516536,4,10
17.46531,1.251553,0.04805446,1.127585,-0.09709924,4,10
17.47135,1.257597,0.04788621,1.127522,-0.09897897,4,10
17.47776,1.264008,0.04772182,1.127495,-0.1009199,4,10
17.48343,1.269673,0.04734621,1.12764,-0.1026534,4,10
17.48878,1.275032,0.04718385,1.127582,-0.1041614,4,10
17.49426,1.280511,0.04698195,1.127576,-0.1060212,4,10
17.49977,1.286016,0.04698041,1.127475,-0.1073001,4,10
17.50467,1.290918,0.04685348,1.127449,-0.1087637,4,10
17.50953,1.295781,0.04698463,1.127537,-0.1100322,4,10
17.51543,1.301675,0.0470328,1.127567,-0.1116418,4,10
17.52093,1.307176,0.04696783,1.127483,-0.1128677,4,10
17.52641,1.312661,0.04691733,1.127458,-0.114337,4,10
17.5318,1.318048,0.04683933,1.127369,-0.1155719,4,10
17.5379,1.324146,0.0469884,1.12741,-0.1167641,4,10
17.54275,1.329,0.04699024,1.127391,-0.1179385,4,10
17.54835,1.334598,0.04713612,1.12747,-0.119084,4,10
17.55386,1.340111,0.04722904,1.127557,-0.1203085,4,10
17.55988,1.346126,0.04728237,1.127576,-0.1215259,4,10
17.56578,1.352032,0.04725061,1.127659,-0.1225752,4,10
17.57114,1.357392,0.04715618,1.127634,-0.1236025,4,10
17.57597,1.362215,0.04715823,1.127645,-0.1244763,4,10
17.58139,1.367641,0.04716331,1.127657,-0.1255777,4,10
17.58679,1.373037,0.0470736,1.127693,-0.1263187,4,10
17.59177,1.378018,0.04706382,1.127701,-0.1269612,4,10
17.59831,1.384564,0.04690713,1.127836,-0.1277716,4,10
17.60431,1.390559,0.04690278,1.127933,-0.1286265,4,10
17.60921,1.395464,0.04687525,1.127981,-0.1294037,4,10
17.61552,1.401769,0.0467902,1.128106,-0.1302057,4,10
17.62291,1.409155,0.04667731,1.128194,-0.1308821,4,10
17.63542,0.0125109,0.04655872,1.128289,-0.1320219,4,11
17.64327,0.0203603,0.04658457,1.12847,-0.1324498,4,11
17.65073,0.0278253,0.04666867,1.128729,-0.132856,4,11
17.65555,0.0326435,0.04675511,1.128931,-0.1329127,4,11
17.66086,0.0379502,0.04677626,1.129068,-0.1332916,4,11
17.6658,0.0428962,0.04679564,1.129185,-0.1336199,4,11
17.67039,0.0474812,0.04681681,1.129307,-0.1339614,4,11
17.67568,0.0527741,0.04680397,1.129469,-0.1337654,4,11
17.68057,0.0576674,0.04682063,1.129594,-0.1340241,4,11
17.68484,0.061938,0.04683598,1.129704,-0.134252,4,11
17.69054,0.0676338,0.04664766,1.12952,-0.1333281,4,11
17.69665,0.0737408,0.04664094,1.12962,-0.1334686,4,11
17.7009,0.0779945,0.04663599,1.1297,-0.1335803,4,11
17.70627,0.0833697,0.04669452,1.129874,-0.1320303,4,11
17.71113,0.0882257,0.04670823,1.130002,-0.1318823,4,11
17.71672,0.0938176,0.04680284,1.130144,-0.1310494,4,11
17.7222,0.0992975,0.04690956,1.130317,-0.1303574,4,11
17.72708,0.1041701,0.04695437,1.130445,-0.1300011,4,11
17.73246,0.1095499,0.0469928,1.130599,-0.1291428,4,11
17.73783,0.1149207,0.04703489,1.130728,-0.1286963,4,11
17.7429,0.1199945,0.04723369,1.130814,-0.127734,4,11
17.75014,0.1272387,0.04727865,1.131024,-0.126596,4,11
17.75665,0.1337447,0.04746399,1.131129,-0.1253656,4,11
17.76193,0.1390248,0.04754825,1.131244,-0.1246484,4,11
17.76788,0.1449721,0.04761359,1.13146,-0.1234261,4,11
17.77361,0.1507076,0.0476626,1.131587,-0.122052,4,11
17.77981,0.1569093,0.04774185,1.131728,-0.1210413,4,11
17.7842,0.1612974,0.04792691,1.131802,-0.1198561,4,11
17.78898,0.1660762,0.04803709,1.131899,-0.1185844,4,11
17.79318,0.1702744,0.04813038,1.132003,-0.1176152,4,11
17.79886,0.1759523,0.0482249,1.132129,-0.1161728,4,11
17.80383,0.1809311,0.04832475,1.132241,-0.11506,4,11
17.80845,0.1855508,0.04849079,1.132401,-0.1136905,4,11
17.81368,0.1907781,0.04873202,1.132553,-0.1120017,4,11
17.81853,0.1956276,0.04886209,1.132665,-0.1108571,4,11
17.82332,0.200411,0.04900008,1.13278,-0.1096609,4,11
17.82931,0.2063992,0.0491328,1.132861,-0.1076999,4,11
17.83475,0.2118461,0.04919514,1.132744,-0.105694,4,11
17.84056,0.2176579,0.04923607,1.132826,-0.1039076,4,11
17.84632,0.2234118,0.04936391,1.132897,-0.1021816,4,11
17.85187,0.228961,0.04949585,1.13292,-0.1001211,4,11
17.85754,0.2346311,0.04970821,1.132998,-0.09834987,4,11
17.86366,0.2407573,0.04984822,1.13307,-0.09606814,4,11
17.86887,0.2459607,0.0499858,1.133126,-0.09433436,4,11
17.8745,0.2515919,0.04996853,1.133092,-0.09201269,4,11
17.88043,0.2575225,0.05007942,1.133127,-0.09012179,4,11
17.88564,0.26274,0.05019667,1.133219,-0.08808815,4,11
17.89017,0.2672693,0.05021406,1.133356,-0.08642045,4,11
17.89505,0.2721434,0.05031194,1.133421,-0.08455814,4,11
17.90044,0.2775383,0.05047731,1.133472,-0.08256641,4,11
17.90526,0.282356,0.05068979,1.133495,-0.0805676,4,11
17.91004,0.2871352,0.0508244,1.133541,-0.07876191,4,11
17.91634,0.2934326,0.05103425,1.133476,-0.07602622,4,11
17.92146,0.2985496,0.05119532,1.133383,-0.0740587,4,11
17.92622,0.3033144,0.05135165,1.133374,-0.07214335,4,11
17.93214,0.309238,0.05157506,1.133265,-0.06950428,4,11
17.93692,0.3140132,0.05172897,1.133235,-0.06774416,4,11
17.94238,0.319469,0.05192935,1.133195,-0.06554733,4,11
17.94846,0.3255572,0.05216378,1.133056,-0.06305228,4,11
17.95321,0.3303023,0.0523394,1.132853,-0.0608725,4,11
17.9587,0.3357907,0.05253812,1.132764,-0.05883705,4,11
17.9643,0.3413961,0.05276654,1.132661,-0.05660065,4,11
17.96951,0.3466019,0.05299239,1.132557,-0.05448508,4,11
17.97505,0.3521399,0.05304525,1.132586,-0.05490644,4,11
17.98152,0.358612,0.05316974,1.132601,-0.05251552,4,11
17.98713,0.3642188,0.05336683,1.132529,-0.05054695,4,11
17.99277,0.3698637,0.05359565,1.132443,-0.04836692,4,11
17.99892,0.376012,0.05409849,1.132296,-0.04236696,4,11
18.00397,0.3810611,0.05413124,1.132396,-0.04304577,4,11
18.00924,0.386331,0.0543458,1.132339,-0.04104517,4,11
18.01502,0.3921092,0.05484535,1.13216,-0.03673746,4,11
18.02094,0.3980366,0.05507843,1.132011,-0.03451081,4,11
18.02588,0.4029725,0.05533542,1.131912,-0.03228803,4,11
18.03161,0.4087052,0.05553117,1.131787,-0.03010293,4,11
18.03741,0.4144991,0.05563538,1.131708,-0.0284449,4,11
18.04278,0.4198664,0.05586,1.131601,-0.02630288,4,11
18.04878,0.4258734,0.05594688,1.131269,-0.02442807,4,11
18.055,0.4320922,0.05608387,1.131048,-0.02227842,4,11
18.06127,0.4383621,0.05627248,1.130863,-0.02018939,4,11
18.06644,0.44353,0.05641812,1.130465,-0.01844318,4,11
18.0721,0.4491928,0.05655336,1.130353,-0.01677591,4,11
18.07694,0.454031,0.05668889,1.130192,-0.01528518,4,11
18.08177,0.4588627,0.05683973,1.130016,-0.01368042,4,11
18.0862,0.4632901,0.05698329,1.12985,-0.01220153,4,11
18.09069,0.4677882,0.05715887,1.129651,-0.01045115,4,11
18.09713,0.4742235,0.05691173,1.129567,-0.008828141,4,11
18.10229,0.4793855,0.05703259,1.129386,-0.007139713,4,11
18.10678,0.4838761,0.05714264,1.129225,-0.005663175,4,11
18.11312,0.4902169,0.05728636,1.129527,-0.007278495,4,11
18.11903,0.4961228,0.05740853,1.1294,-0.005956639,4,11
18.12458,0.5016769,0.05784225,1.12907,-0.002829976,4,11
18.13071,0.5078081,0.05808543,1.128856,-0.0007298887,4,11
18.13695,0.5140461,0.0585204,1.128997,0.000115972,4,11
18.14223,0.5193225,0.05876573,1.1289,0.001577705,4,11
18.14849,0.5255902,0.05907156,1.12895,0.002653405,4,11
18.15452,0.5316175,0.0592874,1.128904,0.003858741,4,11
18.16052,0.537616,0.05952907,1.128851,0.00512879,4,11
18.16641,0.5435092,0.05973437,1.128772,0.006024577,4,11
18.17204,0.5491413,0.05993345,1.12864,0.00699817,4,11
18.17869,0.5557837,0.06017317,1.128561,0.00818529,4,11
18.1838,0.5608994,0.06044747,1.128419,0.008803077,4,11
18.18854,0.5656317,0.06108677,1.128023,0.01080217,4,11
18.1933,0.570397,0.06094852,1.128086,0.01029388,4,11
18.19928,0.5763747,0.06132318,1.127964,0.01093873,4,11
18.20437,0.581468,0.06152214,1.127819,0.01150698,4,11
18.20977,0.586869,0.06178629,1.127688,0.0123001,4,11
18.21531,0.5924112,0.06203669,1.127535,0.01287094,4,11
18.22156,0.5986537,0.06227918,1.127439,0.01337773,4,11
18.22651,0.6036038,0.06250887,1.127328,0.01398085,4,11
18.23238,0.6094732,0.06273465,1.127221,0.01453939,4,11
18.23918,0.6162764,0.06301245,1.127178,0.01498594,4,11
18.24535,0.6224443,0.06328051,1.127077,0.0155988,4,11
18.25049,0.627582,0.06336538,1.127015,0.01585561,4,11
18.25647,0.6335655,0.06336372,1.126944,0.01613813,4,11
18.26258,0.6396751,0.06354073,1.126854,0.01663063,4,11
18.26786,0.64496,0.0634563,1.126632,0.01686251,4,11
18.27341,0.6505033,0.0634922,1.126336,0.0172261,4,11
18.28,0.6570954,0.06359019,1.126169,0.01764587,4,11
18.28815,0.6652519,0.06383578,1.125929,0.01801546,4,11
18.29261,0.6697037,0.06394094,1.125783,0.01834106,4,11
18.29866,0.675753,0.06408378,1.125672,0.01838757,4,11
18.30393,0.6810284,0.06395962,1.12574,0.01806075,4,11
18.30822,0.6853182,0.06401964,1.125653,0.01820997,4,11
18.31366,0.6907522,0.06406693,1.125471,0.01843522,4,11
18.31936,0.6964577,0.0641331,1.125348,0.01862517,4,11
18.32412,0.701212,0.06419169,1.125318,0.01860336,4,11
18.32981,0.7069032,0.06426308,1.125206,0.01876214,4,11
18.33479,0.711886,0.0643938,1.125291,0.01869531,4,11
18.33971,0.7168022,0.06445841,1.125237,0.01878025,4,11
18.34552,0.7226115,0.06458788,1.12537,0.01863371,4,11
18.35065,0.7277482,0.06447796,1.125363,0.01854779,4,11
18.35606,0.7331548,0.06445663,1.125466,0.01847637,4,11
18.36147,0.7385638,0.06448977,1.125473,0.0184791,4,11
18.36662,0.7437152,0.06443078,1.125513,0.01842737,4,11
18.37167,0.748763,0.06438582,1.125623,0.01827724,4,11
18.37804,0.7551353,0.06438287,1.125665,0.01822809,4,11
18.38343,0.7605283,0.06434988,1.125855,0.01801185,4,11
18.38827,0.7653635,0.06434129,1.12592,0.01793639,4,11
18.39331,0.7704083,0.0642774,1.126028,0.01770843,4,11
18.39934,0.7764331,0.06414667,1.126112,0.01755281,4,11
18.40445,0.7815437,0.06398501,1.12618,0.01736819,4,11
18.40918,0.7862704,0.06391766,1.126248,0.0172448,4,11
18.41474,0.7918372,0.06389136,1.126482,0.01695997,4,11
18.41959,0.7966806,0.06384006,1.126574,0.01681994,4,11
18.42464,0.8017315,0.06387737,1.126812,0.01647295,4,11
18.43057,0.8076689,0.06391095,1.127017,0.01602509,4,11
18.43589,0.8129882,0.0638924,1.127151,0.01579126,4,11
18.44154,0.8186302,0.06387134,1.127265,0.01540921,4,11
18.44695,0.8240425,0.06385132,1.127406,0.01512345,4,11
18.45201,0.8291036,0.06383118,1.12755,0.01483003,4,11
18.45706,0.8341529,0.0636787,1.127582,0.01468183,4,11
18.4632,0.8402945,0.06363041,1.127725,0.01437494,4,11
18.46824,0.8453314,0.06359161,1.127841,0.01412608,4,11
18.47399,0.8510862,0.06358755,1.128166,0.01378095,4,11
18.48122,0.8583184,0.06366572,1.128352,0.01353903,4,11
18.48644,0.8635361,0.06364401,1.128494,0.01328795,4,11
18.49125,0.8683426,0.06362177,1.128642,0.01302728,4,11
18.49735,0.8744444,0.06348065,1.1295,0.01138991,4,11
18.50237,0.8794636,0.06344137,1.129755,0.01091689,4,11
18.50725,0.8843412,0.06318288,1.129561,0.01085385,4,11
18.51295,0.8900452,0.06290527,1.129965,0.009766351,4,11
18.51793,0.8950288,0.06280295,1.130173,0.009269364,4,11
18.52321,0.9003025,0.06268121,1.13038,0.008547209,4,11
18.52864,0.9057332,0.06255618,1.130625,0.007901467,4,11
18.53357,0.9106681,0.06236324,1.130668,0.007303394,4,11
18.53903,0.9161228,0.06222103,1.130678,0.006735444,4,11
18.54387,0.9209721,0.06209365,1.130819,0.0061667,4,11
18.55025,0.9273466,0.06194165,1.130874,0.005333178,4,11
18.55532,0.9324214,0.06178756,1.130865,0.004706129,4,11
18.56047,0.9375635,0.06165113,1.130955,0.004077706,4,11
18.56616,0.9432605,0.06158284,1.131008,0.003240995,4,11
18.57118,0.9482813,0.06145988,1.131056,0.002375957,4,11
18.5768,0.9538925,0.06134204,1.131127,0.001665261,4,11
18.5834,0.9604933,0.06120092,1.131211,0.0008012429,4,11
18.58875,0.9658458,0.06098565,1.131141,-0.0003734156,4,11
18.59494,0.9720415,0.06080808,1.131195,-0.001389679,4,11
18.6006,0.9776936,0.06066211,1.131257,-0.002361588,4,11
18.60559,0.9826922,0.06049211,1.131321,-0.003337402,4,11
18.61159,0.9886834,0.06030653,1.131385,-0.00444337,4,11
18.61716,0.9942577,0.06016888,1.131433,-0.005273197,4,11
18.62256,0.9996545,0.06007177,1.131655,-0.00672261,4,11
18.62789,1.004989,0.05992664,1.131747,-0.007793371,4,11
18.63389,1.010986,0.05966703,1.131851,-0.009201102,4,11
18.63949,1.016588,0.05942531,1.131955,-0.01035127,4,11
18.64589,1.02299,0.05922784,1.13209,-0.01169312,4,11
18.65028,1.027374,0.05906816,1.132181,-0.01271801,4,11
18.6566,1.033698,0.05898957,1.132303,-0.01398501,4,11
18.66269,1.039786,0.05892519,1.132547,-0.01553736,4,11
18.66723,1.044332,0.05882657,1.132661,-0.01655526,4,11
18.67276,1.049855,0.05853603,1.13264,-0.01811785,4,11
18.67866,1.055759,0.05838405,1.132735,-0.01938268,4,11
18.68312,1.060218,0.05826137,1.132812,-0.02042496,4,11
18.68857,1.065665,0.057963,1.133009,-0.02211056,4,11
18.69361,1.07071,0.05778615,1.133124,-0.02349009,4,11
18.69899,1.076086,0.05763291,1.133224,-0.0247082,4,11
18.70454,1.081634,0.0574622,1.133135,-0.02475374,4,11
18.70934,1.08644,0.05731313,1.133212,-0.02578831,4,11
18.71492,1.092018,0.05716912,1.133146,-0.02757202,4,11
18.7208,1.097893,0.05701014,1.133208,-0.02879333,4,11
18.72611,1.103203,0.0566076,1.133283,-0.03249647,4,11
18.73151,1.108601,0.05638623,1.133353,-0.03438511,4,11
18.73706,1.11416,0.05617725,1.133255,-0.03638102,4,11
18.74207,1.11917,0.05599222,1.133286,-0.03804497,4,11
18.74769,1.124786,0.05599929,1.133193,-0.03767794,4,11
18.75261,1.129706,0.05582692,1.133208,-0.03917297,4,11
18.75811,1.135203,0.05567025,1.133222,-0.04055819,4,11
18.76427,1.141367,0.055291,1.13318,-0.04440191,4,11
18.76965,1.146742,0.05509455,1.133181,-0.04627342,4,11
18.77524,1.152335,0.05496342,1.133006,-0.04802655,4,11
18.78172,1.158812,0.05475113,1.132928,-0.04992943,4,11
18.78691,1.164001,0.05458265,1.132888,-0.05164011,4,11
18.7922,1.169294,0.05457664,1.132634,-0.05341906,4,11
18.79841,1.175502,0.0544945,1.132426,-0.05525532,4,11
18.80352,1.180611,0.05438253,1.13232,-0.05693048,4,11
18.80878,1.18588,0.05434017,1.132266,-0.05873381,4,11
18.81449,1.191583,0.05418998,1.132277,-0.06095063,4,11
18.82054,1.197637,0.05397236,1.132233,-0.06295513,4,11
18.82597,1.203062,0.05383645,1.132177,-0.06484021,4,11
18.83248,1.209573,0.05358385,1.132323,-0.06737612,4,11
18.83818,1.21528,0.05340466,1.132438,-0.0693066,4,11
18.84357,1.220671,0.053245,1.132467,-0.07127646,4,11
18.84974,1.226838,0.05301004,1.132568,-0.07350334,4,11
18.85472,1.231817,0.05280804,1.132677,-0.07562646,4,11
18.86052,1.237612,0.05263437,1.13274,-0.07763309,4,11
18.86665,1.24375,0.05237548,1.132859,-0.07998179,4,11
18.87166,1.248759,0.05214969,1.132945,-0.08219276,4,11
18.87833,1.255429,0.05193718,1.133034,-0.08451812,4,11
18.88309,1.260188,0.05171125,1.13299,-0.08646275,4,11
18.88838,1.265475,0.05152201,1.133042,-0.08848128,4,11
18.89392,1.271013,0.05139897,1.13306,-0.09081051,4,11
18.89935,1.276449,0.05124431,1.133257,-0.09284492,4,11
18.90472,1.281817,0.05108148,1.133333,-0.0949275,4,11
18.9094,1.286498,0.05094174,1.133399,-0.09678127,4,11
18.91451,1.291614,0.05078539,1.133476,-0.09893675,4,11
18.91989,1.296991,0.0506493,1.133544,-0.1008917,4,11
18.93114,1.308241,0.050653,1.133183,-0.1016952,4,11
18.93582,1.312918,0.05056153,1.133198,-0.1030378,4,11
18.94144,1.318538,0.05005622,1.132997,-0.1091546,4,11
18.94656,1.323656,0.04980554,1.132721,-0.1119012,4,11
18.95169,1.328789,0.04959541,1.132626,-0.1147179,4,11
18.95702,1.334123,0.04951822,1.132313,-0.1164732,4,11
18.96226,1.339357,0.0494526,1.132017,-0.118432,4,11
18.9676,1.344706,0.04931382,1.131836,-0.1208406,4,11
18.97537,1.352477,0.04921553,1.131509,-0.1240199,4,11
18.98237,0.0069973,0.04922256,1.131176,-0.1263266,4,12
18.98775,0.0123792,0.04915459,1.130967,-0.1285063,4,12
18.99294,0.0175598,0.04917721,1.130699,-0.1304885,4,12
18.99936,0.0239806,0.04917859,1.130499,-0.1326737,4,12
19.0046,0.0292258,0.04913458,1.130198,-0.1345295,4,12
19.00952,0.0341486,0.04910969,1.129986,-0.1364027,4,12
19.01447,0.0390915,0.0488154,1.130053,-0.1385599,4,12
19.01938,0.0440092,0.04874907,1.129927,-0.1402295,4,12
19.02416,0.0487861,0.04855722,1.129817,-0.1420712,4,12
19.02983,0.0544594,0.04845041,1.129667,-0.144253,4,12
19.03489,0.0595121,0.04827449,1.129537,-0.1461942,4,12
19.04029,0.0649181,0.0481361,1.129536,-0.1477686,4,12
19.0468,0.0714253,0.0479538,1.129508,-0.1499966,4,12
19.05109,0.0757151,0.04784892,1.129439,-0.1516719,4,12
19.05639,0.0810192,0.04769776,1.129445,-0.1531477,4,12
19.06292,0.0875421,0.04754937,1.129371,-0.1554115,4,12
19.06875,0.0933722,0.04753324,1.129384,-0.1571604,4,12
19.07389,0.0985119,0.04745626,1.129352,-0.1586936,4,12
19.07988,0.1045081,0.04728471,1.129245,-0.1601014,4,12
19.08462,0.1092403,0.04719325,1.129194,-0.1615756,4,12
19.09027,0.1148956,0.04703134,1.129047,-0.1631124,4,12
19.09737,0.121991,0.04705597,1.128863,-0.1645533,4,12
19.10311,0.1277344,0.04698782,1.128757,-0.1661155,4,12
19.11052,0.1351438,0.04702007,1.128683,-0.1677762,4,12
19.11763,0.1422566,0.04704482,1.128592,-0.1688189,4,12
19.12246,0.1470846,0.04703273,1.128518,-0.1699156,4,12
19.1284,0.1530272,0.04702417,1.128424,-0.1712905,4,12
19.13368,0.1583088,0.04700878,1.128533,-0.1712769,4,12
19.13944,0.1640607,0.0470124,1.128581,-0.1717568,4,12
19.14494,0.1695679,0.04700852,1.128555,-0.1726488,4,12
19.14997,0.1745961,0.04707074,1.128821,-0.1729618,4,12
19.15501,0.1796309,0.04723276,1.129021,-0.173271,4,12
19.16019,0.1848118,0.04727681,1.12909,-0.1738305,4,12
19.1653,0.1899257,0.04737838,1.129347,-0.1738334,4,12
19.17048,0.1951074,0.04745753,1.129427,-0.1737745,4,12
19.17555,0.2001724,0.04751663,1.129522,-0.1740786,4,12
19.18115,0.2057774,0.04764395,1.129611,-0.1737209,4,12
19.18571,0.2103278,0.04771312,1.129698,-0.1738685,4,12
19.19076,0.2153782,0.04788705,1.129933,-0.1733571,4,12
19.19628,0.2209025,0.0481282,1.130068,-0.1727903,4,12
19.20186,0.2264828,0.04827449,1.130209,-0.1726514,4,12
19.20666,0.2312833,0.04842951,1.130452,-0.1719005,4,12
19.212,0.2366227,0.04855254,1.130755,-0.1709908,4,12
19.2177,0.2423188,0.04868286,1.130942,-0.1705685,4,12
19.22263,0.2472523,0.0488686,1.131063,-0.169547,4,12
19.22814,0.2527597,0.04902354,1.131251,-0.1689353,4,12
19.23362,0.25824,0.04919689,1.131463,-0.1675883,4,12
19.23829,0.2629119,0.04931047,1.131602,-0.1670303,4,12
19.24251,0.2671376,0.04942961,1.131749,-0.1664421,4,12
19.24822,0.2728477,0.04980678,1.132053,-0.164932,4,12
19.25298,0.2776073,0.04998798,1.13225,-0.1640928,4,12
19.2577,0.2823234,0.05013763,1.132414,-0.1633971,4,12
19.26379,0.2884167,0.05016131,1.132443,-0.162367,4,12
19.26834,0.2929703,0.05029977,1.132594,-0.1616285,4,12
19.27388,0.2985008,0.05038552,1.132639,-0.1592045,4,12
19.27981,0.3044388,0.05069234,1.132834,-0.1557704,4,12
19.28438,0.3090082,0.05085531,1.132972,-0.1543477,4,12
19.28956,0.3141847,0.0510468,1.133029,-0.1521205,4,12
19.29424,0.3188599,0.05125396,1.133173,-0.1502091,4,12
19.30027,0.3248972,0.0514755,1.133364,-0.1483153,4,12
19.30551,0.3301344,0.05166769,1.133505,-0.146366,4,12
19.31247,0.3370969,0.05194794,1.133592,-0.1435969,4,12
19.31795,0.3425763,0.05214151,1.133694,-0.1418084,4,12
19.32331,0.3479333,0.05235657,1.133801,-0.1398593,4,12
19.32942,0.3540462,0.05248433,1.133866,-0.1374375,4,12
19.33462,0.3592448,0.05258911,1.133992,-0.1349831,4,12
19.33995,0.3645694,0.05286499,1.134263,-0.1328837,4,12
19.34583,0.3704477,0.05322184,1.13455,-0.130374,4,12
19.35067,0.3752961,0.05346327,1.134721,-0.1282535,4,12
19.35701,0.3816325,0.0537787,1.135149,-0.1258724,4,12
19.36241,0.3870284,0.05404464,1.135376,-0.1236867,4,12
19.36713,0.3917547,0.05428365,1.135573,-0.1217615,4,12
19.37313,0.3977503,0.05447057,1.135742,-0.1187459,4,12
19.37911,0.4037352,0.05473687,1.135954,-0.1164111,4,12
19.38481,0.4094357,0.05446159,1.135795,-0.1162811,4,12
19.39106,0.4156868,0.05494739,1.136087,-0.1109195,4,12
19.39754,0.4221653,0.05529489,1.1362,-0.1076801,4,12
19.40449,0.4291113,0.05565498,1.136397,-0.1041806,4,12
19.41002,0.4346429,0.05580568,1.136339,-0.1016274,4,12
19.4163,0.4409209,0.05614584,1.136469,-0.09823005,4,12
19.42278,0.4474066,0.05634,1.136335,-0.09562461,4,12
19.42959,0.4542132,0.05655646,1.136036,-0.09230538,4,12
19.4357,0.4603185,0.05684229,1.136014,-0.08932294,4,12
19.442,0.4666266,0.05699253,1.135868,-0.08650692,4,12
19.44668,0.4713029,0.0571899,1.135827,-0.08428441,4,12
19.45155,0.476169,0.05742475,1.135777,-0.08173774,4,12
19.45706,0.4816851,0.05730192,1.135525,-0.07926954,4,12
19.46301,0.4876302,0.0575115,1.135427,-0.07644107,4,12
19.46838,0.4930035,0.05771394,1.135333,-0.07384449,4,12
19.47326,0.4978805,0.05792265,1.135238,-0.07128806,4,12
19.47968,0.504302,0.05816852,1.135128,-0.06841321,4,12
19.48543,0.5100564,0.05841366,1.13502,-0.0656755,4,12
19.49096,0.515586,0.05823763,1.134258,-0.06289721,4,12
19.49804,0.5226685,0.05848008,1.134042,-0.05983307,4,12
19.50524,0.5298628,0.05876527,1.133792,-0.05641346,4,12
19.51247,0.5370969,0.0590907,1.133511,-0.0527201,4,12
19.51824,0.5428639,0.05931789,1.133318,-0.05025612,4,12
19.52307,0.5476955,0.05953707,1.133133,-0.04795817,4,12
19.52873,0.553354,0.05980013,1.132914,-0.04529282,4,12
19.53352,0.5581452,0.05834781,1.133348,-0.05501527,4,12
19.54109,0.5657154,0.05818109,1.133356,-0.05481702,4,12
19.54783,0.5724494,0.05916454,1.132197,-0.04115266,4,12
19.5535,0.5781242,0.05954776,1.131751,-0.03591365,4,12
19.55961,0.5842348,0.0599648,1.131283,-0.03203502,4,12
19.56607,0.5906942,0.06022808,1.130943,-0.0300272,4,12
19.57166,0.5962839,0.06061681,1.130511,-0.02591261,4,12
19.57767,0.6022947,0.06101292,1.130086,-0.02196439,4,12
19.58335,0.6079668,0.06139414,1.12969,-0.01836216,4,12
19.59678,0.6213955,0.0618591,1.130086,-0.02007244,4,12
19.60147,0.6260911,0.06214144,1.129928,-0.01816747,4,12
19.60716,0.6317793,0.06238996,1.129818,-0.01612245,4,12
19.61336,0.6379814,0.06262182,1.129772,-0.01409069,4,12
19.61847,0.6430827,0.06288698,1.129655,-0.0122318,4,12
19.62341,0.6480222,0.06316897,1.129536,-0.01032345,4,12
19.62923,0.6538454,0.06351905,1.129394,-0.008042537,4,12
19.63396,0.6585714,0.06385323,1.129264,-0.005946908,4,12
19.64001,0.6646236,0.06387225,1.129425,-0.005015776,4,12
19.64635,0.6709642,0.06358816,1.129734,-0.007507011,4,12
19.65123,0.6758423,0.0637994,1.129691,-0.006099358,4,12
19.65772,0.6823353,0.06445962,1.129805,-0.002060261,4,12
19.66356,0.6881807,0.06467853,1.129818,-0.0003144033,4,12
19.66964,0.6942543,0.06501276,1.12982,0.0018127,4,12
19.6749,0.6995152,0.06504216,1.129842,0.002803326,4,12
19.68105,0.7056643,0.06508322,1.129903,0.003726754,4,12
19.68548,0.710099,0.06523818,1.129923,0.004907947,4,12
19.69066,0.715273,0.06533945,1.130029,0.005756475,4,12
19.6973,0.7219151,0.06543479,1.130096,0.006736796,4,12
19.70266,0.7272785,0.0655833,1.130145,0.007910207,4,12
19.70814,0.7327551,0.06556433,1.13015,0.008686796,4,12
19.71404,0.7386563,0.06554721,1.130146,0.009640578,4,12
19.71933,0.7439456,0.0656164,1.130172,0.01051963,4,12
19.72441,0.749024,0.06547387,1.130184,0.01112473,4,12
19.73062,0.7552343,0.06539103,1.130139,0.01194664,4,12
19.73544,0.760055,0.06539365,1.130147,0.01262351,4,12
19.74015,0.7647668,0.06533746,1.130219,0.0129957,4,12
19.74531,0.7699287,0.06532842,1.130243,0.01372868,4,12
19.7499,0.7745239,0.06532168,1.130264,0.01437921,4,12
19.75448,0.7791029,0.06531566,1.130289,0.01509538,4,12
19.75927,0.7838855,0.06528679,1.130321,0.01527032,4,12
19.76408,0.7886994,0.06527837,1.130347,0.01589133,4,12
19.76847,0.7930905,0.06527145,1.130371,0.01647024,4,12
19.77327,0.7978896,0.06519477,1.13027,0.01575787,4,12
19.77826,0.8028796,0.0651805,1.130282,0.01619923,4,12
19.78258,0.8071993,0.06516736,1.130293,0.01662406,4,12
19.78729,0.8119095,0.0651537,1.130305,0.01708747,4,12
19.79244,0.8170604,0.06513809,1.130321,0.01764937,4,12
19.79821,0.8228287,0.06512474,1.130337,0.01816267,4,12
19.80296,0.8275747,0.06511349,1.130351,0.01862314,4,12
19.80683,0.8314489,0.06510469,1.130363,0.01900487,4,12
19.81181,0.8364267,0.06509326,1.13038,0.01953592,4,12
19.81643,0.8410439,0.06508498,1.130394,0.01995,4,12
19.8211,0.845716,0.0650764,1.130409,0.02041246,4,12
19.82504,0.8496576,0.06506987,1.130423,0.02079262,4,12
19.82969,0.8543111,0.06506263,1.130439,0.0212507,4,12
19.83409,0.8587038,0.06515551,1.130416,0.02314816,4,12
19.83997,0.8645849,0.06529041,1.12984,0.01863656,4,12
19.84591,0.870531,0.06529043,1.129823,0.01904837,4,12
19.85132,0.8759336,0.06529131,1.129807,0.01948164,4,12
19.85864,0.8832601,0.06563354,1.128891,0.0204747,4,12
19.86551,0.8901294,0.06554189,1.128533,0.02040881,4,12
19.87144,0.8960566,0.06551504,1.128394,0.02025525,4,12
19.87844,0.9030574,0.06551374,1.128188,0.02046226,4,12
19.88379,0.9084105,0.06561292,1.128311,0.02025243,4,12
19.88984,0.9144629,0.06571187,1.128435,0.02011822,4,12
19.89617,0.9207846,0.06570848,1.128489,0.02004955,4,12
19.90187,0.9264922,0.06573255,1.128469,0.02005589,4,12
19.90793,0.9325492,0.06576125,1.128445,0.02006346,4,12
19.91399,0.938605,0.06552479,1.1285,0.01988904,4,12
19.91933,0.9439463,0.06550112,1.128496,0.01986131,4,12
19.92492,0.949538,0.06545349,1.128634,0.01964772,4,12
19.93033,0.9549482,0.06543086,1.128801,0.01937808,4,12
19.93649,0.9611023,0.06540136,1.128864,0.01925462,4,12
19.94223,0.9668472,0.06544129,1.128832,0.01904235,4,12
19.94792,0.972534,0.06548077,1.128818,0.01882478,4,12
19.95404,0.9786559,0.06548048,1.12885,0.0186372,4,12
19.95883,0.983445,0.06548331,1.128787,0.01840311,4,12
19.96414,0.9887586,0.06545067,1.128753,0.01817808,4,12
19.96874,0.993355,0.0654441,1.128751,0.01801412,4,12
19.97376,0.9983774,0.06549445,1.128791,0.01778641,4,12
19.97964,1.004252,0.06552935,1.128771,0.01755603,4,12
19.98448,1.009092,0.06554133,1.128771,0.01736961,4,12
19.98955,1.01416,0.06550926,1.128742,0.01708754,4,12
19.99509,1.019708,0.06551231,1.128734,0.0168368,4,12
20.00035,1.024962,0.06538257,1.128673,0.01654433,4,12
20.00585,1.030468,0.06530069,1.128667,0.01613041,4,12
20.01218,1.036795,0.06525124,1.128647,0.0157681,4,12
20.01831,1.042927,0.06512731,1.128788,0.01522608,4,12
20.02364,1.048255,0.06505716,1.128943,0.01471953,4,12
20.02985,1.054467,0.06498904,1.129,0.0142856,4,12
20.03477,1.059384,0.06491595,1.129181,0.01379852,4,12
20.04053,1.065143,0.06476638,1.129214,0.01316461,4,12
20.04573,1.07034,0.06452324,1.129296,0.01256079,4,12
20.05007,1.074678,0.06442315,1.129352,0.01216249,4,12
20.05516,1.079777,0.06416734,1.129383,0.01157008,4,12
20.06236,1.086973,0.06397256,1.129459,0.01092291,4,12
20.0668,1.091416,0.06384262,1.129633,0.01027186,4,12
20.07254,1.097149,0.06361922,1.129725,0.009418875,4,12
20.07954,1.104149,0.06341569,1.129829,0.008661695,4,12
20.08426,1.108869,0.06330317,1.129995,0.007864408,4,12
20.08937,1.113978,0.06307772,1.130049,0.006983742,4,12
20.09537,1.119981,0.06287025,1.130157,0.006116156,4,12
20.10081,1.125425,0.06258027,1.130124,0.005261619,4,12
20.10586,1.130472,0.06236732,1.130157,0.004381269,4,12
20.1126,1.137215,0.06209353,1.130212,0.003050238,4,12
20.11768,1.14229,0.06191951,1.130256,0.002306897,4,12
20.1233,1.147912,0.0616946,1.130355,0.001148339,4,12
20.12888,1.153491,0.06148476,1.130417,0.0001925677,4,12
20.13437,1.158988,0.06131392,1.130583,-0.00117632,4,12
20.14064,1.165252,0.06095267,1.130683,-0.002498828,4,12
20.14635,1.170959,0.06061179,1.13076,-0.003814772,4,12
20.15169,1.176303,0.06034123,1.130844,-0.005019307,4,12
20.15756,1.182175,0.06002497,1.130913,-0.006338701,4,12
20.16362,1.188231,0.05971368,1.130979,-0.007859401,4,12
20.16911,1.193718,0.05944249,1.131047,-0.009107322,4,12
20.1744,1.199012,0.05925217,1.131033,-0.01054632,4,12
20.18017,1.204787,0.05903901,1.131153,-0.0120703,4,12
20.18521,1.209829,0.05882462,1.131209,-0.01329968,4,12
20.19105,1.215664,0.05841836,1.131221,-0.01510647,4,12
20.19789,1.222504,0.05815613,1.131217,-0.0168699,4,12
20.20297,1.22758,0.05792369,1.131241,-0.01822613,4,12
20.20794,1.232558,0.0577339,1.131132,-0.01968363,4,12
20.21402,1.238636,0.0574564,1.131122,-0.02144735,4,12
20.2193,1.243911,0.05725794,1.13111,-0.02274191,4,12
20.22379,1.248406,0.05707682,1.131096,-0.02394937,4,12
20.22986,1.254476,0.05652489,1.131321,-0.02613103,4,12
20.23748,1.262093,0.05614993,1.131341,-0.02842151,4,12
20.24324,1.267853,0.05649642,1.131042,-0.02709385,4,12
20.24897,1.273583,0.05589038,1.130664,-0.0318059,4,12
20.2535,1.278108,0.05563476,1.130575,-0.03366411,4,12
20.25936,1.283975,0.05530962,1.130122,-0.03619054,4,12
20.26514,1.289752,0.05512888,1.129841,-0.03815458,4,12
20.26956,1.294169,0.05492407,1.129678,-0.03984638,4,12
20.27441,1.299021,0.05493882,1.129684,-0.04156289,4,12
20.28083,1.305445,0.05490971,1.129785,-0.04356067,4,12
20.2857,1.310307,0.05478616,1.129707,-0.04530489,4,12
20.29169,1.316301,0.05459983,1.129802,-0.04751325,4,12
20.29735,1.321962,0.0543982,1.129793,-0.04931081,4,12
20.30171,1.326318,0.05427714,1.129762,-0.0508578,4,12
20.30688,1.331491,0.05421083,1.129888,-0.05281608,4,12
20.31272,1.337326,0.05411243,1.129987,-0.0551912,4,12
20.31818,1.342786,0.05401502,1.130006,-0.05698441,4,12
20.32358,1.348187,0.05396508,1.130165,-0.05929139,4,12
20.32894,1.353544,0.05379099,1.130393,-0.06137355,4,12
20.33382,1.358429,0.05368602,1.130493,-0.06341746,4,12
20.33982,1.36443,0.05353185,1.130598,-0.06561784,4,12
20.34532,1.369933,0.05342254,1.130699,-0.06774899,4,12
20.35033,1.374942,0.05324301,1.130765,-0.06993388,4,12
20.35632,1.380928,0.0533081,1.130879,-0.07207138,4,12
20.36207,1.386677,0.05324075,1.130975,-0.07427427,4,12
20.36732,1.391929,0.05320949,1.130982,-0.07629899,4,12
20.37252,1.397132,0.05322713,1.130981,-0.07843476,4,12
20.37824,1.402846,0.05319907,1.131032,-0.08050157,4,12
20.38399,1.408598,0.05332869,1.130983,-0.08271351,4,12
20.38917,1.413784,0.05336541,1.130847,-0.08458205,4,12
20.3955,1.420115,0.05339639,1.13083,-0.08715808,4,12
20.40137,1.425981,0.05343027,1.130813,-0.08921745,4,12
20.40691,1.431522,0.0534729,1.130794,-0.09130497,4,12
20.4136,1.438215,0.05359874,1.130713,-0.09186842,4,12
20.41886,1.443472,0.05364136,1.130691,-0.09338753,4,12
20.42374,1.448349,0.05368692,1.130659,-0.09725389,4,12
20.42994,1.45455,0.05362091,1.130593,-0.09990749,4,12
20.43476,1.459365,0.05364955,1.130561,-0.102185,4,12
20.44039,1.465,0.05369309,1.130474,-0.1039174,4,12
20.44622,1.470833,0.05372221,1.130456,-0.105944,4,12
20.45095,1.475555,0.05376061,1.130422,-0.1079587,4,12
20.45642,1.481027,0.05390212,1.130404,-0.1095932,4,12
20.46297,1.487574,0.05399178,1.130368,-0.1120539,4,12
20.46738,1.491993,0.05414714,1.130348,-0.1133885,4,12
20.47252,1.49713,0.05431725,1.130276,-0.11521,4,12
20.47922,1.503828,0.05445817,1.130233,-0.1174285,4,12
20.48449,1.509095,0.054625,1.130167,-0.1190882,4,12
20.48993,1.514534,0.05487764,1.130164,-0.1206916,4,12
20.49618,1.520786,0.05519705,1.130191,-0.1226459,4,12
20.50144,1.526048,0.05537175,1.130179,-0.1241623,4,12
20.50712,1.53172,0.05579964,1.130204,-0.1257576,4,12
20.51329,1.537899,0.05618968,1.130285,-0.1275483,4,12
20.5189,1.543506,0.0564448,1.130299,-0.1290236,4,12
20.52523,1.549832,0.05671814,1.130457,-0.1306589,4,12
20.53126,1.555863,0.05701545,1.130572,-0.1323587,4,12
20.53691,1.561518,0.05727132,1.130628,-0.1338072,4,12
20.54198,1.566586,0.05752562,1.130681,-0.1352229,4,12
20.54736,1.57196,0.05780768,1.130711,-0.1358841,4,12
20.55318,1.577783,0.05812502,1.130768,-0.1374393,4,12
20.55927,1.583877,0.05838484,1.13068,-0.1383663,4,12
20.56542,1.590028,0.05861465,1.130647,-0.139405,4,12
20.57032,1.594923,0.05886439,1.130654,-0.1405409,4,12
20.57616,1.600766,0.05904073,1.130563,-0.1413713,4,12
20.58343,1.608033,0.05928933,1.130339,-0.1423913,4,12
20.58946,0.0060327,0.05953515,1.130136,-0.143067,5,13
20.59544,0.0120098,0.05980457,1.130023,-0.1441264,5,13
20.60095,0.0175201,0.06015934,1.129831,-0.1444262,5,13
20.6062,0.0227705,0.06053322,1.129699,-0.1448075,5,13
20.61185,0.0284186,0.06086087,1.12956,-0.1455838,5,13
20.61668,0.0332533,0.06110724,1.129445,-0.1456395,5,13
20.62149,0.0380568,0.0613861,1.129339,-0.1457501,5,13
20.62605,0.0426192,0.0616366,1.129233,-0.1461461,5,13
20.63174,0.0483109,0.06197948,1.129113,-0.146297,5,13
20.63808,0.0546481,0.06226093,1.129089,-0.1463249,5,13
20.6448,0.0613666,0.06261664,1.128974,-0.1466719,5,13
20.64997,0.0665358,0.06293493,1.129111,-0.1465249,5,13
20.65553,0.072101,0.0633791,1.129219,-0.1463795,5,13
20.66206,0.0786317,0.06374578,1.129213,-0.1464935,5,13
20.66752,0.0840946,0.06412683,1.129325,-0.1461088,5,13
20.6729,0.0894702,0.06449899,1.129437,-0.1456888,5,13
20.67982,0.0963867,0.06487109,1.129562,-0.1452543,5,13
20.68533,0.101898,0.06520872,1.129623,-0.1450681,5,13
20.69067,0.1072427,0.0655499,1.129799,-0.1444236,5,13
20.69875,0.1153214,0.06602655,1.130025,-0.1436193,5,13
20.70575,0.1223224,0.06649903,1.13029,-0.1427378,5,13
20.71181,0.1283756,0.06691719,1.130461,-0.14216,5,13
20.71738,0.1339499,0.06724131,1.130592,-0.1417133,5,13
20.72313,0.1396965,0.06768782,1.13087,-0.1407015,5,13
20.72895,0.1455193,0.06807569,1.131044,-0.1400951,5,13
20.73459,0.1511571,0.06798901,1.130998,-0.1393906,5,13
20.74021,0.1567754,0.06826729,1.131122,-0.1388478,5,13
20.74665,0.1632132,0.06920311,1.131608,-0.1360217,5,13
20.75167,0.1682386,0.06962655,1.131813,-0.1349973,5,13
20.75664,0.1732044,0.07009375,1.131969,-0.1339268,5,13
20.76137,0.1779314,0.07049376,1.132145,-0.13298,5,13
20.76649,0.1830594,0.07083797,1.132452,-0.131717,5,13
20.77081,0.1873743,0.07109029,1.13258,-0.1304736,5,13
20.77522,0.191781,0.07138813,1.132731,-0.1295939,5,13
20.78065,0.1972173,0.07169121,1.132903,-0.1281628,5,13
20.78595,0.2025136,0.07205265,1.133086,-0.1269844,5,13
20.79191,0.2084725,0.07248648,1.133353,-0.1251669,5,13
20.79804,0.2146072,0.07296707,1.133667,-0.1235019,5,13
20.80292,0.2194842,0.07333218,1.13387,-0.122256,5,13
20.80814,0.2247082,0.0737813,1.133986,-0.1205338,5,13
20.81441,0.2309761,0.07426578,1.13419,-0.1184405,5,13
20.81946,0.236023,0.07461952,1.134353,-0.1171439,5,13
20.82412,0.2406835,0.07481545,1.13447,-0.1155618,5,13
20.82943,0.2459971,0.07516976,1.134794,-0.1139737,5,13
20.8341,0.2506664,0.07552563,1.134999,-0.1124912,5,13
20.83937,0.2559321,0.07580511,1.135181,-0.1106879,5,13
20.84549,0.2620539,0.07623605,1.13543,-0.1087593,5,13
20.85051,0.2670788,0.07648447,1.135689,-0.1069009,5,13
20.8554,0.2719627,0.07678287,1.135877,-0.1054755,5,13
20.86053,0.2770969,0.07700828,1.13604,-0.1036112,5,13
20.86542,0.281983,0.07732174,1.136235,-0.102019,5,13
20.87012,0.2866903,0.0776301,1.136422,-0.10049,5,13
20.87498,0.2915468,0.07798687,1.136635,-0.09876406,5,13
20.88411,0.3006747,0.07845011,1.136655,-0.09546041,5,13
20.88875,0.3053107,0.07876813,1.136803,-0.09388538,5,13
20.89414,0.3107007,0.07916925,1.136985,-0.09194922,5,13
20.89989,0.3164535,0.07955743,1.137156,-0.09012532,5,13
20.90572,0.3222862,0.07868008,1.136327,-0.09198205,5,13
20.91108,0.32764,0.07898696,1.136423,-0.09028929,5,13
20.91742,0.3339794,0.07941166,1.135974,-0.08740789,5,13
20.92252,0.339081,0.08041223,1.135823,-0.08071846,5,13
20.92846,0.3450284,0.0809425,1.135803,-0.07753016,5,13
20.9335,0.3500594,0.08123658,1.135772,-0.07443985,5,13
20.9392,0.3557595,0.08168824,1.135747,-0.07159276,5,13
20.94464,0.3612059,0.08222364,1.135715,-0.06835365,5,13
20.95097,0.3675382,0.08237504,1.135761,-0.0662734,5,13
20.95726,0.3738228,0.08193649,1.135868,-0.06752738,5,13
20.96396,0.3805237,0.08231387,1.135795,-0.06317882,5,13
20.96947,0.3860377,0.08263282,1.135772,-0.06055812,5,13
20.97534,0.3919038,0.08280765,1.135618,-0.05765785,5,13
20.98199,0.3985594,0.08293016,1.13539,-0.05524239,5,13
20.98616,0.4027282,0.08312157,1.135314,-0.05336952,5,13
20.99064,0.4072065,0.08326326,1.135073,-0.05163748,5,13
20.99673,0.4132985,0.08352058,1.134922,-0.04918846,5,13
21.00164,0.4182003,0.08375549,1.134785,-0.04707882,5,13
21.00617,0.4227327,0.08397707,1.134657,-0.04518309,5,13
21.01201,0.428579,0.08406079,1.134423,-0.0428491,5,13
21.01804,0.434605,0.08431761,1.134241,-0.04058084,5,13
21.02302,0.4395818,0.08456358,1.134068,-0.03851667,5,13
21.0288,0.4453687,0.08417957,1.134291,-0.04148896,5,13
21.03547,0.4520411,0.08442707,1.13411,-0.03921434,5,13
21.04201,0.4585795,0.08463974,1.133788,-0.03578205,5,13
21.04709,0.4636529,0.08482222,1.133635,-0.03397866,5,13
21.05244,0.4690069,0.0850419,1.133453,-0.03192393,5,13
21.05782,0.4743866,0.08568944,1.132997,-0.02617828,5,13
21.06415,0.4807156,0.08551958,1.133077,-0.02696786,5,13
21.06919,0.485761,0.0857221,1.132914,-0.02506555,5,13
21.07489,0.491461,0.08597057,1.132502,-0.02119163,5,13
21.08085,0.497418,0.08601732,1.132238,-0.01933859,5,13
21.08509,0.5016573,0.08616818,1.132048,-0.01756902,5,13
21.0906,0.507165,0.08625377,1.131803,-0.01593798,5,13
21.0974,0.5139676,0.08637705,1.131426,-0.01421827,5,13
21.10203,0.5185995,0.0865127,1.131192,-0.01258839,5,13
21.10757,0.5241407,0.08660285,1.13091,-0.01115197,5,13
21.11386,0.5304209,0.08682287,1.130602,-0.009232182,5,13
21.12028,0.5368483,0.08699708,1.130306,-0.007409316,5,13
21.12568,0.5422481,0.0871724,1.130016,-0.005669888,5,13
21.13193,0.5484948,0.08741743,1.130146,-0.004356042,5,13
21.13722,0.5537819,0.08757953,1.129981,-0.002980798,5,13
21.14212,0.5586837,0.08775117,1.129809,-0.001573976,5,13
21.14832,0.5648817,0.08797918,1.129584,0.0002242886,5,13
21.15459,0.5711508,0.08825377,1.129457,0.001607597,5,13
21.16155,0.5781141,0.08833639,1.129637,0.001033332,5,13
21.16672,0.5832877,0.08864846,1.129547,0.003232624,5,13
21.17196,0.588528,0.08880578,1.129676,0.004425753,5,13
21.1774,0.5939701,0.08898976,1.129626,0.005644567,5,13
21.18344,0.6000113,0.08909794,1.129835,0.00653968,5,13
21.18912,0.6056827,0.089286,1.129838,0.007789768,5,13
21.19473,0.6113026,0.08935788,1.129897,0.008591797,5,13
21.201,0.617566,0.08931217,1.130054,0.009262338,5,13
21.20626,0.6228259,0.08923601,1.130155,0.00989816,5,13
21.21152,0.6280822,0.08931005,1.130218,0.01087133,5,13
21.21744,0.6340066,0.08930163,1.130234,0.01149121,5,13
21.22279,0.6393574,0.08933172,1.130231,0.01206136,5,13
21.22808,0.644645,0.089381,1.130268,0.01284163,5,13
21.23342,0.6499828,0.08942458,1.130212,0.01341423,5,13
21.23927,0.6558367,0.08954797,1.130182,0.0139117,5,13
21.24483,0.661395,0.08961886,1.130188,0.01461353,5,13
21.24986,0.6664232,0.08968963,1.130108,0.01495268,5,13
21.25526,0.6718287,0.08978327,1.129951,0.0154697,5,13
21.26307,0.6796379,0.08986055,1.129771,0.01614245,5,13
21.26768,0.6842517,0.08992012,1.129704,0.01660946,5,13
21.27337,0.6899399,0.09005757,1.129594,0.01700439,5,13
21.28071,0.6972816,0.09019587,1.129477,0.01741876,5,13
21.28509,0.7016575,0.09027106,1.129408,0.01777804,5,13
21.29044,0.707006,0.09032669,1.129267,0.01803581,5,13
21.29787,0.7144443,0.09034304,1.129018,0.0183718,5,13
21.30332,0.7198872,0.09040563,1.128888,0.01873027,5,13
21.30865,0.7252221,0.09040826,1.128674,0.01889372,5,13
21.31493,0.7315029,0.09048814,1.128461,0.01913938,5,13
21.32102,0.7375896,0.09054374,1.128302,0.01942794,5,13
21.32817,0.7447372,0.0906354,1.128111,0.01956267,5,13
21.33321,0.7497821,0.0906634,1.127955,0.01953284,5,13
21.33922,0.7557942,0.09067161,1.127792,0.01952089,5,13
21.34542,0.7619914,0.09071871,1.127614,0.01966931,5,13
21.35054,0.7671135,0.09066924,1.127488,0.01961373,5,13
21.35625,0.7728264,0.09059582,1.127392,0.01958226,5,13
21.36241,0.7789789,0.09056659,1.127308,0.01953155,5,13
21.36773,0.7843065,0.09055795,1.127193,0.01955936,5,13
21.37272,0.7892907,0.09052341,1.127167,0.01943981,5,13
21.37909,0.7956612,0.09046073,1.127151,0.01927187,5,13
21.38458,0.8011566,0.09043353,1.127079,0.01922225,5,13
21.39003,0.8066002,0.09033882,1.127097,0.01902518,5,13
21.39549,0.8120607,0.09029093,1.127042,0.01893144,5,13
21.40122,0.8177875,0.09016683,1.127068,0.01868487,5,13
21.4065,0.8230667,0.09003587,1.127063,0.01848125,5,13
21.41307,0.829637,0.08990888,1.127036,0.01817466,5,13
21.41832,0.8348852,0.08983348,1.127014,0.018021,5,13
21.42285,0.8394189,0.08976342,1.126993,0.01787821,5,13
21.42856,0.8451281,0.08971179,1.127009,0.01751042,5,13
21.43405,0.8506163,0.08962849,1.126991,0.01728552,5,13
21.43982,0.8563868,0.08968784,1.127089,0.01703858,5,13
21.44545,0.8620201,0.08957212,1.127118,0.01643605,5,13
21.45079,0.8673593,0.08949392,1.127128,0.01609067,5,13
21.45624,0.8728128,0.08935966,1.127151,0.01565135,5,13
21.46161,0.8781869,0.0892714,1.127163,0.01529714,5,13
21.46732,0.8838917,0.08921611,1.127261,0.01477754,5,13
21.47232,0.8888951,0.08913775,1.127333,0.01427878,5,13
21.47884,0.8954146,0.08905026,1.127378,0.01382291,5,13
21.48485,0.9014268,0.0889442,1.12748,0.01317704,5,13
21.48977,0.9063449,0.08885799,1.127591,0.01257605,5,13
21.49566,0.912229,0.08875775,1.127671,0.01198732,5,13
21.50169,0.9182655,0.0886541,1.127772,0.01128463,5,13
21.50661,0.9231828,0.08852816,1.127855,0.01069157,5,13
21.51284,0.929414,0.08840657,1.127992,0.009774894,5,13
21.51794,0.9345121,0.08832475,1.128065,0.009257346,5,13
21.52279,0.9393609,0.0882386,1.128143,0.0087092,5,13
21.52856,0.9451284,0.08816641,1.128369,0.00791537,5,13
21.53372,0.9502956,0.08807233,1.128562,0.00698559,5,13
21.53965,0.9562171,0.08791714,1.128638,0.006142367,5,13
21.54837,0.9649447,0.0877506,1.128824,0.004971679,5,13
21.55371,0.9702755,0.08755736,1.129066,0.003762152,5,13
21.55979,0.9763607,0.08743031,1.129214,0.002885278,5,13
21.56537,0.981939,0.08719036,1.129376,0.001960099,5,13
21.56989,0.9864587,0.08707432,1.129493,0.001257174,5,13
21.57464,0.9912101,0.08694571,1.129623,0.000472676,5,13
21.58058,0.9971479,0.08680366,1.129766,-0.0004004501,5,13
21.58601,1.002578,0.08695427,1.130029,-0.0005586632,5,13
21.59113,1.007699,0.08674069,1.130361,-0.001955684,5,13
21.59707,1.013641,0.08633047,1.130866,-0.004543893,5,13
21.60235,1.018922,0.08614533,1.131117,-0.005796336,5,13
21.60762,1.024192,0.08592284,1.131408,-0.007421732,5,13
21.61263,1.029198,0.08573542,1.131698,-0.008902572,5,13
21.61821,1.034786,0.08555802,1.131948,-0.01019608,5,13
21.62354,1.040116,0.0853201,1.132265,-0.01162558,5,13
21.62833,1.044898,0.08514241,1.132514,-0.01287674,5,13
21.6335,1.050077,0.08501259,1.132843,-0.01445511,5,13
21.63879,1.055362,0.08486491,1.132949,-0.01584527,5,13
21.64354,1.060114,0.08470001,1.133183,-0.01722117,5,13
21.64919,1.065767,0.08456995,1.133344,-0.01885115,5,13
21.65448,1.071048,0.08444597,1.133509,-0.02069555,5,13
21.66071,1.07728,0.08429249,1.133723,-0.02233432,5,13
21.66604,1.082613,0.08423031,1.133763,-0.02410392,5,13
21.6714,1.08797,0.08415451,1.133723,-0.02609586,5,13
21.67717,1.093745,0.08404884,1.133827,-0.02774113,5,13
21.68292,1.099489,0.08405827,1.133775,-0.02973552,5,13
21.68804,1.10461,0.08406274,1.133665,-0.03149602,5,13
21.69279,1.109365,0.0840058,1.133687,-0.03331341,5,13
21.69925,1.115818,0.08394212,1.133579,-0.03532388,5,13
21.70388,1.120454,0.08386359,1.133491,-0.03707001,5,13
21.70915,1.125718,0.08380362,1.133458,-0.03888381,5,13
21.7152,1.131773,0.0837342,1.133416,-0.04111022,5,13
21.72049,1.137062,0.08365411,1.133225,-0.04303893,5,13
21.72587,1.142441,0.08359596,1.133155,-0.04492982,5,13
21.73157,1.148143,0.08353406,1.133073,-0.0470738,5,13
21.73678,1.153352,0.08348642,1.133003,-0.04883458,5,13
21.74244,1.159009,0.08334225,1.133068,-0.04867842,5,13
21.74834,1.164914,0.08327423,1.133005,-0.05049226,5,13
21.75374,1.170313,0.08287942,1.133158,-0.05301065,5,13
21.75942,1.175988,0.08237297,1.133062,-0.05819942,5,13
21.76484,1.181404,0.0821903,1.133014,-0.06066252,5,13
21.77071,1.18728,0.08162763,1.132713,-0.06409383,5,13
21.77696,1.193527,0.08137234,1.132609,-0.06682985,5,13
21.78285,1.199423,0.08126146,1.132487,-0.06640344,5,13
21.78856,1.205127,0.08080821,1.132254,-0.07074131,5,13
21.79406,1.210626,0.08051386,1.132106,-0.07365008,5,13
21.8005,1.217068,0.08014783,1.131708,-0.0764772,5,13
21.80526,1.221831,0.0799126,1.13154,-0.07874739,5,13
21.81039,1.22696,0.07963814,1.131334,-0.08147323,5,13
21.81639,1.232962,0.07946291,1.131323,-0.08378267,5,13
21.82211,1.238682,0.07939047,1.131602,-0.08338754,5,13
21.82707,1.243638,0.07918655,1.131513,-0.08534731,5,13
21.83275,1.249319,0.07846943,1.131385,-0.09042329,5,13
21.83926,1.255826,0.07797594,1.131347,-0.09333897,5,13
21.84409,1.260657,0.07766768,1.131273,-0.09575966,5,13
21.84957,1.266136,0.0773285,1.131188,-0.09849896,5,13
21.85528,1.271848,0.07703227,1.13135,-0.1007627,5,13
21.86137,1.277936,0.07670942,1.131315,-0.1034529,5,13
21.86701,1.283582,0.07649253,1.13139,-0.1058441,5,13
21.87244,1.289011,0.07625236,1.131478,-0.1083503,5,13
21.87831,1.29488,0.07600152,1.131492,-0.1107905,5,13
21.88416,1.30073,0.07574448,1.131506,-0.1134164,5,13
21.88978,1.306348,0.07550238,1.131664,-0.1157675,5,13
21.89571,1.31228,0.07559235,1.131734,-0.1160499,5,13
21.90175,1.318317,0.0754126,1.131776,-0.1181104,5,13
21.90722,1.323793,0.07524651,1.131817,-0.1201275,5,13
21.91346,1.330032,0.07458542,1.132272,-0.1257772,5,13
21.91967,1.336236,0.07432649,1.132409,-0.1285126,5,13
21.92506,1.341633,0.07415765,1.132862,-0.1306904,5,13
21.93033,1.346901,0.07393033,1.133071,-0.133343,5,13
21.93649,1.353055,0.07363053,1.13346,-0.135431,5,13
21.94152,1.358094,0.07328507,1.133621,-0.1371702,5,13
21.94663,1.3632,0.07305874,1.133823,-0.1393158,5,13
21.95221,1.36878,0.07278991,1.134037,-0.1414957,5,13
21.95827,1.374844,0.07253583,1.134226,-0.1434518,5,13
21.96375,1.380319,0.07230413,1.13443,-0.1456379,5,13
21.96894,1.385509,0.07215063,1.134697,-0.1474203,5,13
21.97366,1.390234,0.07191069,1.134957,-0.1490993,5,13
21.97968,1.396245,0.07166868,1.135055,-0.1508198,5,13
21.9853,1.401866,0.071447,1.135253,-0.1528416,5,13
21.99114,1.407711,0.07125334,1.135375,-0.1547709,5,13
21.99665,1.413217,0.07113904,1.135517,-0.1561368,5,13
22.00207,1.418637,0.0709703,1.135674,-0.1578943,5,13
22.0075,1.424072,0.07084496,1.135989,-0.1593555,5,13
22.01301,1.429583,0.07069654,1.136286,-0.1608804,5,13
22.0193,1.435874,0.07054619,1.13651,-0.1625975,5,13
22.025,1.441574,0.07045635,1.136819,-0.163929,5,13
22.0303,1.446867,0.07027567,1.13727,-0.1651451,5,13
22.03743,1.454001,0.07011912,1.137611,-0.1668933,5,13
22.04247,1.459042,0.07000743,1.137871,-0.1682326,5,13
22.04853,1.465097,0.06973399,1.138001,-0.1686615,5,13
22.055,1.471571,0.0695521,1.13831,-0.1702016,5,13
22.0632,1.479765,0.06976926,1.138746,-0.1709753,5,13
22.07027,0.0070735,0.06970539,1.139093,-0.1723129,7,14
22.07645,0.0132508,0.06966089,1.139367,-0.1733721,7,14
22.08107,0.0178747,0.06947204,1.139724,-0.173522,7,14
22.08566,0.0224674,0.06941717,1.139961,-0.1742635,7,14
22.09039,0.027191,0.0691933,1.139826,-0.1732325,7,14
22.09636,0.0331648,0.0689798,1.140224,-0.1737192,7,14
22.10273,0.0395299,0.068837,1.140539,-0.1743914,7,14
22.10814,0.0449413,0.06882901,1.140845,-0.1742551,7,14
22.11397,0.0507684,0.06880186,1.141235,-0.1740369,7,14
22.12017,0.0569765,0.06872346,1.141547,-0.1742968,7,14
22.12611,0.0629134,0.06871755,1.141858,-0.1737985,7,14
22.13204,0.06883869,0.06864662,1.142222,-0.1739017,7,14
22.13844,0.07524049,0.06855557,1.142428,-0.1726169,7,14
22.14398,0.08078149,0.0684925,1.142703,-0.1724094,7,14
22.14894,0.08574609,0.06843544,1.142953,-0.1722215,7,14
22.15317,0.08997019,0.06856946,1.143206,-0.1713315,7,14
22.15902,0.09582338,0.06864431,1.143757,-0.1704562,7,14
22.16446,0.1012657,0.06864013,1.144091,-0.1700013,7,14
22.1688,0.1056049,0.06863686,1.144362,-0.1696334,7,14
22.17348,0.1102821,0.06863311,1.144684,-0.1691964,7,14
22.17812,0.114917,0.0688187,1.145185,-0.1682258,7,14
22.18254,0.1193361,0.06883905,1.145492,-0.1677748,7,14
22.18704,0.123845,0.06885975,1.145804,-0.1673191,7,14
22.19442,0.1312181,0.06902278,1.14658,-0.165825,7,14
22.19944,0.1362438,0.06873887,1.146196,-0.1654008,7,14
22.2041,0.1409038,0.06874461,1.146476,-0.1648694,7,14
22.20837,0.1451695,0.0687501,1.146734,-0.1643787,7,14
22.2129,0.1497059,0.06875667,1.147035,-0.1638089,7,14
22.21777,0.1545761,0.06876266,1.147303,-0.1633052,7,14
22.22244,0.1592417,0.06873088,1.149171,-0.1588172,7,14
22.22717,0.1639695,0.06873477,1.149656,-0.1577912,7,14
22.23137,0.1681711,0.06873985,1.150195,-0.1566551,7,14
22.23696,0.17376,0.06855717,1.149389,-0.157311,7,14
22.24113,0.1779276,0.06854632,1.149724,-0.156521,7,14
22.24569,0.1824934,0.06853523,1.150084,-0.1556735,7,14
22.25065,0.1874514,0.06852227,1.150532,-0.1546245,7,14
22.25583,0.192635,0.06831817,1.152289,-0.149007,7,14
22.26048,0.1972868,0.06828929,1.152825,-0.1475819,7,14
22.26512,0.2019261,0.06812006,1.152227,-0.1480822,7,14
22.27019,0.2069914,0.06807232,1.152693,-0.1467156,7,14
22.27477,0.2115724,0.06802777,1.153145,-0.1453925,7,14
22.28083,0.2176322,0.06790678,1.153177,-0.1436566,7,14
22.28658,0.2233776,0.06784761,1.153639,-0.142087,7,14
22.29213,0.2289283,0.0675699,1.153864,-0.1397852,7,14
22.29854,0.2353436,0.06747785,1.154302,-0.1380589,7,14
22.30428,0.2410795,0.06693292,1.155008,-0.133075,7,14
22.30936,0.2461637,0.06677246,1.155431,-0.1309619,7,14
22.31545,0.2522564,0.06656785,1.155988,-0.128165,7,14
22.32187,0.2586713,0.06635562,1.155816,-0.1268336,7,14
22.32667,0.2634694,0.06620353,1.156084,-0.1250404,7,14
22.33291,0.2697187,0.06592844,1.156165,-0.1225764,7,14
22.33841,0.2752097,0.06561785,1.156134,-0.1206506,7,14
22.3434,0.2802092,0.06541943,1.156295,-0.1187816,7,14
22.3492,0.2860009,0.0652016,1.156407,-0.1164105,7,14
22.35491,0.2917176,0.06502208,1.156514,-0.1141996,7,14
22.36018,0.2969828,0.06485188,1.156633,-0.112379,7,14
22.36604,0.3028412,0.06455024,1.156556,-0.1100901,7,14
22.37107,0.3078716,0.06434177,1.156633,-0.1080029,7,14
22.37731,0.3141167,0.06412522,1.156709,-0.1057745,7,14
22.38381,0.3206173,0.06387206,1.156498,-0.1032192,7,14
22.38896,0.325767,0.06400397,1.156328,-0.1031771,7,14
22.39575,0.3325598,0.06388927,1.15623,-0.09865196,7,14
22.40132,0.3381274,0.06377759,1.156194,-0.09647362,7,14
22.4079,0.3447107,0.0637526,1.156001,-0.09316659,7,14
22.41394,0.3507479,0.0638504,1.155779,-0.09038897,7,14
22.41947,0.3562794,0.06382507,1.155668,-0.08815672,7,14
22.42595,0.3627611,0.06367417,1.155607,-0.08565195,7,14
22.43211,0.3689224,0.0636257,1.155471,-0.08282849,7,14
22.43832,0.3751306,0.06317598,1.155498,-0.08089943,7,14
22.44332,0.3801292,0.06306537,1.155419,-0.07885081,7,14
22.44911,0.3859144,0.06280841,1.155356,-0.07678248,7,14
22.45397,0.390779,0.06266726,1.155271,-0.07460011,7,14
22.4595,0.3963056,0.06254655,1.15519,-0.07261398,7,14
22.4644,0.401209,0.06232494,1.155101,-0.07086908,7,14
22.47056,0.4073711,0.06204082,1.154861,-0.06823978,7,14
22.47696,0.4137658,0.06180781,1.154693,-0.06603269,7,14
22.48263,0.4194325,0.06164164,1.154562,-0.06388509,7,14
22.48896,0.4257624,0.06139889,1.154443,-0.06159748,7,14
22.49512,0.4319279,0.06120245,1.154288,-0.05903725,7,14
22.50296,0.4397679,0.0611822,1.154348,-0.0588861,7,14
22.50827,0.4450806,0.06103625,1.154175,-0.05501482,7,14
22.51429,0.4511012,0.06087508,1.154227,-0.05241386,7,14
22.51986,0.4566688,0.06075616,1.154165,-0.05039197,7,14
22.52556,0.4623673,0.06048761,1.154221,-0.04847211,7,14
22.53172,0.4685225,0.06029609,1.154171,-0.04577965,7,14
22.5387,0.4755112,0.05976481,1.154331,-0.04417283,7,14
22.54346,0.480272,0.05957418,1.154343,-0.04246688,7,14
22.54974,0.4865482,0.05932876,1.15436,-0.040218,7,14
22.55412,0.4909319,0.0591393,1.154375,-0.03843853,7,14
22.55994,0.4967508,0.05891534,1.154603,-0.0370396,7,14
22.56612,0.5029246,0.05868182,1.154661,-0.03492419,7,14
22.57132,0.5081261,0.05836596,1.155104,-0.03399511,7,14
22.57703,0.5138326,0.05812101,1.155235,-0.03210503,7,14
22.58328,0.5200911,0.05783387,1.155394,-0.02986115,7,14
22.58882,0.5256299,0.05762142,1.155724,-0.02788279,7,14
22.59469,0.5314925,0.05734082,1.155935,-0.02559631,7,14
22.6015,0.5383049,0.05731805,1.156193,-0.02400079,7,14
22.60697,0.5437738,0.05747372,1.156179,-0.024692,7,14
22.61151,0.5483108,0.05734102,1.156324,-0.02336613,7,14
22.61732,0.5541281,0.05718227,1.156546,-0.0202294,7,14
22.62253,0.5593306,0.05704137,1.156723,-0.0184801,7,14
22.62765,0.5644525,0.05708861,1.156709,-0.01693553,7,14
22.6334,0.5702006,0.05710748,1.1568,-0.01524369,7,14
22.6389,0.5756997,0.0570399,1.156932,-0.01366585,7,14
22.64475,0.5815549,0.05716754,1.157054,-0.01221767,7,14
22.65009,0.5868971,0.05730449,1.15705,-0.01093971,7,14
22.65606,0.5928587,0.05731345,1.157187,-0.0091011,7,14
22.66218,0.5989865,0.0573241,1.157318,-0.007453013,7,14
22.66768,0.6044818,0.0573365,1.157449,-0.005888581,7,14
22.67375,0.6105528,0.05752775,1.157196,-0.004563168,7,14
22.67929,0.6160901,0.05756725,1.157277,-0.003154404,7,14
22.68535,0.6221542,0.05777414,1.156775,-0.005036984,7,14
22.69029,0.6270967,0.05782887,1.156793,-0.003932267,7,14
22.69568,0.6324806,0.05851955,1.15648,-6.628782E-05,7,14
22.70123,0.6380385,0.05870842,1.156446,0.001625743,7,14
22.70676,0.6435679,0.05890398,1.15642,0.003335319,7,14
22.71252,0.6493233,0.05915172,1.15612,0.002434812,7,14
22.71915,0.6559552,0.05937157,1.156053,0.003901489,7,14
22.72466,0.6614604,0.05978611,1.155759,0.004296489,7,14
22.73004,0.6668439,0.06044737,1.155401,0.006384648,7,14
22.73587,0.6726731,0.06084415,1.155219,0.008007411,7,14
22.74169,0.6784908,0.06111598,1.154884,0.008882359,7,14
22.74786,0.684663,0.0615037,1.154659,0.01037243,7,14
22.75391,0.6907127,0.06152151,1.154337,0.0103815,7,14
22.75931,0.6961152,0.06175652,1.154141,0.01127032,7,14
22.76533,0.7021303,0.06189171,1.153893,0.01184515,7,14
22.77033,0.7071366,0.06211986,1.153675,0.01270685,7,14
22.77655,0.7133541,0.0621151,1.153436,0.01318705,7,14
22.78192,0.7187219,0.06229906,1.153212,0.01397391,7,14
22.78826,0.7250656,0.06242192,1.153025,0.01408551,7,14
22.79362,0.7304215,0.06259694,1.152807,0.01473147,7,14
22.79957,0.7363719,0.06269342,1.152757,0.01490138,7,14
22.80481,0.7416146,0.06271035,1.152624,0.01512989,7,14
22.81013,0.7469279,0.06282679,1.152464,0.01556608,7,14
22.81458,0.7513819,0.06293497,1.152316,0.01596622,7,14
22.82156,0.7583593,0.06299052,1.152306,0.01602233,7,14
22.8271,0.7639059,0.06309384,1.152178,0.01637023,7,14
22.83315,0.769953,0.06321318,1.152032,0.01676745,7,14
22.83932,0.7761226,0.06322815,1.152151,0.01658756,7,14
22.84415,0.7809504,0.0633055,1.152085,0.01679073,7,14
22.84989,0.7866964,0.0633411,1.152043,0.01678174,7,14
22.86134,0.7981409,0.06333297,1.15174,0.01703043,7,14
22.86696,0.8037661,0.06330093,1.151574,0.01707285,7,14
22.87244,0.8092484,0.06328046,1.151424,0.01710979,7,14
22.87818,0.8149822,0.06329407,1.151309,0.01720745,7,14
22.88425,0.8210508,0.06330276,1.151201,0.01718124,7,14
22.88937,0.826174,0.06332151,1.151172,0.01710447,7,14
22.89424,0.8310452,0.06333561,1.151079,0.01713988,7,14
22.90051,0.8373122,0.06332187,1.151078,0.01703614,7,14
22.9056,0.8424006,0.06321593,1.150994,0.01696084,7,14
22.91055,0.8473524,0.06319588,1.150918,0.01694625,7,14
22.91681,0.8536146,0.06309755,1.150888,0.01684414,7,14
22.92171,0.858519,0.06298932,1.150718,0.01687333,7,14
22.92629,0.86309,0.06294211,1.15064,0.01685796,7,14
22.93134,0.8681484,0.06288403,1.150543,0.01683916,7,14
22.93752,0.8743203,0.06298576,1.150669,0.01665175,7,14
22.94274,0.8795382,0.06296171,1.150622,0.01659835,7,14
22.94827,0.8850765,0.06295528,1.150634,0.01646041,7,14
22.95359,0.8903967,0.06297229,1.150677,0.0162596,7,14
22.95905,0.8958499,0.06296308,1.150665,0.01616284,7,14
22.96475,0.9015557,0.06290476,1.150632,0.01608352,7,14
22.96951,0.9063107,0.06288582,1.150616,0.01599668,7,14
22.97552,0.9123279,0.06292205,1.150686,0.01583115,7,14
22.98155,0.9183543,0.06291315,1.150688,0.01571639,7,14
22.98729,0.9240898,0.06304588,1.150849,0.01551989,7,14
22.99236,0.9291592,0.06312975,1.151001,0.01532633,7,14
22.99988,0.936684,0.06305197,1.151095,0.0151185,7,14
23.00508,0.9418858,0.06304774,1.151271,0.01487445,7,14
23.01073,0.9475291,0.0630514,1.151372,0.01468411,7,14
23.01653,0.9533348,0.06305479,1.151463,0.01451341,7,14
23.02221,0.9590106,0.06320996,1.151804,0.01419245,7,14
23.02733,0.9641339,0.06324115,1.15194,0.014002,7,14
23.03324,0.9700406,0.06329409,1.152077,0.0137678,7,14
23.03947,0.9762736,0.06339442,1.152179,0.0136231,7,14
23.04412,0.9809216,0.06343812,1.152286,0.01346648,7,14
23.04969,0.9864956,0.06349201,1.152417,0.01327353,7,14
23.05576,0.9925567,0.06344672,1.15283,0.01296736,7,14
23.06113,0.9979354,0.06347223,1.15299,0.01278523,7,14
23.06755,1.004347,0.06349605,1.15325,0.01250842,7,14
23.07313,1.009934,0.0636096,1.153557,0.01227909,7,14
23.07972,1.01652,0.06374559,1.15396,0.01201616,7,14
23.08547,1.022272,0.0638183,1.154229,0.0117842,7,14
23.09158,1.028377,0.06382501,1.154442,0.01151604,7,14
23.09743,1.034231,0.06388053,1.15469,0.01128133,7,14
23.1033,1.040101,0.06393248,1.154921,0.01106168,7,14
23.10836,1.045156,0.06396721,1.15508,0.01079188,7,14
23.11366,1.050456,0.06402044,1.155316,0.01054454,7,14
23.12008,1.056879,0.06407613,1.155561,0.01028566,7,14
23.12503,1.061824,0.06408147,1.155255,0.01032658,7,14
23.12963,1.066432,0.06411994,1.155392,0.01015403,7,14
23.1356,1.072399,0.06417365,1.155581,0.009912934,7,14
23.14086,1.077658,0.06421401,1.155723,0.009731602,7,14
23.14718,1.083978,0.0643854,1.155631,0.009235781,7,14
23.15206,1.088856,0.06444199,1.155757,0.009010319,7,14
23.15775,1.094552,0.06449852,1.155883,0.008785095,7,14
23.16309,1.099889,0.06457856,1.155836,0.008207887,7,14
23.16702,1.103812,0.06462233,1.155917,0.008015629,7,14
23.1724,1.109197,0.06471487,1.156062,0.006696768,7,14
23.17865,1.115449,0.06478462,1.156187,0.00624105,7,14
23.18382,1.120613,0.06483065,1.156359,0.004357941,7,14
23.18943,1.126224,0.06472287,1.156298,0.003209636,7,14
23.19592,1.132717,0.06468963,1.156284,0.001932517,7,14
23.20091,1.137712,0.06469411,1.156322,0.001211248,7,14
23.20631,1.143109,0.06462122,1.156344,0.0001450069,7,14
23.21217,1.148964,0.06460679,1.156387,-0.0009129755,7,14
23.21708,1.15388,0.06459679,1.156416,-0.001682926,7,14
23.22296,1.159759,0.0646013,1.156467,-0.003062379,7,14
23.22866,1.165458,0.06455905,1.156462,-0.003692161,7,14
23.23353,1.170326,0.06454591,1.15649,-0.00457884,7,14
23.2395,1.176299,0.06438366,1.156373,-0.007276535,7,14
23.24455,1.181347,0.06433886,1.156363,-0.008536171,7,14
23.24955,1.186349,0.06418039,1.156189,-0.0104344,7,14
23.25467,1.191467,0.06410654,1.156133,-0.01198516,7,14
23.26093,1.197726,0.06403308,1.156072,-0.01356927,7,14
23.26616,1.202965,0.06387043,1.155722,-0.01516726,7,14
23.2719,1.208705,0.06390143,1.155632,-0.01575219,7,14
23.2772,1.214004,0.06384458,1.155541,-0.01694606,7,14
23.2827,1.219501,0.06361826,1.155476,-0.02078813,7,14
23.28785,1.224651,0.06341724,1.155208,-0.02312617,7,14
23.29249,1.229295,0.06328911,1.15506,-0.02526836,7,14
23.29881,1.23561,0.06317199,1.154919,-0.02729605,7,14
23.30447,1.241268,0.06293387,1.154231,-0.02978138,7,14
23.31047,1.24727,0.06277727,1.153929,-0.03230466,7,14
23.31647,1.253268,0.06266714,1.153564,-0.03457525,7,14
23.32179,1.258592,0.06255524,1.153186,-0.03676734,7,14
23.32721,1.264014,0.06243917,1.152874,-0.03899024,7,14
23.33325,1.270054,0.06234083,1.152368,-0.04183306,7,14
23.33883,1.275632,0.06225016,1.151867,-0.0439616,7,14
23.34453,1.281329,0.06215556,1.151464,-0.04632752,7,14
23.34973,1.286528,0.06207636,1.151085,-0.04855062,7,14
23.35562,1.292418,0.06190908,1.150777,-0.05172075,7,14
23.36214,1.298936,0.06182,1.150372,-0.05435662,7,14
23.3673,1.3041,0.06167316,1.150189,-0.05702552,7,14
23.37246,1.309261,0.06145048,1.149981,-0.05984925,7,14
23.37929,1.316083,0.0613238,1.149638,-0.06284405,7,14
23.38449,1.321288,0.06114848,1.149454,-0.06544112,7,14
23.38983,1.326628,0.06086014,1.14915,-0.06812757,7,14
23.39646,1.33326,0.06068103,1.148783,-0.07149551,7,14
23.40239,1.339192,0.06044352,1.148356,-0.0742546,7,14
23.40805,1.344851,0.06036322,1.147911,-0.07704292,7,14
23.41411,1.35091,0.06031241,1.147364,-0.08026265,7,14
23.41968,1.356473,0.06023625,1.147013,-0.08273254,7,14
23.42515,1.361943,0.06020271,1.146627,-0.08552223,7,14
23.43114,1.367935,0.06015004,1.146178,-0.08866586,7,14
23.43694,1.373739,0.05991838,1.145702,-0.09161425,7,14
23.44151,1.378313,0.05984994,1.145364,-0.09389788,7,14
23.44664,1.383435,0.05975967,1.144923,-0.0964811,7,14
23.45087,1.387666,0.05970122,1.144555,-0.09883581,7,14
23.45621,1.393005,0.05968768,1.144137,-0.1012882,7,14
23.46199,1.398786,0.05964917,1.143672,-0.1041906,7,14
23.46652,1.403319,0.05951462,1.143357,-0.1064186,7,14
23.47195,1.408748,0.05951834,1.14287,-0.1093607,7,14
23.47803,1.414829,0.05950181,1.142412,-0.1121758,7,14
23.48245,1.419248,0.05947625,1.141854,-0.1143787,7,14
23.48777,1.424568,0.05942764,1.141108,-0.1167819,7,14
23.49436,1.431155,0.05942682,1.140364,-0.1202417,7,14
23.4995,1.436297,0.05955184,1.139752,-0.122212,7,14
23.50428,1.441078,0.05959759,1.13921,-0.1245109,7,14
23.51481,1.451606,0.05965406,1.137672,-0.1292709,7,14
23.51988,1.456674,0.05971359,1.137082,-0.1314118,7,14
23.52483,1.46162,0.05980384,1.136232,-0.133589,7,14
23.53081,1.467607,0.05971436,1.135006,-0.1360724,7,14
23.53674,1.473537,0.05976685,1.134172,-0.1384611,7,14
23.54146,1.478256,0.05964237,1.133371,-0.1400875,7,14
23.54706,1.483855,0.0596739,1.132656,-0.1421746,7,14
23.55235,1.489147,0.05971396,1.131796,-0.1445337,7,14
23.55743,1.49422,0.05970861,1.131158,-0.1461805,7,14
23.56353,1.500325,0.05960398,1.130217,-0.1484826,7,14
23.56903,1.50582,0.0596178,1.129404,-0.1506212,7,14
23.5745,1.51129,0.05965186,1.128506,-0.1529789,7,14
23.58133,1.518119,0.0594281,1.127476,-0.1548694,7,14
23.58542,1.522212,0.05941534,1.126862,-0.1563555,7,14
23.59,1.526793,0.059411,1.126161,-0.1580511,7,14
23.59501,1.531798,0.05941998,1.125326,-0.1600667,7,14
23.59983,1.536619,0.05943796,1.124665,-0.1616601,7,14
23.60406,1.540855,0.05946492,1.124017,-0.1632228,7,14
23.60841,1.545204,0.05950215,1.123351,-0.1648244,7,14
23.61297,1.549757,0.05955838,1.122566,-0.1667079,7,14
23.61757,1.554363,0.0596122,1.121946,-0.1681932,7,14
23.62281,1.559598,0.05969601,1.121127,-0.1701526,7,14
23.6277,1.564487,0.05978397,1.120388,-0.1719173,7,14
23.63199,1.568778,0.059884,1.119646,-0.1736857,7,14
23.63735,1.574139,0.05999804,1.118889,-0.1754856,7,14
23.64176,1.578552,0.06010971,1.118215,-0.1770847,7,14
23.64633,1.583118,0.06023837,1.117501,-0.178775,7,14
23.65062,1.587409,0.05994727,1.116658,-0.1791184,7,14
23.65556,1.592347,0.05940473,1.120775,-0.1686579,7,14
23.66013,1.59692,0.05942735,1.120267,-0.1697586,7,14
23.66438,1.60117,0.05945372,1.119806,-0.1707553,7,14
23.66864,1.60543,0.05981424,1.114285,-0.1819976,7,14
23.67294,1.609727,0.05992582,1.113226,-0.1842179,7,14
23.68024,1.617024,0.05953759,1.115451,-0.1786709,7,14
23.68559,1.622377,0.05958166,1.114511,-0.1804798,7,14
23.69035,1.627138,0.05963942,1.113566,-0.1822979,7,14
23.69591,1.632696,0.05970637,1.112675,-0.1840142,7,14
23.70071,1.637492,0.05978354,1.111804,-0.1856937,7,14
23.70679,1.643578,0.05974107,1.111536,-0.1854335,7,14
23.71375,1.650529,0.05985378,1.112568,-0.1828235,7,14
23.71947,1.656254,0.05990757,1.112011,-0.1837045,7,14
23.72502,1.661803,0.059978,1.111701,-0.1838484,7,14
23.73075,1.667533,0.05982676,1.111406,-0.1840225,7,14
23.73696,1.673742,0.05983689,1.110942,-0.1846303,7,14
23.74205,1.678833,0.05988461,1.110807,-0.1846664,7,14
23.74794,1.684725,0.05999285,1.110724,-0.1847849,7,14
23.7522,1.68898,0.06002906,1.110459,-0.1851156,7,14
23.75744,1.694228,0.06016681,1.110569,-0.1850931,7,14
23.76273,1.699516,0.06025819,1.110601,-0.1851616,7,14
23.76754,1.704327,0.06032155,1.110469,-0.1853684,7,14
23.77292,1.709707,0.06029535,1.110493,-0.1853809,7,14
23.77876,1.715541,0.06026816,1.110545,-0.1853517,7,14
23.78374,1.720523,0.06029334,1.110488,-0.1854632,7,14
23.7892,1.725988,0.06029649,1.110608,-0.1853764,7,14
23.79435,1.731133,0.06031931,1.110588,-0.1854506,7,14
23.80019,1.736973,0.06031499,1.110792,-0.1853246,7,14
23.80515,1.741937,0.0603,1.110967,-0.1852067,7,14
23.81081,1.747594,0.06030938,1.111043,-0.1851967,7,14
23.81648,1.753264,0.06029552,1.111198,-0.185021,7,14
23.82174,1.758521,0.06026505,1.111285,-0.1848339,7,14
23.8274,1.764182,0.06025924,1.111375,-0.1847492,7,14
23.83307,1.769862,0.06008947,1.111449,-0.1844818,7,14
23.83869,1.775476,0.06010653,1.111544,-0.1841605,7,14
23.84516,1.781947,0.06007335,1.111646,-0.1839557,7,14
23.85212,1.788909,0.06032409,1.111815,-0.1834358,4,14
23.85971,0.0075846,0.06057483,1.111956,-0.1830137,4,15
23.86545,0.0133282,0.06067406,1.111975,-0.1826395,4,15
23.87098,0.0188525,0.06070844,1.111926,-0.1822054,4,15
23.87781,0.0256858,0.06078338,1.111977,-0.1818432,4,15
23.88393,0.031803,0.06085498,1.112025,-0.1814944,4,15
23.89073,0.0386029,0.06059213,1.111931,-0.1809729,4,15
23.89652,0.0444008,0.06054427,1.111831,-0.1808705,4,15
23.90164,0.0495176,0.06054156,1.11183,-0.18059,4,15
23.90683,0.0547087,0.06053863,1.111829,-0.180309,4,15
23.91453,0.0624063,0.06070828,1.111708,-0.1792866,4,15
23.92104,0.0689155,0.0605161,1.111618,-0.1791957,4,15
23.92679,0.0746655,0.06050748,1.111584,-0.1788403,4,15
23.93293,0.0807989,0.06049734,1.111544,-0.1784307,4,15
23.93874,0.0866098,0.06051068,1.111187,-0.1774673,4,15
23.94462,0.0924923,0.06050622,1.111086,-0.1769775,4,15
23.94928,0.097148,0.06050275,1.111005,-0.1765903,4,15
23.95394,0.1018157,0.06057177,1.111146,-0.1767363,4,15
23.95833,0.1062013,0.06057583,1.111098,-0.1764565,4,15
23.96289,0.1107644,0.0605807,1.111042,-0.1761271,4,15
23.96823,0.1161002,0.06064062,1.110964,-0.1758456,4,15
23.97343,0.1213014,0.06065439,1.110893,-0.1754641,4,15
23.97882,0.1266998,0.06066664,1.110831,-0.1751292,4,15
23.98429,0.1321606,0.06048344,1.110482,-0.174057,4,15
23.98899,0.1368674,0.06046826,1.110381,-0.1736356,4,15
23.99463,0.1425019,0.06044932,1.110252,-0.1730975,4,15
24.0008,0.1486796,0.0603228,1.11021,-0.1735401,4,15
24.00635,0.1542281,0.06027199,1.110231,-0.1735003,4,15
24.01227,0.1601469,0.0600476,1.109942,-0.1727368,4,15
24.01817,0.1660469,0.05996528,1.109804,-0.1723117,4,15
24.02332,0.1711921,0.05988753,1.109673,-0.1719089,4,15
24.03015,0.1780211,0.05967477,1.109375,-0.1714938,4,15
24.03554,0.1834105,0.05956663,1.109203,-0.1710665,4,15
24.04137,0.1892449,0.05946526,1.10904,-0.1706653,4,15
24.04751,0.1953866,0.05949097,1.109264,-0.1710483,4,15
24.05314,0.2010134,0.05935225,1.109366,-0.1706175,4,15
24.05866,0.206534,0.05935653,1.109393,-0.1704631,4,15
24.06369,0.2115629,0.05926966,1.109381,-0.1703082,4,15
24.06783,0.2157052,0.05920953,1.10935,-0.1701089,4,15
24.07305,0.2209263,0.05897006,1.109375,-0.1698452,4,15
24.07918,0.2270589,0.05884924,1.109349,-0.1695759,4,15
24.08456,0.2324346,0.05873631,1.109324,-0.1693242,4,15
24.08892,0.2367967,0.05864336,1.109304,-0.1691171,4,15
24.09488,0.2427535,0.05850223,1.109375,-0.1689504,4,15
24.10022,0.2480961,0.05839628,1.109365,-0.1687345,4,15
24.10426,0.252137,0.05831027,1.109357,-0.1685593,4,15
24.10944,0.2573111,0.05819268,1.109346,-0.1683197,4,15
24.11578,0.2636591,0.05863607,1.109422,-0.1686801,4,15
24.12171,0.2695893,0.05857795,1.10942,-0.1685068,4,15
24.12853,0.2764067,0.05874183,1.109538,-0.1686011,4,15
24.13398,0.2818605,0.05870409,1.109549,-0.1684457,4,15
24.1399,0.287779,0.05869577,1.109767,-0.1680599,4,15
24.14473,0.2926112,0.05867096,1.109812,-0.1678996,4,15
24.1491,0.2969773,0.05873446,1.109912,-0.1679793,4,15
24.15675,0.304624,0.0587228,1.110007,-0.1677895,4,15
24.16317,0.3110522,0.05857787,1.10994,-0.1679155,4,15
24.16737,0.3152472,0.05854651,1.109965,-0.1678596,4,15
24.17219,0.3200688,0.05850744,1.109996,-0.16779,4,15
24.1781,0.3259795,0.05846687,1.110028,-0.1677176,4,15
24.18327,0.3311455,0.05829036,1.109956,-0.1676169,4,15
24.18835,0.3362349,0.05823137,1.10997,-0.1675448,4,15
24.19415,0.3420253,0.05815945,1.109987,-0.1674568,4,15
24.19881,0.3466905,0.05810985,1.109999,-0.1673961,4,15
24.20396,0.351844,0.05826328,1.110125,-0.1676749,4,15
24.20943,0.3573132,0.05822007,1.110155,-0.1676326,4,15
24.21544,0.3633237,0.05830863,1.110298,-0.1677631,4,15
24.22113,0.3690151,0.05828363,1.110337,-0.1677433,4,15
24.22695,0.3748265,0.05825587,1.110379,-0.1677212,4,15
24.23198,0.3798588,0.0582303,1.110418,-0.1677009,4,15
24.23826,0.3861372,0.05817477,1.110648,-0.1677402,4,15
24.2435,0.3913773,0.05814607,1.110712,-0.167729,4,15
24.24957,0.397449,0.05835195,1.110707,-0.1677933,4,15
24.25455,0.402428,0.05834771,1.110764,-0.1677899,4,15
24.26021,0.4080946,0.05834343,1.110822,-0.1677865,4,15
24.26559,0.4134725,0.05842126,1.111021,-0.1676673,4,15
24.27126,0.4191454,0.05846807,1.110912,-0.1675542,4,15
24.27669,0.4245672,0.05848185,1.110957,-0.1675211,4,15
24.28194,0.4298183,0.05862868,1.111015,-0.1673674,4,15
24.28708,0.4349652,0.05874206,1.111085,-0.1673057,4,15
24.29191,0.439791,0.05880958,1.111145,-0.167239,4,15
24.29802,0.4458991,0.05890447,1.111218,-0.1672206,4,15
24.30307,0.4509537,0.05897342,1.111277,-0.1671698,4,15
24.30784,0.455724,0.05903069,1.111323,-0.1670854,4,15
24.31341,0.4612902,0.05911033,1.111391,-0.1670161,4,15
24.31902,0.4669001,0.05915391,1.111433,-0.1668456,4,15
24.32403,0.471911,0.05919208,1.111498,-0.1666949,4,15
24.33041,0.4782975,0.0592695,1.111612,-0.1665242,4,15
24.33601,0.483891,0.05932675,1.111677,-0.1664197,4,15
24.34166,0.4895417,0.05943878,1.111854,-0.1663006,4,15
24.34755,0.4954316,0.05951121,1.111996,-0.1661809,4,15
24.35236,0.5002398,0.05957989,1.112096,-0.1660722,4,15
24.35766,0.5055478,0.05964192,1.112186,-0.1659741,4,15
24.36318,0.511068,0.05966357,1.112303,-0.1657081,4,15
24.36775,0.5156313,0.05971871,1.112386,-0.1655868,4,15
24.37312,0.5210047,0.05984431,1.112533,-0.1653145,4,15
24.37918,0.5270671,0.06001126,1.112734,-0.1651801,4,15
24.38418,0.5320643,0.06010472,1.112857,-0.1650328,4,15
24.38986,0.5377474,0.06029562,1.113118,-0.1648546,4,15
24.39542,0.5433045,0.06043351,1.113302,-0.1646706,4,15
24.40098,0.548867,0.06056727,1.113563,-0.1644362,4,15
24.40597,0.5538508,0.06056631,1.113688,-0.1641842,4,15
24.41186,0.5597415,0.06061225,1.113842,-0.1637454,4,15
24.41751,0.5653924,0.0606854,1.113991,-0.1635095,4,15
24.42247,0.5703583,0.0607605,1.114143,-0.1632681,4,15
24.42842,0.5762998,0.06098941,1.114295,-0.1628682,4,15
24.4332,0.58108,0.06102394,1.114526,-0.162562,4,15
24.43931,0.5871928,0.0610839,1.114696,-0.1622749,4,15
24.44431,0.5922005,0.06116197,1.114856,-0.1620095,4,15
24.44995,0.5978347,0.06136829,1.114964,-0.1616883,4,15
24.45541,0.6032983,0.06154205,1.11513,-0.1612274,4,15
24.46067,0.6085542,0.06165434,1.115271,-0.1609331,4,15
24.46591,0.6137951,0.06177368,1.11542,-0.1606217,4,15
24.47089,0.6187701,0.06189942,1.115576,-0.1602951,4,15
24.4765,0.6243859,0.06201998,1.115726,-0.1599834,4,15
24.48231,0.6301971,0.06221323,1.115859,-0.1593085,4,15
24.48774,0.635627,0.06208917,1.115872,-0.1594934,4,15
24.49347,0.6413508,0.06220893,1.116028,-0.1591409,4,15
24.49948,0.6473612,0.06259955,1.116626,-0.1579508,4,15
24.50488,0.6527606,0.0626165,1.117024,-0.1574091,4,15
24.51054,0.6584256,0.06276552,1.117343,-0.1568243,4,15
24.51685,0.6647365,0.06293748,1.117613,-0.1562113,4,15
24.52204,0.6699189,0.06304298,1.117988,-0.1556434,4,15
24.5284,0.6762815,0.06317697,1.118487,-0.1550138,4,15
24.53363,0.6815132,0.06331031,1.118847,-0.1544466,4,15
24.53915,0.6870284,0.0634084,1.119249,-0.1539474,4,15
24.54507,0.6929506,0.0635427,1.119646,-0.1533604,4,15
24.54982,0.6976971,0.06374185,1.119947,-0.1526744,4,15
24.55486,0.7027444,0.06376508,1.120349,-0.1519995,4,15
24.56175,0.7096312,0.0639025,1.120794,-0.1512727,4,15
24.5666,0.7144788,0.06400646,1.121166,-0.1506299,4,15
24.57165,0.7195288,0.06411658,1.121571,-0.1497743,4,15
24.57762,0.725495,0.06423772,1.121973,-0.1490658,4,15
24.58307,0.7309511,0.06452912,1.122306,-0.1481736,4,15
24.58833,0.7362094,0.0646855,1.122679,-0.1474551,4,15
24.59458,0.7424588,0.064881,1.12326,-0.1463708,4,15
24.60024,0.7481196,0.06500882,1.123768,-0.1455555,4,15
24.60534,0.7532204,0.06515808,1.124175,-0.1448165,4,15
24.61112,0.7589995,0.06534088,1.124668,-0.1439289,4,15
24.61621,0.7640908,0.06540194,1.125,-0.1428963,4,15
24.62145,0.7693345,0.06554886,1.125413,-0.1420884,4,15
24.62768,0.7755593,0.06551483,1.125315,-0.1417789,4,15
24.63332,0.7811952,0.06584838,1.12616,-0.1395896,4,15
24.63897,0.7868493,0.06601672,1.126604,-0.1385659,4,15
24.64446,0.7923382,0.06619356,1.127061,-0.1375165,4,15
24.64939,0.79727,0.06646613,1.127524,-0.136204,4,15
24.65529,0.8031722,0.06631042,1.127221,-0.1358367,4,15
24.66035,0.8082279,0.06642443,1.127497,-0.1350405,4,15
24.6659,0.81378,0.06657089,1.127923,-0.1326913,4,15
24.67112,0.8189964,0.06667913,1.128187,-0.1311154,4,15
24.67647,0.8243501,0.06679945,1.128474,-0.1299481,4,15
24.68136,0.8292372,0.06686201,1.128687,-0.1287974,4,15
24.68757,0.8354471,0.0669122,1.128841,-0.1273028,4,15
24.69218,0.8400546,0.06701867,1.129098,-0.1259771,4,15
24.69795,0.8458261,0.06711882,1.129329,-0.1247977,4,15
24.7029,0.8507754,0.06722535,1.129563,-0.1236044,4,15
24.70711,0.8549863,0.06732018,1.129763,-0.1225886,4,15
24.71366,0.8615392,0.06686641,1.129588,-0.1221039,4,15
24.71974,0.8676192,0.0668978,1.129772,-0.1209619,4,15
24.72446,0.8723367,0.0669744,1.129951,-0.1183168,4,15
24.73054,0.8784134,0.06718238,1.130138,-0.1162932,4,15
24.73569,0.8835626,0.06726046,1.130291,-0.114948,4,15
24.74082,0.8886927,0.06739894,1.130394,-0.1136544,4,15
24.74631,0.8941823,0.06729132,1.130357,-0.1121049,4,15
24.75119,0.899069,0.06734584,1.130464,-0.1105872,4,15
24.7566,0.9044704,0.06712947,1.130458,-0.1093329,4,15
24.76314,0.9110157,0.06712904,1.130555,-0.1075279,4,15
24.76794,0.9158118,0.06693202,1.130577,-0.1062982,4,15
24.77296,0.9208384,0.06691062,1.130609,-0.1048928,4,15
24.77981,0.9276873,0.0668737,1.130633,-0.1031944,4,15
24.7841,0.9319745,0.0668527,1.130668,-0.1020588,4,15
24.78902,0.9368978,0.06670061,1.130601,-0.1007195,4,15
24.79549,0.9433619,0.06663413,1.130617,-0.09885772,4,15
24.80371,0.951584,0.06644389,1.130357,-0.09673728,4,15
24.81026,0.9581389,0.06636744,1.130333,-0.09491229,4,15
24.81541,0.9632889,0.06639902,1.130381,-0.09348947,4,15
24.82055,0.9684218,0.06636664,1.130357,-0.09221631,4,15
24.82669,0.9745662,0.06652886,1.130296,-0.09049371,4,15
24.83174,0.9796124,0.06661724,1.130276,-0.08918703,4,15
24.83697,0.9848438,0.06664671,1.130242,-0.08788158,4,15
24.84269,0.9905638,0.06670357,1.130203,-0.08619989,4,15
24.84856,0.9964323,0.06671007,1.13024,-0.0847071,4,15
24.85321,1.001088,0.06674493,1.130218,-0.0833258,4,15
24.85998,1.007852,0.06677751,1.130316,-0.08172959,4,15
24.86542,1.013292,0.06688837,1.130477,-0.08054033,4,15
24.87045,1.018321,0.06688754,1.130643,-0.07928319,4,15
24.87653,1.024401,0.06693195,1.13071,-0.0779533,4,15
24.88137,1.029242,0.06692272,1.130817,-0.07687292,4,15
24.88679,1.034668,0.06696066,1.130891,-0.07556922,4,15
24.89158,1.039458,0.06700297,1.13096,-0.07428417,4,15
24.89802,1.045898,0.06700461,1.13095,-0.07288802,4,15
24.90351,1.05139,0.06698016,1.130944,-0.07168864,4,15
24.90794,1.05581,0.06700604,1.130975,-0.07062295,4,15
24.91419,1.062062,0.06699291,1.131064,-0.06926989,4,15
24.92034,1.06821,0.06704751,1.131144,-0.06807471,4,15
24.92612,1.073999,0.06708398,1.131201,-0.06679013,4,15
24.93196,1.079836,0.06708457,1.131246,-0.06553615,4,15
24.93843,1.086309,0.06701086,1.131292,-0.06420563,4,15
24.94373,1.091605,0.06701585,1.131335,-0.06305102,4,15
24.9495,1.097375,0.06697583,1.131367,-0.06192961,4,15
24.95488,1.10276,0.06697571,1.131411,-0.06067332,4,15
24.96197,1.109847,0.06685163,1.13126,-0.0593948,4,15
24.96729,1.115168,0.06684229,1.131391,-0.05843934,4,15
24.97277,1.120644,0.06675208,1.13143,-0.05732867,4,15
24.97892,1.126792,0.06671873,1.131458,-0.05619715,4,15
24.98463,1.132507,0.06663556,1.131575,-0.05516975,4,15
24.99002,1.137899,0.06642148,1.131519,-0.05417404,4,15
24.99572,1.143594,0.06633126,1.13154,-0.0529774,4,15
25.00117,1.149041,0.0661682,1.131444,-0.05192392,4,15
25.0063,1.154173,0.06597558,1.131586,-0.05107197,4,15
25.01133,1.159207,0.06585365,1.131616,-0.05001787,4,15
25.017,1.164877,0.06567014,1.13175,-0.04899494,4,15
25.02206,1.169936,0.06554675,1.131799,-0.04802455,4,15
25.02843,1.176306,0.06532144,1.131871,-0.04686967,4,15
25.03344,1.181311,0.06498956,1.131867,-0.04590201,4,15
25.04004,1.187916,0.06477989,1.131914,-0.04473993,4,15
25.04605,1.193921,0.06451094,1.131816,-0.04349855,4,15
25.05214,1.200019,0.06427602,1.131831,-0.04222994,4,15
25.05844,1.20632,0.06410482,1.131808,-0.0422025,4,15
25.06421,1.21209,0.06369165,1.131846,-0.04015348,4,15
25.06932,1.217195,0.06346405,1.131858,-0.03904872,4,15
25.07488,1.222759,0.06319697,1.131818,-0.03758747,4,15
25.08177,1.22965,0.06293389,1.13175,-0.0362827,4,15
25.08773,1.235611,0.06269766,1.131715,-0.03499401,4,15
25.09318,1.241055,0.06244776,1.131689,-0.03369549,4,15
25.09929,1.247171,0.06233279,1.131732,-0.03252947,4,15
25.10462,1.252496,0.0621416,1.131722,-0.03139508,4,15
25.11054,1.258422,0.06208373,1.13182,-0.03004716,4,15
25.11709,1.264969,0.06197446,1.131884,-0.02870797,4,15
25.12279,1.270666,0.06198023,1.131996,-0.02747298,4,15
25.12971,1.277589,0.06184748,1.132049,-0.02596308,4,15
25.13525,1.283124,0.06185472,1.131987,-0.02463137,4,15
25.14096,1.288843,0.06187117,1.131992,-0.02338511,4,15
25.14694,1.294818,0.061812,1.132005,-0.02203516,4,15
25.15188,1.299761,0.06176257,1.132014,-0.02083659,4,15
25.1576,1.305481,0.06178762,1.132025,-0.01955337,4,15
25.16313,1.31101,0.06190423,1.131907,-0.01941861,4,15
25.1686,1.316474,0.06189207,1.131896,-0.01835319,4,15
25.17371,1.321585,0.06197805,1.131844,-0.01575519,4,15
25.17958,1.327453,0.06198835,1.131809,-0.01423672,4,15
25.18394,1.331818,0.06200092,1.131789,-0.01310038,4,15
25.18892,1.336794,0.06209951,1.131669,-0.01196383,4,15
25.19473,1.342607,0.06214801,1.131611,-0.01034045,4,15
25.20065,1.348529,0.06220501,1.131324,-0.009045798,4,15
25.20552,1.353395,0.0622499,1.131236,-0.007851735,4,15
25.21131,1.359184,0.06234876,1.131236,-0.006482728,4,15
25.21705,1.364929,0.06248239,1.131269,-0.005427532,4,15
25.22233,1.370209,0.0625935,1.131236,-0.004293423,4,15
25.22732,1.375198,0.06267715,1.131188,-0.003153209,4,15
25.23265,1.380521,0.06285047,1.131158,-0.00190179,4,15
25.23797,1.385843,0.06307653,1.131138,-0.000896927,4,15
25.24382,1.3917,0.06323621,1.131092,0.0004058145,4,15
25.24841,1.396282,0.06345066,1.131142,0.001264591,4,15
25.25485,1.402731,0.06366997,1.131113,0.002732791,4,15
25.26104,1.408918,0.06385773,1.131173,0.003841862,4,15
25.26684,1.414721,0.06409878,1.131215,0.004860368,4,15
25.27181,1.419687,0.06429311,1.131219,0.005963895,4,15
25.27811,1.425989,0.06450388,1.131223,0.007134363,4,15
25.28334,1.431215,0.06473242,1.131272,0.007820565,4,15
25.2885,1.43638,0.06468315,1.131332,0.007407092,4,15
25.29443,1.442304,0.06488051,1.131354,0.008379262,4,15
25.29936,1.447236,0.0651701,1.131433,0.009760454,4,15
25.30366,1.451532,0.06533251,1.131459,0.01053607,4,15
25.30795,1.455827,0.06549853,1.131486,0.0113182,4,15
25.31363,1.461507,0.06568036,1.131562,0.01214344,4,15
25.31847,1.466345,0.06584655,1.131595,0.01290692,4,15
25.32275,1.47063,0.06600709,1.131625,0.01363494,4,15
25.32894,1.476819,0.0658748,1.131708,0.0128756,4,15
25.33411,1.481983,0.06603464,1.131753,0.01358348,4,15
25.339,1.48688,0.0661651,1.131789,0.01415338,4,15
25.34472,1.492592,0.06618818,1.131765,0.01423738,4,15
25.34983,1.497703,0.0664634,1.131772,0.01545279,4,15
25.35461,1.502481,0.06663137,1.131799,0.01618102,4,15
25.36086,1.508737,0.06675729,1.131892,0.0165908,4,15
25.36567,1.513543,0.06690451,1.131929,0.01719597,4,15
25.37028,1.518152,0.06702999,1.132071,0.0170214,4,15
25.37586,1.523729,0.06718312,1.132127,0.01750594,4,15
25.38194,1.529814,0.06730978,1.132078,0.01782185,4,15
25.38633,1.534203,0.06743134,1.132105,0.01818661,4,15
25.39159,1.539462,0.06751345,1.132013,0.01852147,4,15
25.3978,1.545676,0.06753737,1.131796,0.01893418,4,15
25.40271,1.550582,0.06763207,1.131751,0.01930254,4,15
25.40775,1.555629,0.0677323,1.131704,0.01968853,4,15
25.41373,1.561606,0.06766162,1.131474,0.01983675,4,15
25.41916,1.567031,0.06772014,1.131397,0.02014525,4,15
25.42509,1.572967,0.06778226,1.131245,0.02047405,4,15
25.42995,1.577827,0.06783803,1.131159,0.02076412,4,15
25.43587,1.583743,0.06796495,1.130954,0.02114417,4,15
25.44239,1.590261,0.06801321,1.130712,0.02137462,4,15
25.45021,1.598089,0.06811087,1.130509,0.02180799,4,15
25.45536,1.603238,0.06802883,1.130163,0.02202955,4,15
25.46054,1.60841,0.06806433,1.13001,0.02227497,4,15
25.4659,1.613778,0.06800079,1.130084,0.02210655,4,15
25.47209,1.619969,0.06795478,1.129815,0.02246317,4,15
25.47774,1.625612,0.06796117,1.129659,0.02269043,4,15
25.48344,1.631313,0.06788453,1.129538,0.0228417,4,15
25.48864,1.636516,0.06785581,1.129442,0.02294225,4,15
25.49345,1.641328,0.06783959,1.129299,0.0231368,4,15
25.49925,1.647129,0.06782468,1.129165,0.02331896,4,15
25.50516,1.653038,0.06787781,1.129263,0.02312165,4,15
25.50983,1.657703,0.06787574,1.129185,0.02321672,4,15
25.51524,1.663119,0.06785042,1.129138,0.02324201,4,15
25.52048,1.668354,0.06773782,1.128973,0.02339593,4,15
25.52501,1.672885,0.06775594,1.129025,0.02334167,4,15
25.53074,1.678615,0.06772613,1.12894,0.02343096,4,15
25.5366,1.684478,0.067509,1.128792,0.02359379,4,15
25.5414,1.689277,0.06746042,1.128787,0.02347742,4,15
25.54715,1.695024,0.06743181,1.128794,0.02340027,4,15
25.55197,1.699848,0.06737959,1.128743,0.02341696,4,15
25.55698,1.704856,0.06730925,1.128754,0.02337539,4,15
25.56253,1.710403,0.06723963,1.128733,0.02331751,4,15
25.56756,1.715439,0.06718263,1.128702,0.0233057,4,15
25.57277,1.720651,0.06711823,1.128667,0.02329233,4,15
25.57958,1.727455,0.06689329,1.128639,0.02317481,4,15
25.58457,1.732443,0.06680581,1.128611,0.02314208,4,15
25.58997,1.737845,0.06668432,1.128658,0.02310756,4,15
25.59517,1.743048,0.06657437,1.128645,0.0230692,4,15
25.60012,1.748001,0.06658206,1.128811,0.02293408,4,15
25.60501,1.752883,0.06653167,1.128958,0.0228396,4,15
25.61154,1.759415,0.06643184,1.129034,0.02274821,4,15
25.61679,1.764669,0.06632059,1.129146,0.02266482,4,15
25.62205,1.769924,0.06612521,1.129089,0.02275168,4,15
25.6274,1.775273,0.06601217,1.129129,0.02271722,4,15
25.6328,1.780672,0.06589165,1.129173,0.02264863,4,15
25.63908,1.78695,0.06582467,1.129252,0.02250371,4,15
25.64494,1.792809,0.06571835,1.129304,0.02243274,4,15
25.65009,1.797966,0.06567722,1.129457,0.02218561,4,15
25.65528,1.803155,0.06558675,1.129531,0.02207483,4,15
25.66181,1.809682,0.06548998,1.12961,0.02195594,4,15
25.66701,1.814883,0.06545393,1.129695,0.02174833,4,15
25.67231,1.820177,0.06547416,1.129563,0.02174229,4,15
25.67809,1.825957,0.06541198,1.129605,0.0216393,4,15
25.68336,1.831233,0.06528109,1.129584,0.02135989,4,15
25.68783,1.835703,0.06529403,1.129614,0.02114328,4,15
25.69279,1.840668,0.06523472,1.129645,0.02096996,4,15
25.69803,1.845903,0.06530906,1.129689,0.0206992,4,15
25.70303,1.850907,0.06528275,1.129722,0.02051133,4,15
25.7083,1.856171,0.06529988,1.129589,0.02028704,4,15
25.71388,1.861749,0.06525227,1.129629,0.01996472,4,15
25.72015,1.868024,0.06522605,1.129638,0.01972106,4,15
25.72557,1.873445,0.06517919,1.129694,0.01932896,4,15
25.73096,1.878829,0.06514856,1.129713,0.01905177,4,15
25.73635,1.884223,0.06512192,1.129729,0.01880916,4,15
25.74227,1.89014,0.06507007,1.129815,0.01824428,4,15
25.74782,1.895693,0.06518058,1.130061,0.01773759,4,15
25.75355,1.901422,0.06516867,1.130133,0.0173481,4,15
25.75955,1.907424,0.06511188,1.130334,0.01617462,4,15
25.76513,1.912998,0.06502795,1.130425,0.01531618,4,15
25.77055,1.918419,0.06487802,1.130512,0.014437,4,15
25.77616,1.924037,0.06481784,1.130594,0.01382256,4,15
25.78114,1.929013,0.06479919,1.130713,0.01288958,4,15
25.78647,1.934344,0.06474649,1.130806,0.01217033,4,15
25.7915,1.939378,0.0647464,1.130965,0.01105414,4,15
25.79775,1.94562,0.06464327,1.131108,0.009928755,4,15
25.80275,1.950621,0.06459166,1.131214,0.009109132,4,15
25.80791,1.955781,0.06453838,1.131324,0.008254703,4,15
25.81403,1.961904,0.0643662,1.131431,0.006711856,4,15
25.81913,1.967005,0.06430376,1.131523,0.005878881,4,15
25.82463,1.972503,0.06405027,1.13153,0.005429961,4,15
25.8304,1.978273,0.06393789,1.131635,0.004412159,4,15
25.83608,1.983955,0.06340881,1.131834,0.001436375,4,15
25.84121,1.989088,0.06311183,1.131961,-0.0004826784,4,15
25.84703,1.994904,0.06282448,1.132093,-0.002339307,4,15
25.85159,1.999466,0.06261525,1.132202,-0.003775217,4,15
25.85733,2.005203,0.06230623,1.132282,-0.005448319,4,15
25.86313,2.011009,0.06191067,1.132246,-0.007307451,4,15
25.86853,2.016404,0.06163778,1.132314,-0.00890727,4,15
25.87397,2.021844,0.06127486,1.132245,-0.01082507,4,15
25.88007,2.027947,0.06118643,1.132408,-0.01277979,4,15
25.88532,2.0332,0.06095323,1.132476,-0.01450349,4,15
25.89085,2.038726,0.06075998,1.132806,-0.01673174,4,15
25.89725,2.045123,0.06041553,1.133172,-0.01902945,4,15
25.90248,2.050359,0.06019164,1.133347,-0.02080699,4,15
25.90777,2.055649,0.05986932,1.133546,-0.02293247,4,15
25.91394,2.061821,0.05958351,1.133693,-0.02561202,4,15
25.92033,2.068208,0.05935705,1.133961,-0.02801493,4,15
25.92589,2.073765,0.05912033,1.134162,-0.03014386,4,15
25.93135,2.079229,0.05885508,1.134444,-0.03271858,4,15
25.93755,2.08543,0.0585262,1.134615,-0.03525445,4,15
25.94322,2.091099,0.05826395,1.134819,-0.03758156,4,15
25.94879,2.096664,0.05799104,1.134996,-0.03997888,4,15
25.95511,2.102991,0.05768833,1.135246,-0.04283701,4,15
25.96092,2.108798,0.05745421,1.135428,-0.04500762,4,15
25.96614,2.114018,0.05722369,1.135635,-0.04723974,4,15
25.97182,2.119697,0.05711332,1.135837,-0.04992852,4,15
25.97813,2.126011,0.05690959,1.136032,-0.05234376,4,15
25.98314,2.131018,0.05678388,1.136139,-0.05449988,4,15
25.98862,2.136502,0.05660382,1.136307,-0.05685923,4,15
25.99454,2.142419,0.05660687,1.136668,-0.05989967,4,15
26.00062,2.148501,0.05629682,1.136852,-0.06240544,4,15
26.00596,2.153839,0.05614489,1.137008,-0.06473625,4,15
26.01226,2.160133,0.05594175,1.137239,-0.0677849,4,15
26.01821,2.166087,0.0558028,1.137389,-0.07004053,4,15
26.02391,2.171787,0.05564627,1.137541,-0.07261941,4,15
26.02983,2.177701,0.05548694,1.137716,-0.07522719,4,15
26.03514,2.183011,0.05537769,1.137887,-0.07774816,4,15
26.04061,2.188485,0.05534169,1.138042,-0.07989112,4,15
26.04638,2.194252,0.0551461,1.138128,-0.08234672,4,15
26.05114,2.199013,0.05502343,1.138257,-0.08463013,4,15
26.057,2.20487,0.0550551,1.138242,-0.08677506,4,15
26.06282,2.210698,0.05496512,1.138342,-0.0892777,4,15
26.06753,2.215407,0.05489808,1.138417,-0.09127635,4,15
26.0725,2.220376,0.05484696,1.138457,-0.09336957,4,15
26.07954,2.227413,0.05485753,1.138678,-0.09381838,4,15
26.08409,2.231965,0.05481028,1.138758,-0.09540856,4,15
26.092,2.239871,0.05445296,1.139148,-0.100961,4,15
26.10005,2.247926,0.0541214,1.139276,-0.1042676,4,15
26.10434,2.252212,0.0540114,1.139372,-0.1061471,4,15
26.10952,2.257396,0.05388064,1.139486,-0.1084577,4,15
26.1141,2.261976,0.05375824,1.139593,-0.1107033,4,15
26.11917,2.267039,0.05338313,1.139756,-0.1119503,4,15
26.12451,2.272383,0.05344827,1.139914,-0.1110181,4,15
26.13027,2.278147,0.0532898,1.140062,-0.1131507,4,15
26.13628,2.284158,0.05287234,1.140389,-0.1171454,4,15
26.1415,2.289378,0.05262925,1.140482,-0.1190794,4,15
26.14708,2.294957,0.05231072,1.140569,-0.1207401,4,15
26.15228,2.300152,0.05207925,1.140701,-0.122895,4,15
26.159,2.306878,0.05187679,1.14077,-0.1244821,4,15
26.16469,2.31256,0.05166698,1.140878,-0.1264622,4,15
26.16986,2.317732,0.05147757,1.140973,-0.1283154,4,15
26.17519,2.323066,0.05131524,1.140937,-0.1294819,4,15
26.18001,2.327881,0.05116805,1.140991,-0.1309304,4,15
26.18495,2.332822,0.05100771,1.141048,-0.1325602,4,15
26.19046,2.338336,0.05106103,1.141109,-0.1315089,4,15
26.19735,2.345226,0.0506974,1.141146,-0.1326939,4,15
26.20249,2.35036,0.05052768,1.141204,-0.1339759,4,15
26.20932,2.357196,0.04974785,1.141316,-0.1372127,4,15
26.21609,0.0067652,0.04928856,1.141503,-0.1390039,7,16
26.22084,0.0115173,0.04905312,1.141567,-0.140238,7,16
26.22644,0.0171156,0.04897022,1.141521,-0.1409565,7,16
26.23166,0.0223359,0.04870817,1.141577,-0.1424225,7,16
26.23705,0.0277222,0.0484887,1.141621,-0.1436761,7,16
26.24223,0.0329076,0.04825964,1.141667,-0.145011,7,16
26.24782,0.0384958,0.04829867,1.14156,-0.145192,7,16
26.2529,0.0435756,0.04809976,1.141585,-0.1464427,7,16
26.2595,0.0501777,0.04840831,1.141489,-0.1439786,7,16
26.26527,0.0559478,0.04825177,1.141504,-0.1448651,7,16
26.27008,0.0607557,0.0479843,1.14158,-0.1468071,7,16
26.27645,0.0671275,0.04791227,1.141674,-0.1475487,7,16
26.28298,0.0736597,0.04785128,1.141717,-0.1478426,7,16
26.28818,0.07885169,0.04774319,1.141752,-0.148566,7,16
26.29495,0.08562399,0.04758616,1.141752,-0.148878,7,16
26.30229,0.09296419,0.0474337,1.141771,-0.1490671,7,16
26.31001,0.1006896,0.04736938,1.141869,-0.1493689,7,16
26.3146,0.1052761,0.04728531,1.141902,-0.1497493,7,16
26.31966,0.1103355,0.04720686,1.141933,-0.15011,7,16
26.32501,0.1156838,0.04720517,1.142108,-0.1500695,7,16
26.32996,0.1206318,0.04713696,1.14216,-0.1503807,7,16
26.33454,0.1252163,0.04706737,1.142213,-0.1507033,7,16
26.34019,0.130867,0.04714314,1.142333,-0.1500011,7,16
26.34512,0.1357957,0.04709006,1.142393,-0.1502047,7,16
26.35054,0.1412155,0.04702811,1.14251,-0.1497688,7,16
26.35613,0.1468024,0.04702421,1.14277,-0.1495833,7,16
26.36154,0.1522117,0.0469783,1.14289,-0.1496363,7,16
26.36636,0.1570371,0.04716263,1.143132,-0.1492481,7,16
26.37143,0.1621032,0.04733413,1.143392,-0.1488362,7,16
26.37745,0.1681208,0.04738117,1.143571,-0.1486972,7,16
26.38318,0.1738551,0.04747746,1.143843,-0.1482325,7,16
26.38897,0.1796403,0.04756206,1.14412,-0.1477618,7,16
26.39424,0.1849167,0.04762889,1.144348,-0.1474725,7,16
26.39975,0.1904204,0.04771693,1.144614,-0.1469814,7,16
26.40506,0.195732,0.0477845,1.144839,-0.146663,7,16
26.41028,0.2009501,0.04790667,1.145151,-0.1460873,7,16
26.41637,0.2070477,0.0479952,1.1453,-0.1454223,7,16
26.42176,0.212435,0.04795215,1.145622,-0.1447867,7,16
26.42699,0.2176615,0.04799934,1.145859,-0.1443191,7,16
26.43209,0.2227608,0.04800599,1.146151,-0.1436425,7,16
26.43816,0.228836,0.04802738,1.146446,-0.1429813,7,16
26.44349,0.2341664,0.04806201,1.146711,-0.1424202,7,16
26.44905,0.2397202,0.04808199,1.147136,-0.1416753,7,16
26.45378,0.2444567,0.04813884,1.147453,-0.1408007,7,16
26.45995,0.2506238,0.04817934,1.147774,-0.1400942,7,16
26.46553,0.2562073,0.0482901,1.148236,-0.1391713,7,16
26.4704,0.2610728,0.04838964,1.148595,-0.1382912,7,16
26.47694,0.2676197,0.04846728,1.148993,-0.1374086,7,16
26.48195,0.2726201,0.04853038,1.149191,-0.1363878,7,16
26.48664,0.2773159,0.04859222,1.149477,-0.1356323,7,16
26.49277,0.2834474,0.04858012,1.149927,-0.1342644,7,16
26.49834,0.2890137,0.04866548,1.150282,-0.1330874,7,16
26.50299,0.2936605,0.04871846,1.150585,-0.13222,7,16
26.50951,0.3001818,0.04879257,1.151002,-0.1310335,7,16
26.51539,0.3060658,0.04924535,1.151423,-0.1290963,7,16
26.52191,0.3125863,0.04940153,1.151871,-0.1276902,7,16
26.52819,0.3188615,0.04955969,1.152294,-0.1263558,7,16
26.53299,0.3236616,0.04956084,1.152657,-0.125072,7,16
26.53858,0.3292534,0.04966885,1.153017,-0.1239121,7,16
26.54428,0.3349587,0.04978887,1.153412,-0.1226469,7,16
26.54924,0.3399101,0.04978905,1.153427,-0.1208384,7,16
26.55442,0.3450916,0.04987265,1.153762,-0.1193193,7,16
26.56059,0.3512617,0.04997724,1.154096,-0.1178617,7,16
26.56555,0.3562247,0.05003986,1.154353,-0.1164584,7,16
26.57078,0.3614536,0.05021019,1.154639,-0.1147691,7,16
26.57696,0.3676299,0.05033309,1.154959,-0.113206,7,16
26.58193,0.3726059,0.05046389,1.155125,-0.1116696,7,16
26.58744,0.3781127,0.05060419,1.155327,-0.1099504,7,16
26.5929,0.3835711,0.05074686,1.155608,-0.1082362,7,16
26.5987,0.3893743,0.05087681,1.155858,-0.1067153,7,16
26.60336,0.3940293,0.05105022,1.15598,-0.1051506,7,16
26.6084,0.3990699,0.05118825,1.1562,-0.1036702,7,16
26.61609,0.4067661,0.05161233,1.156421,-0.100939,7,16
26.62162,0.4122889,0.05184232,1.156628,-0.09922093,7,16
26.62668,0.4173509,0.05203637,1.156824,-0.09762153,7,16
26.63201,0.4226857,0.05226565,1.156941,-0.0957289,7,16
26.63776,0.4284326,0.05246153,1.157073,-0.09386155,7,16
26.64268,0.4333484,0.05265424,1.157227,-0.09226419,7,16
26.64767,0.4383387,0.05285487,1.157384,-0.0906404,7,16
26.6529,0.4435705,0.05304325,1.157422,-0.08850524,7,16
26.65852,0.4491907,0.05320156,1.157662,-0.08687341,7,16
26.66423,0.4549015,0.05341747,1.157835,-0.08502367,7,16
26.66982,0.4604912,0.05346454,1.157927,-0.08294359,7,16
26.67525,0.4659176,0.05348881,1.158075,-0.08093412,7,16
26.6813,0.4719761,0.05352099,1.158139,-0.07911682,7,16
26.68601,0.4766836,0.05362631,1.158245,-0.07754242,7,16
26.69104,0.4817151,0.05373979,1.158233,-0.07549362,7,16
26.69663,0.4872994,0.05385228,1.158312,-0.07384783,7,16
26.70173,0.4923986,0.05405816,1.15832,-0.07205434,7,16
26.70739,0.4980655,0.05435136,1.158385,-0.07010882,7,16
26.71304,0.5037148,0.05459734,1.158312,-0.06790052,7,16
26.71858,0.5092531,0.05477924,1.158334,-0.06617797,7,16
26.72404,0.514715,0.05496582,1.158282,-0.06418128,7,16
26.7302,0.5208675,0.05514969,1.158321,-0.0620621,7,16
26.73519,0.5258586,0.05534533,1.158329,-0.060182,7,16
26.74105,0.5317225,0.05570061,1.15818,-0.05818481,7,16
26.75081,0.5414822,0.05612496,1.158164,-0.05467067,7,16
26.75599,0.5466576,0.05626933,1.15825,-0.05326609,7,16
26.76172,0.5523891,0.05651651,1.158251,-0.05129565,7,16
26.7663,0.5569729,0.05671818,1.15824,-0.04983333,7,16
26.77062,0.5612969,0.05694318,1.158342,-0.04830679,7,16
26.77567,0.5663443,0.05714723,1.15836,-0.04680647,7,16
26.7807,0.5713773,0.05724951,1.158408,-0.04520714,7,16
26.78568,0.5763544,0.05745679,1.15843,-0.04353441,7,16
26.79126,0.5819361,0.05762054,1.158406,-0.0416016,7,16
26.79719,0.5878633,0.05775291,1.158375,-0.0399652,7,16
26.80225,0.592927,0.05793555,1.158373,-0.03833932,7,16
26.80786,0.5985342,0.05813739,1.158445,-0.03664642,7,16
26.81413,0.6047979,0.0584677,1.158499,-0.03471467,7,16
26.81945,0.6101245,0.05867137,1.158515,-0.03320079,7,16
26.8249,0.6155691,0.05890673,1.15853,-0.03149813,7,16
26.83088,0.6215482,0.05927629,1.158534,-0.02967884,7,16
26.83617,0.626843,0.05950443,1.158539,-0.0282135,7,16
26.84145,0.6321219,0.05959139,1.15839,-0.02860703,7,16
26.84648,0.637154,0.06009841,1.158277,-0.0260397,7,16
26.85124,0.6419082,0.06039774,1.158235,-0.02441435,7,16
26.85638,0.6470565,0.06079359,1.158249,-0.02308478,7,16
26.86234,0.653007,0.06122473,1.158247,-0.02152026,7,16
26.86742,0.6580876,0.0615617,1.158224,-0.02005211,7,16
26.87245,0.6631231,0.0619545,1.158164,-0.01889395,7,16
26.87808,0.6687531,0.06231777,1.158131,-0.01746954,7,16
26.88345,0.6741238,0.06253805,1.157869,-0.01610323,7,16
26.8885,0.6791691,0.06270254,1.157896,-0.01515274,7,16
26.89423,0.6849,0.06306482,1.157831,-0.01357389,7,16
26.8998,0.6904671,0.06305372,1.157643,-0.01247903,7,16
26.90509,0.6957632,0.06315457,1.157642,-0.01143432,7,16
26.91138,0.7020493,0.06342343,1.157564,-0.009863053,7,16
26.91721,0.7078797,0.06354356,1.157521,-0.009069942,7,16
26.92267,0.7133408,0.06355605,1.157351,-0.008117963,7,16
26.92852,0.7191859,0.06372839,1.157256,-0.00689156,7,16
26.93359,0.7242607,0.06368347,1.156861,-0.005788524,7,16
26.9391,0.7297697,0.06379329,1.156718,-0.004757207,7,16
26.94499,0.7356589,0.06392485,1.156554,-0.003566816,7,16
26.94971,0.7403813,0.06403455,1.156422,-0.002607923,7,16
26.95513,0.7457999,0.06399295,1.156536,-0.003034897,7,16
26.96112,0.7517862,0.06409069,1.156424,-0.002161082,7,16
26.96632,0.756986,0.06423868,1.156148,-0.0005276166,7,16
26.97196,0.7626247,0.06412446,1.155818,0.000549946,7,16
26.97839,0.7690596,0.06418365,1.15561,0.001664635,7,16
26.98374,0.7744105,0.06416533,1.155387,0.002275318,7,16
26.98885,0.7795191,0.06412744,1.155188,0.002903484,7,16
26.99401,0.7846797,0.06414995,1.154981,0.003795531,7,16
26.99978,0.7904456,0.06412674,1.154765,0.004361134,7,16
27.00521,0.7958748,0.06418063,1.154633,0.004917178,7,16
27.01017,0.8008384,0.06420304,1.154456,0.005613286,7,16
27.01568,0.8063521,0.06425104,1.154279,0.006162599,7,16
27.02093,0.8115926,0.06426173,1.154138,0.006623678,7,16
27.02603,0.8166999,0.06428611,1.15397,0.007234849,7,16
27.03143,0.8220994,0.06433659,1.153854,0.007763833,7,16
27.03745,0.8281127,0.06442992,1.15375,0.008223023,7,16
27.0428,0.8334692,0.06447739,1.153608,0.008779533,7,16
27.0474,0.8380672,0.06451868,1.153484,0.009258743,7,16
27.05322,0.8438832,0.06462112,1.153446,0.00960182,7,16
27.05869,0.8493556,0.06467465,1.153334,0.01006689,7,16
27.06458,0.8552414,0.06503304,1.153396,0.0101855,7,16
27.06967,0.8603336,0.06514469,1.153318,0.01058165,7,16
27.07543,0.8661001,0.06527878,1.153258,0.01092139,7,16
27.08147,0.8721415,0.06539709,1.153259,0.01117006,7,16
27.08708,0.8777425,0.06552,1.153199,0.01153854,7,16
27.09342,0.8840871,0.06573046,1.153321,0.01173842,7,16
27.09897,0.8896343,0.06586663,1.15338,0.01182604,7,16
27.10321,0.8938807,0.06597243,1.15338,0.01202956,7,16
27.10833,0.8989949,0.06610288,1.15338,0.01228005,7,16
27.11422,0.9048921,0.06626039,1.153381,0.01258177,7,16
27.11987,0.9105402,0.06629207,1.153547,0.0126233,7,16
27.12511,0.9157794,0.06614155,1.153579,0.01244926,7,16
27.13058,0.9212494,0.0662301,1.153607,0.01263419,7,16
27.13688,0.9275435,0.06630966,1.153661,0.01291321,7,16
27.14229,0.9329594,0.06642344,1.153722,0.01301681,7,16
27.1471,0.9377636,0.06654556,1.153784,0.01303528,7,16
27.15196,0.9426256,0.06664451,1.153829,0.01317277,7,16
27.15837,0.949038,0.06671261,1.153867,0.0131964,7,16
27.16341,0.9540807,0.06674007,1.153912,0.01322067,7,16
27.1685,0.95917,0.06681196,1.153954,0.01330574,7,16
27.17406,0.9647309,0.0667441,1.153855,0.01342095,7,16
27.18027,0.9709399,0.06671479,1.153805,0.01347618,7,16
27.18525,0.9759179,0.06673609,1.1538,0.01355241,7,16
27.19023,0.9808933,0.06674254,1.153833,0.01353643,7,16
27.19498,0.9856505,0.06676169,1.153836,0.01359583,7,16
27.20023,0.9908918,0.06684803,1.153997,0.01349599,7,16
27.20547,0.9961416,0.06684651,1.154054,0.01342532,7,16
27.21065,1.001317,0.06687458,1.154101,0.0134282,7,16
27.21642,1.007081,0.06674794,1.153961,0.01341176,7,16
27.22134,1.012001,0.0666443,1.153872,0.01338544,7,16
27.22671,1.017371,0.06661117,1.153852,0.01337747,7,16
27.2319,1.022563,0.06657647,1.153921,0.01331466,7,16
27.23762,1.028288,0.06657735,1.153992,0.0131967,7,16
27.24333,1.033991,0.06655182,1.154011,0.01314787,7,16
27.24861,1.039277,0.06648694,1.153958,0.01299976,7,16
27.25344,1.044106,0.06640618,1.153938,0.01285601,7,16
27.25977,1.050432,0.06635687,1.153934,0.0127602,7,16
27.26501,1.055675,0.06631159,1.15393,0.01267211,7,16
27.27061,1.061271,0.06613234,1.153851,0.01241427,7,16
27.27736,1.068021,0.06604572,1.153827,0.0122659,7,16
27.28271,1.073375,0.0661029,1.153942,0.01205437,7,16
27.28818,1.078848,0.06617282,1.154083,0.01177452,7,16
27.29411,1.084779,0.06615656,1.154132,0.01157041,7,16
27.29971,1.090371,0.06618333,1.154252,0.01127996,7,16
27.30453,1.095198,0.06610907,1.154318,0.01103177,7,16
27.31065,1.101318,0.06608082,1.154396,0.01075928,7,16
27.31614,1.106801,0.06592321,1.154423,0.01045653,7,16
27.32054,1.111207,0.06587893,1.154469,0.01025444,7,16
27.32681,1.117479,0.06571784,1.154501,0.009754524,7,16
27.33206,1.122724,0.06570583,1.154724,0.009327266,7,16
27.33778,1.128447,0.06567395,1.154917,0.008864742,7,16
27.34367,1.134332,0.06561799,1.155042,0.008475911,7,16
27.34834,1.139009,0.06550302,1.155133,0.007988147,7,16
27.35281,1.143473,0.06543925,1.155239,0.007609639,7,16
27.35969,1.150354,0.06534287,1.15537,0.006953597,7,16
27.36463,1.155299,0.06523922,1.155454,0.006397255,7,16
27.36987,1.160535,0.06516147,1.155558,0.005928352,7,16
27.37547,1.166135,0.06501259,1.155641,0.005186647,7,16
27.38082,1.171488,0.0649199,1.155698,0.004489794,7,16
27.38918,1.179842,0.0648145,1.15582,0.003325332,7,16
27.39707,1.187731,0.064624,1.155812,0.00215612,7,16
27.40232,1.192985,0.06453618,1.155856,0.001528367,7,16
27.40857,1.199233,0.06446979,1.155801,0.0004973747,7,16
27.41392,1.204586,0.06437852,1.155773,-0.0003952309,7,16
27.4195,1.210161,0.06429833,1.155781,-0.001125779,7,16
27.42601,1.216673,0.0643214,1.155828,-0.002367239,7,16
27.43195,1.22261,0.06425637,1.155844,-0.003359839,7,16
27.43806,1.228722,0.06403755,1.155813,-0.004839156,7,16
27.44365,1.234312,0.06395018,1.155815,-0.005845889,7,16
27.44897,1.239629,0.06385765,1.155821,-0.007115979,7,16
27.45364,1.2443,0.0637895,1.155761,-0.00828084,7,16
27.45942,1.250087,0.06371232,1.155745,-0.009345178,7,16
27.46464,1.2553,0.06364971,1.155698,-0.01065136,7,16
27.4696,1.260265,0.06358324,1.155672,-0.01170838,7,16
27.47557,1.266232,0.06352127,1.155793,-0.01334191,7,16
27.48174,1.272402,0.06345484,1.155791,-0.01462352,7,16
27.48683,1.277493,0.06343918,1.156001,-0.01622636,7,16
27.49275,1.283411,0.06331728,1.156242,-0.01837338,7,16
27.49789,1.28855,0.06326626,1.156305,-0.01960947,7,16
27.50195,1.292609,0.06322434,1.156358,-0.02069026,7,16
27.50742,1.298086,0.0628985,1.156731,-0.02250087,7,16
27.51283,1.303494,0.06279671,1.156857,-0.02411192,7,16
27.51741,1.308076,0.06272837,1.156944,-0.02524667,7,16
27.52333,1.31399,0.06251507,1.156972,-0.02539635,7,16
27.52913,1.319796,0.06187557,1.157027,-0.0299482,7,16
27.53347,1.324138,0.06169532,1.157094,-0.03166379,7,16
27.5386,1.329267,0.06154521,1.157041,-0.03348714,7,16
27.54493,1.335598,0.06132701,1.157085,-0.03577556,7,16
27.54997,1.340634,0.06121581,1.156999,-0.0376382,7,16
27.55504,1.345706,0.06107059,1.156849,-0.03964424,7,16
27.56098,1.351645,0.06091373,1.156812,-0.04165587,7,16
27.56577,1.35644,0.06087604,1.156552,-0.04343972,7,16
27.57065,1.361315,0.0607541,1.156456,-0.04541676,7,16
27.57727,1.367933,0.0607688,1.155985,-0.04768817,7,16
27.5823,1.372962,0.06081441,1.155609,-0.04956305,7,16
27.58786,1.378519,0.06077602,1.15515,-0.05170949,7,16
27.59369,1.384357,0.06072606,1.154814,-0.05407897,7,16
27.59911,1.389771,0.06067439,1.154446,-0.05601915,7,16
27.60444,1.395106,0.06056438,1.153936,-0.05803405,7,16
27.6096,1.400258,0.06051373,1.153586,-0.06000199,7,16
27.61504,1.405699,0.0604667,1.153117,-0.06210816,7,16
27.6205,1.411165,0.0605455,1.152752,-0.06424606,7,16
27.62641,1.417074,0.06053831,1.152343,-0.06649654,7,16
27.63173,1.422395,0.0605458,1.152055,-0.06901789,7,16
27.63836,1.429023,0.0606361,1.151812,-0.07170734,7,16
27.64412,1.43478,0.06067265,1.151479,-0.07407881,7,16
27.64905,1.439705,0.06071507,1.151335,-0.0762374,7,16
27.65494,1.445599,0.06086046,1.151047,-0.07900395,7,16
27.66066,1.451317,0.06093291,1.150788,-0.08118221,7,16
27.66585,1.456513,0.06108294,1.150642,-0.08349915,7,16
27.67106,1.461724,0.06133407,1.150509,-0.08621436,7,16
27.67735,1.46801,0.06148818,1.150281,-0.08870123,7,16
27.6834,1.474055,0.06162541,1.150017,-0.09139954,7,16
27.68863,1.479295,0.06189155,1.149783,-0.09372823,7,16
27.69485,1.485516,0.06212577,1.149492,-0.09669368,7,16
27.70068,1.491336,0.06244443,1.149176,-0.09899957,7,16
27.70555,1.496206,0.06265258,1.148944,-0.1011547,7,16
27.71175,1.502407,0.06321681,1.1485,-0.1038256,7,16
27.71734,1.507999,0.06348648,1.148235,-0.1059683,7,16
27.72261,1.513268,0.06397203,1.147844,-0.1082636,7,16
27.72888,1.519544,0.06443988,1.147356,-0.1108099,7,16
27.73406,1.524716,0.06481963,1.146993,-0.1131614,7,16
27.73976,1.530417,0.06535913,1.146458,-0.1152449,7,16
27.74553,1.536187,0.06580605,1.146028,-0.1176357,7,16
27.75002,1.540685,0.06621699,1.145428,-0.1192063,7,16
27.75567,1.546334,0.06679396,1.144645,-0.1213618,7,16
27.76167,1.552324,0.06725472,1.144114,-0.1234584,7,16
27.76697,1.557624,0.06766619,1.143505,-0.1252704,7,16
27.77241,1.563065,0.06823918,1.142746,-0.1271562,7,16
27.77864,1.569297,0.06875788,1.142101,-0.1292963,7,16
27.78363,1.574289,0.06917974,1.141617,-0.1307545,7,16
27.78914,1.579798,0.06971335,1.140887,-0.1323076,7,16
27.79435,1.585009,0.07022697,1.140245,-0.1342032,7,16
27.79999,1.590646,0.0708226,1.139571,-0.1355433,7,16
27.80509,1.595751,0.07131758,1.138971,-0.1371829,7,16
27.81018,1.600843,0.07184475,1.138312,-0.1382438,7,16
27.81549,1.606148,0.07242733,1.137496,-0.1394989,7,16
27.82099,1.611648,0.07300227,1.136828,-0.1405046,7,16
27.82646,1.617116,0.07355314,1.136153,-0.1418985,7,16
27.83164,1.622296,0.07417282,1.135458,-0.1429243,7,16
27.83752,1.628176,0.07469744,1.134843,-0.1438107,7,16
27.84295,1.633612,0.07524923,1.13419,-0.1450006,7,16
27.84797,1.638622,0.07586462,1.133531,-0.1455743,7,16
27.85327,1.643926,0.07648207,1.132822,-0.1467135,7,16
27.85987,1.65053,0.07705532,1.132133,-0.1474231,7,16
27.86527,1.655928,0.07761428,1.131489,-0.1483872,7,16
27.87101,1.661669,0.07808159,1.130792,-0.1487935,7,16
27.87628,1.666934,0.07854663,1.130234,-0.1495348,7,16
27.88166,1.672323,0.0789811,1.129901,-0.1498163,7,16
27.88658,1.677236,0.07943412,1.129388,-0.1504798,7,16
27.89161,1.682263,0.07996284,1.128792,-0.1512579,7,16
27.89752,1.68818,0.07964983,1.129155,-0.1502019,7,16
27.90265,1.693307,0.08067803,1.12821,-0.1506798,7,16
27.90737,1.69803,0.08115701,1.127709,-0.1511492,7,16
27.91312,1.703779,0.08184412,1.127244,-0.1510954,7,16
27.91853,1.709183,0.08212534,1.126908,-0.150596,7,16
27.92342,1.714073,0.08249744,1.126651,-0.1502901,7,16
27.93035,1.721006,0.08295877,1.126175,-0.1500356,7,16
27.93527,1.725927,0.08330556,1.125841,-0.150044,7,16
27.94039,1.731047,0.08368912,1.125404,-0.1495984,7,16
27.94574,1.736402,0.08411122,1.124982,-0.1495056,7,16
27.95241,1.743067,0.08452282,1.124403,-0.1489061,7,16
27.95933,0.0069228,0.0850204,1.1239,-0.148197,3,17
27.96489,0.0124784,0.08549637,1.123591,-0.1476451,3,17
27.96941,0.0169965,0.08584846,1.123256,-0.1473526,3,17
27.9752,0.0227859,0.08635036,1.122924,-0.1465493,3,17
27.98072,0.028313,0.08670028,1.122535,-0.1458589,3,17
27.98497,0.0325572,0.08702412,1.122233,-0.1454653,3,17
27.98964,0.0372284,0.08714703,1.121956,-0.1446569,3,17
27.9943,0.0418847,0.0874894,1.121599,-0.1440925,3,17
27.99967,0.0472605,0.08776315,1.121173,-0.1431508,3,17
28.00483,0.0524172,0.08810116,1.120789,-0.1424942,3,17
28.01035,0.0579358,0.08870958,1.120532,-0.1414835,3,17
28.01633,0.0639167,0.08902509,1.120176,-0.1404434,3,17
28.02212,0.0697102,0.08942897,1.119975,-0.1394514,3,17
28.02831,0.07589679,0.08987197,1.119603,-0.1384838,3,17
28.0332,0.08079139,0.09013454,1.119456,-0.1374433,3,17
28.0427,0.09028929,0.09069953,1.119091,-0.1357273,3,17
28.04891,0.09649509,0.09108293,1.118885,-0.1344099,3,17
28.05414,0.1017289,0.09144856,1.118714,-0.1331827,3,17
28.05985,0.1074403,0.09179161,1.118495,-0.1321751,3,17
28.0648,0.1123946,0.09211798,1.118286,-0.1312277,3,17
28.0695,0.11709,0.09243034,1.118083,-0.1303309,3,17
28.07442,0.1220059,0.09279744,1.117844,-0.129289,3,17
28.08018,0.1277722,0.09314093,1.117785,-0.1279688,3,17
28.08518,0.1327705,0.09347678,1.117586,-0.1269887,3,17
28.09096,0.1385504,0.09394623,1.117305,-0.1256374,3,17
28.09712,0.1447086,0.09371225,1.117176,-0.1238316,3,17
28.10194,0.1495304,0.094062,1.11693,-0.1224542,3,17
28.10723,0.1548253,0.09445003,1.116561,-0.1205927,3,17
28.11319,0.1607773,0.09490638,1.116338,-0.1188602,3,17
28.11808,0.1656673,0.09523158,1.116114,-0.1175791,3,17
28.12281,0.170397,0.09552705,1.115959,-0.116303,3,17
28.12857,0.1761581,0.09594898,1.115679,-0.1146418,3,17
28.13382,0.1814058,0.09623411,1.115473,-0.1130182,3,17
28.13921,0.1868027,0.09656435,1.115033,-0.1114666,3,17
28.1448,0.1923896,0.09695402,1.114713,-0.1098235,3,17
28.1502,0.1977882,0.09734686,1.114444,-0.1081226,3,17
28.15571,0.2033008,0.0977757,1.114267,-0.1062158,3,17
28.16295,0.2105439,0.09831563,1.114164,-0.1041494,3,17
28.16715,0.2147413,0.09862815,1.114004,-0.1028923,3,17
28.17268,0.2202738,0.0989307,1.113877,-0.1009736,3,17
28.17847,0.2260561,0.0993023,1.113695,-0.09935434,3,17
28.18309,0.2306781,0.09950773,1.113584,-0.09780163,3,17
28.18903,0.2366202,0.09984898,1.113423,-0.09582137,3,17
28.19512,0.2427114,0.1002781,1.113213,-0.09373796,3,17
28.20087,0.2484594,0.1006053,1.113062,-0.09195083,3,17
28.20628,0.2538677,0.100894,1.112825,-0.09007889,3,17
28.21245,0.2600399,0.1013229,1.112589,-0.08790356,3,17
28.21766,0.2652448,0.101602,1.112305,-0.08628666,3,17
28.22195,0.2695374,0.101888,1.112126,-0.08484735,3,17
28.22718,0.2747679,0.1022414,1.111906,-0.08311172,3,17
28.23232,0.2799119,0.1025364,1.111575,-0.08105375,3,17
28.23786,0.2854506,0.1028756,1.111342,-0.07935452,3,17
28.24343,0.291015,0.1032599,1.11108,-0.07747903,3,17
28.24855,0.2961391,0.1036201,1.110837,-0.07576687,3,17
28.25386,0.3014518,0.1033635,1.110938,-0.07620189,3,17
28.25953,0.3071138,0.103587,1.110517,-0.07424323,3,17
28.26593,0.3135183,0.1042798,1.109842,-0.06962121,3,17
28.27207,0.3196607,0.10462,1.109389,-0.06686211,3,17
28.27803,0.3256217,0.1049866,1.109033,-0.0645806,3,17
28.28361,0.3311962,0.1052149,1.108645,-0.06271988,3,17
28.28941,0.3369929,0.1053318,1.108331,-0.06084349,3,17
28.29498,0.3425713,0.1056545,1.107941,-0.05853544,3,17
28.30104,0.3486301,0.1057934,1.107733,-0.05687236,3,17
28.30636,0.3539487,0.106055,1.107418,-0.05494814,3,17
28.3126,0.3601912,0.1063125,1.10713,-0.0528381,3,17
28.318,0.365587,0.1065468,1.10686,-0.05115864,3,17
28.32295,0.3705353,0.1063038,1.106957,-0.05163028,3,17
28.32866,0.3762447,0.106505,1.106692,-0.04995859,3,17
28.33466,0.3822452,0.106775,1.1061,-0.04602858,3,17
28.34056,0.388151,0.1069109,1.105874,-0.04406713,3,17
28.3462,0.3937925,0.1071082,1.105579,-0.04207118,3,17
28.35221,0.3997944,0.1073545,1.1055,-0.04018138,3,17
28.3575,0.4050915,0.1075463,1.105557,-0.03890423,3,17
28.36341,0.4110027,0.107774,1.105363,-0.03695916,3,17
28.36861,0.4162008,0.1079141,1.105404,-0.03556604,3,17
28.37441,0.4220016,0.1080618,1.105418,-0.03376751,3,17
28.38039,0.4279811,0.1082088,1.105325,-0.03227045,3,17
28.38628,0.4338655,0.1083993,1.105222,-0.03052294,3,17
28.39261,0.4401971,0.10864,1.105357,-0.02869751,3,17
28.3987,0.4462909,0.1088712,1.105535,-0.02729934,3,17
28.40398,0.4515725,0.1090607,1.105493,-0.02589589,3,17
28.40869,0.4562788,0.1092305,1.105493,-0.02460461,3,17
28.41377,0.4613619,0.1093151,1.10555,-0.02325539,3,17
28.41862,0.46621,0.1094623,1.105565,-0.02201765,3,17
28.42517,0.4727614,0.1096406,1.105587,-0.02043148,3,17
28.43078,0.4783656,0.1098073,1.105615,-0.01896647,3,17
28.43576,0.4833466,0.1099483,1.105634,-0.01779437,3,17
28.44136,0.4889514,0.1101973,1.105646,-0.01650042,3,17
28.44683,0.4944207,0.1104713,1.105588,-0.01528155,3,17
28.45133,0.4989238,0.1106623,1.105592,-0.01408654,3,17
28.457,0.5045844,0.1109808,1.105491,-0.01299682,3,17
28.46211,0.5097044,0.1112102,1.105475,-0.01178979,3,17
28.46729,0.5148757,0.1114275,1.105372,-0.01071359,3,17
28.47285,0.5204426,0.111677,1.105296,-0.00948013,3,17
28.47893,0.5265178,0.1119282,1.105253,-0.008221958,3,17
28.48413,0.5317195,0.112095,1.105194,-0.007271301,3,17
28.48967,0.5372649,0.1123341,1.10515,-0.006072979,3,17
28.49497,0.5425597,0.1124373,1.105173,-0.005020656,3,17
28.50027,0.5478647,0.1124797,1.105191,-0.004292563,3,17
28.50584,0.5534327,0.1125207,1.105209,-0.003446471,3,17
28.51097,0.5585613,0.1126708,1.105202,-0.002394143,3,17
28.517,0.5645891,0.1125771,1.105191,-0.001525056,3,17
28.52228,0.5698698,0.1125672,1.105137,-0.0007505044,3,17
28.52771,0.5753052,0.1126373,1.105118,0.0001865327,3,17
28.53386,0.5814502,0.112707,1.105119,0.001225326,3,17
28.53938,0.5869747,0.1127704,1.105108,0.002054982,3,17
28.54475,0.5923454,0.1129151,1.105207,0.002682857,3,17
28.55062,0.5982156,0.1129812,1.105263,0.003470812,3,17
28.55601,0.6036037,0.1130563,1.105282,0.004227579,3,17
28.56203,0.6096157,0.1131013,1.105306,0.004997857,3,17
28.56742,0.6150063,0.1130858,1.105367,0.005581569,3,17
28.57214,0.6197315,0.1131405,1.105475,0.006081335,3,17
28.57825,0.6258387,0.1131991,1.105527,0.006805055,3,17
28.58328,0.6308738,0.1132535,1.105574,0.007458769,3,17
28.58881,0.6364056,0.1133539,1.105756,0.007691793,3,17
28.5943,0.6418905,0.1134262,1.105846,0.008351505,3,17
28.60003,0.6476163,0.1136356,1.105904,0.008764304,3,17
28.60533,0.6529235,0.1137338,1.105981,0.009318925,3,17
28.61201,0.6595989,0.1137974,1.106098,0.009581462,3,17
28.61707,0.6646565,0.1138624,1.106162,0.009956382,3,17
28.62281,0.6704021,0.1137593,1.106197,0.0102847,3,17
28.62886,0.6764496,0.1137975,1.106272,0.01075853,3,17
28.63383,0.6814155,0.1138037,1.10623,0.01110224,3,17
28.63918,0.68677,0.1138298,1.106269,0.01147154,3,17
28.64563,0.6932201,0.1137507,1.106289,0.01187208,3,17
28.65063,0.6982163,0.1137582,1.106325,0.0122526,3,17
28.65587,0.7034603,0.1137655,1.106359,0.01260179,3,17
28.66116,0.7087525,0.113774,1.106397,0.01298296,3,17
28.66659,0.7141836,0.1137126,1.106431,0.01245605,3,17
28.67194,0.7195257,0.1137127,1.106471,0.01275562,3,17
28.67818,0.7257674,0.1135706,1.106442,0.01273903,3,17
28.68348,0.7310729,0.1134379,1.106465,0.01309508,3,17
28.69409,0.7416835,0.1133521,1.106561,0.01338543,3,17
28.69891,0.746504,0.1133207,1.106587,0.01354424,3,17
28.70393,0.7515249,0.1133214,1.106787,0.01327483,3,17
28.70953,0.7571182,0.1132847,1.106862,0.01339228,3,17
28.71449,0.7620789,0.1132512,1.106932,0.01350001,3,17
28.71935,0.7669474,0.1132225,1.106991,0.01359216,3,17
28.72361,0.7712036,0.113195,1.107048,0.01368103,3,17
28.73003,0.777626,0.113076,1.107039,0.01344058,3,17
28.73539,0.7829816,0.1130268,1.1071,0.01349982,3,17
28.74142,0.7890187,0.1128905,1.10725,0.01348316,3,17
28.74692,0.7945099,0.1127837,1.107354,0.01341597,3,17
28.75226,0.7998523,0.1127022,1.107444,0.01342875,3,17
28.75839,0.8059809,0.1125745,1.107516,0.01336337,3,17
28.76349,0.8110819,0.112404,1.107535,0.01334786,3,17
28.76839,0.8159875,0.1123053,1.107594,0.01334068,3,17
28.77361,0.8212042,0.1121139,1.107615,0.01324517,3,17
28.77937,0.826965,0.1119891,1.107669,0.01321761,3,17
28.7849,0.8324974,0.111861,1.107724,0.01318931,3,17
28.78969,0.837289,0.1117466,1.107773,0.01316406,3,17
28.79561,0.843201,0.1115383,1.107785,0.01301172,3,17
28.80095,0.8485404,0.1114163,1.107827,0.01297086,3,17
28.80587,0.8534696,0.1112908,1.10787,0.01292879,3,17
28.81199,0.8595896,0.1113242,1.107865,0.01275925,3,17
28.81704,0.8646326,0.1112282,1.107898,0.01271076,3,17
28.82209,0.869688,0.1110912,1.107881,0.01257514,3,17
28.8274,0.8749985,0.1109748,1.107915,0.01250898,3,17
28.83251,0.8801109,0.1105064,1.108056,0.01209002,3,17
28.83802,0.8856147,0.1103192,1.108111,0.01195062,3,17
28.8443,0.8918936,0.1101138,1.108215,0.01158104,3,17
28.84946,0.897056,0.1099281,1.108278,0.01140061,3,17
28.85535,0.902943,0.1098757,1.108304,0.0110822,3,17
28.86299,0.9105881,0.1097731,1.108293,0.0108617,3,17
28.86765,0.9152467,0.1096646,1.10832,0.01069985,3,17
28.87308,0.9206725,0.1096191,1.108328,0.01043708,3,17
28.87902,0.9266189,0.1096114,1.108338,0.01011408,3,17
28.88376,0.9313527,0.1095427,1.108356,0.009908818,3,17
28.88918,0.9367765,0.1094633,1.108377,0.009671107,3,17
28.89513,0.9427243,0.1095413,1.108303,0.009279408,3,17
28.90034,0.9479322,0.1096428,1.108321,0.008819327,3,17
28.90519,0.9527844,0.1096294,1.108326,0.008535828,3,17
28.9112,0.9587975,0.1096122,1.108333,0.00816356,3,17
28.91629,0.9638874,0.1095601,1.108231,0.007900126,3,17
28.92141,0.9690001,0.1096404,1.108115,0.007676717,3,17
28.92648,0.9740737,0.1096356,1.108088,0.007397145,3,17
28.93178,0.979375,0.1097314,1.107801,0.006590109,3,17
28.93766,0.9852564,0.1097306,1.107739,0.005880903,3,17
28.94381,0.9914038,0.1097464,1.107646,0.005319104,3,17
28.94902,0.9966128,0.10976,1.10757,0.004850663,3,17
28.95426,1.001857,0.1097032,1.107077,0.003938168,3,17
28.96003,1.007629,0.1097085,1.106916,0.003374226,3,17
28.96532,1.012918,0.1096386,1.106499,0.002715614,3,17
28.97043,1.018021,0.1096949,1.106171,0.00185997,3,17
28.97644,1.024036,0.1097019,1.105932,0.001222018,3,17
28.98101,1.028604,0.1097088,1.105721,0.000654567,3,17
28.98574,1.033336,0.1097164,1.105511,8.327141E-05,3,17
28.99043,1.038024,0.1097264,1.105258,-0.0006081425,3,17
28.997,1.044596,0.1098342,1.105359,-0.001660865,3,17
29.00184,1.049439,0.1098553,1.105192,-0.00230391,3,17
29.00767,1.05526,0.1098817,1.104906,-0.004589375,3,17
29.01361,1.061204,0.1099107,1.104679,-0.0058094,3,17
29.01893,1.066522,0.109814,1.104593,-0.007291935,3,17
29.02472,1.072318,0.1098422,1.104662,-0.00881068,3,17
29.03094,1.078539,0.1097883,1.104763,-0.01063707,3,17
29.03726,1.08486,0.1097408,1.104927,-0.01224299,3,17
29.04376,1.091355,0.1097209,1.104942,-0.01387551,3,17
29.04915,1.096744,0.1096668,1.105169,-0.01549046,3,17
29.05365,1.101243,0.1096459,1.105234,-0.01678248,3,17
29.05916,1.106761,0.1096255,1.105308,-0.01813163,3,17
29.0641,1.111701,0.1096072,1.105386,-0.01944134,3,17
29.06895,1.116547,0.1095908,1.105469,-0.02071185,3,17
29.07519,1.122789,0.1093777,1.105864,-0.02293961,3,17
29.08043,1.128027,0.1093429,1.105988,-0.02423693,3,17
29.08486,1.132456,0.1093117,1.106109,-0.02544516,3,17
29.09118,1.138776,0.109343,1.106379,-0.02479683,3,17
29.09702,1.144622,0.1093113,1.106523,-0.02601036,3,17
29.10233,1.149927,0.1091623,1.107139,-0.02942438,3,17
29.10747,1.155068,0.1091179,1.107346,-0.03088392,3,17
29.11315,1.160746,0.1090662,1.107606,-0.03265506,3,17
29.11883,1.166425,0.1087153,1.108413,-0.03876098,3,17
29.1243,1.171897,0.1086272,1.108763,-0.04104675,3,17
29.12998,1.177574,0.1085386,1.109139,-0.04342064,3,17
29.13574,1.18334,0.1084698,1.108978,-0.04283217,3,17
29.1426,1.190196,0.1084349,1.109146,-0.04506638,3,17
29.1484,1.195992,0.1082532,1.109574,-0.04987422,3,17
29.15382,1.201421,0.1080093,1.109726,-0.05272167,3,17
29.15946,1.207059,0.1078911,1.109981,-0.05514207,3,17
29.16494,1.212534,0.1076851,1.110069,-0.05729162,3,17
29.16997,1.217564,0.1075595,1.110289,-0.05953917,3,17
29.17585,1.223447,0.1073952,1.110453,-0.06192689,3,17
29.1818,1.229395,0.1074325,1.110715,-0.06413373,3,17
29.1872,1.234797,0.1073179,1.110967,-0.06640827,3,17
29.19315,1.240751,0.107209,1.111273,-0.06921015,3,17
29.20016,1.247753,0.1069375,1.111746,-0.07186513,3,17
29.20695,1.254549,0.1066968,1.112122,-0.07466078,3,17
29.21311,1.260712,0.106447,1.112694,-0.07751186,3,17
29.21796,1.265562,0.1063277,1.112987,-0.0793333,3,17
29.22261,1.270204,0.1061856,1.113503,-0.08136261,3,17
29.22739,1.274992,0.1060567,1.113883,-0.08341077,3,17
29.23178,1.279373,0.1059369,1.114265,-0.08542794,3,17
29.23685,1.284445,0.1056489,1.11482,-0.0875513,3,17
29.24138,1.288982,0.1055181,1.115218,-0.08947428,3,17
29.24581,1.29341,0.1053961,1.115615,-0.09136446,3,17
29.24998,1.297581,0.1051286,1.116065,-0.09327358,3,17
29.25492,1.302522,0.1049686,1.116564,-0.09557565,3,17
29.25999,1.307585,0.1048377,1.117004,-0.09757356,3,17
29.26416,1.311753,0.1047269,1.117403,-0.09936295,3,17
29.26904,1.316638,0.1046024,1.117887,-0.1014997,3,17
29.27423,1.321826,0.1044731,1.118439,-0.1038957,3,17
29.27894,1.326535,0.1043811,1.118869,-0.1057353,3,17
29.28338,1.330982,0.1042917,1.119325,-0.1076612,3,17
29.28778,1.335379,0.104013,1.120084,-0.1094379,3,17
29.29252,1.340119,0.1039112,1.120633,-0.1116427,3,17
29.29707,1.344664,0.1038372,1.121073,-0.1133949,3,17
29.30126,1.348852,0.104077,1.119998,-0.1053681,3,17
29.30547,1.353069,0.1030997,1.123402,-0.1160008,3,17
29.31007,1.357661,0.1028895,1.124269,-0.1188968,3,17
29.31576,1.363358,0.102489,1.125553,-0.1224434,3,17
29.32322,1.370814,0.1027591,1.125258,-0.1202862,3,17
29.32992,1.377519,0.102592,1.126763,-0.1239111,3,17
29.34256,1.39016,0.1025016,1.128807,-0.1290945,3,17
29.34876,1.396354,0.1025973,1.129403,-0.1303087,3,17
29.35492,1.402511,0.1025961,1.130093,-0.1318691,3,17
29.36127,1.408864,0.102578,1.130882,-0.1338737,3,17
29.36766,1.415256,0.1027931,1.13151,-0.1351011,3,17
29.37327,1.420862,0.1029461,1.132287,-0.1363995,3,17
29.37909,1.426687,0.1030414,1.132798,-0.1372742,3,17
29.38545,1.433051,0.1031365,1.133541,-0.1388802,3,17
29.39075,1.438344,0.103179,1.134134,-0.1398463,3,17
29.39681,1.444412,0.1031722,1.134602,-0.140622,3,17
29.40334,1.450933,0.1032432,1.135287,-0.1419931,3,17
29.41073,0.0073975,0.1032698,1.136105,-0.1429934,9,18
29.41638,0.0130445,0.1034142,1.136697,-0.1434906,9,18
29.42091,0.0175778,0.1036016,1.137049,-0.1438651,9,18
29.42645,0.0231195,0.1037121,1.137596,-0.1446867,9,18
29.43215,0.0288102,0.1037746,1.138193,-0.1451654,9,18
29.43776,0.0344264,0.1038684,1.138699,-0.1458433,9,18
29.44331,0.0399735,0.1036986,1.139417,-0.1461674,9,18
29.44879,0.045454,0.1036652,1.139914,-0.1463668,9,18
29.4537,0.0503609,0.1037044,1.140412,-0.146521,9,18
29.45984,0.0565,0.1037353,1.140952,-0.1469546,9,18
29.46524,0.0619046,0.1039072,1.141559,-0.1468923,9,18
29.4699,0.0665637,0.1039635,1.142032,-0.1471634,9,18
29.47578,0.07244191,0.1039856,1.142542,-0.1470016,9,18
29.4815,0.07816321,0.1040194,1.143043,-0.1468018,9,18
29.48617,0.0828298,0.1040627,1.143492,-0.1468971,9,18
29.49207,0.0887345,0.1040767,1.144085,-0.1466523,9,18
29.49796,0.0946191,0.1040799,1.144475,-0.1462519,9,18
29.50492,0.1015802,0.1041903,1.145061,-0.1456731,9,18
29.51162,0.1082775,0.1042552,1.145681,-0.1454194,9,18
29.51696,0.1136154,0.1045672,1.146258,-0.1448859,9,18
29.52232,0.1189778,0.1046752,1.146762,-0.1446179,9,18
29.52798,0.1246433,0.104979,1.147178,-0.1439852,9,18
29.533,0.1296552,0.1050358,1.147343,-0.1431859,9,18
29.5383,0.1349635,0.1051512,1.147724,-0.1427865,9,18
29.54413,0.1407898,0.1051958,1.148229,-0.1419557,9,18
29.54934,0.1459952,0.1052467,1.148652,-0.1412435,9,18
29.55423,0.1508927,0.1053394,1.149071,-0.1403903,9,18
29.5608,0.1574576,0.1054468,1.149557,-0.1396791,9,18
29.56547,0.1621254,0.1055643,1.149955,-0.1388632,9,18
29.57171,0.1683707,0.1056972,1.150456,-0.1377429,9,18
29.57844,0.1750999,0.1058181,1.150952,-0.1368772,9,18
29.58388,0.1805427,0.1059243,1.151322,-0.1359202,9,18
29.58897,0.1856286,0.1060261,1.151727,-0.1351577,9,18
29.59463,0.191286,0.1059625,1.152085,-0.1340258,9,18
29.60062,0.197279,0.1060808,1.152395,-0.1329983,9,18
29.60624,0.2028981,0.1060834,1.152652,-0.131721,9,18
29.6118,0.2084604,0.1061536,1.153045,-0.1306407,9,18
29.61669,0.2133518,0.1061926,1.153391,-0.1296767,9,18
29.62119,0.2178472,0.1062791,1.153698,-0.1287043,9,18
29.6261,0.2227608,0.1063439,1.154031,-0.1277608,9,18
29.6311,0.2277611,0.106398,1.154338,-0.1265572,9,18
29.63626,0.2329164,0.106458,1.154647,-0.1256169,9,18
29.64255,0.2392092,0.1064845,1.15506,-0.1241305,9,18
29.64827,0.2449264,0.1065605,1.155451,-0.1227128,9,18
29.6526,0.2492646,0.106617,1.155773,-0.1216657,9,18
29.65899,0.2556534,0.1067731,1.156169,-0.1202081,9,18
29.66437,0.2610277,0.1069507,1.15655,-0.1188683,9,18
29.6686,0.2652632,0.1070386,1.156851,-0.117859,9,18
29.67425,0.2709074,0.10719,1.157312,-0.1162137,9,18
29.68032,0.2769756,0.1072814,1.157581,-0.1148533,9,18
29.68472,0.2813829,0.1073729,1.157873,-0.113773,9,18
29.69004,0.2867032,0.1074482,1.158065,-0.1122898,9,18
29.69602,0.2926762,0.1075317,1.15823,-0.110442,9,18
29.70073,0.2973855,0.1076069,1.158438,-0.1093353,9,18
29.70571,0.3023706,0.1076988,1.158687,-0.108016,9,18
29.71145,0.3081074,0.1078136,1.158992,-0.1064133,9,18
29.71623,0.3128885,0.107899,1.159215,-0.1052512,9,18
29.72225,0.3189124,0.1080526,1.15929,-0.1032536,9,18
29.72801,0.3246666,0.1080958,1.158985,-0.1032529,9,18
29.73368,0.3303426,0.1082415,1.159332,-0.09995522,9,18
29.73968,0.3363421,0.1082896,1.159423,-0.09798454,9,18
29.74567,0.3423262,0.1082553,1.159373,-0.0960253,9,18
29.75103,0.3476877,0.1083201,1.159493,-0.09416333,9,18
29.75694,0.3536045,0.1083756,1.159573,-0.09244595,9,18
29.76252,0.3591779,0.1084393,1.159681,-0.09071067,9,18
29.76748,0.3641432,0.1084155,1.159838,-0.08928402,9,18
29.77283,0.3694852,0.1083964,1.15983,-0.08750127,9,18
29.77953,0.376193,0.1084081,1.159773,-0.08551449,9,18
29.78389,0.3805519,0.1084305,1.159808,-0.08418413,9,18
29.78835,0.3850052,0.1084571,1.159846,-0.08275183,9,18
29.79388,0.3905443,0.1084888,1.159714,-0.08073325,9,18
29.79935,0.396013,0.108543,1.159603,-0.07903355,9,18
29.80491,0.4015699,0.1086286,1.159431,-0.07716917,9,18
29.8107,0.4073631,0.1086938,1.159362,-0.07514027,9,18
29.81648,0.4131463,0.1087702,1.159274,-0.07340816,9,18
29.82226,0.4189194,0.1088432,1.159199,-0.07152209,9,18
29.82766,0.4243227,0.1089412,1.159257,-0.06973762,9,18
29.83354,0.4302044,0.1090445,1.159122,-0.06766966,9,18
29.83942,0.4360778,0.1090072,1.158869,-0.06568047,9,18
29.84568,0.44234,0.1090758,1.158739,-0.06356937,9,18
29.85098,0.447639,0.108974,1.158713,-0.06164152,9,18
29.85669,0.4533514,0.1090404,1.158764,-0.05990964,9,18
29.86289,0.4595502,0.1089706,1.158826,-0.05816949,9,18
29.868,0.4646578,0.1089834,1.158801,-0.05653548,9,18
29.87319,0.4698558,0.1089943,1.158675,-0.05469253,9,18
29.87999,0.4766504,0.1089534,1.158625,-0.05275564,9,18
29.88509,0.4817514,0.1089583,1.158578,-0.05112369,9,18
29.89103,0.4876927,0.108843,1.158521,-0.04915896,9,18
29.89771,0.4943774,0.1088174,1.158604,-0.04720936,9,18
29.90271,0.4993727,0.108805,1.158592,-0.04562692,9,18
29.90841,0.5050785,0.1088007,1.158763,-0.04403021,9,18
29.91369,0.5103587,0.1088583,1.158919,-0.04242689,9,18
29.91945,0.5161146,0.1088702,1.15898,-0.04085124,9,18
29.92551,0.5221741,0.1089713,1.159114,-0.03920881,9,18
29.93105,0.5277148,0.1088874,1.159018,-0.03750559,9,18
29.93677,0.533434,0.1088955,1.159051,-0.03600068,9,18
29.94318,0.5398412,0.1088824,1.159111,-0.03420079,9,18
29.94912,0.5457819,0.1089802,1.159236,-0.03264718,9,18
29.95542,0.5520831,0.1089971,1.159279,-0.03079055,9,18
29.96173,0.5583983,0.1090269,1.159339,-0.02914767,9,18
29.96701,0.5636695,0.1089069,1.159438,-0.0279306,9,18
29.97176,0.5684221,0.1088272,1.159463,-0.0267532,9,18
29.97762,0.5742858,0.1088062,1.159525,-0.02538182,9,18
29.98273,0.5793871,0.1085946,1.159415,-0.02417002,9,18
29.98759,0.5842533,0.108537,1.159444,-0.02290529,9,18
29.9936,0.5902678,0.1084704,1.159372,-0.02142601,9,18
30.00178,0.5984447,0.1083835,1.159191,-0.01961736,9,18
30.00742,0.6040852,0.1083654,1.158947,-0.01830501,9,18
30.01259,0.6092539,0.1083402,1.158659,-0.01702694,9,18
30.01798,0.614647,0.1083039,1.158543,-0.01585563,9,18
30.0231,0.6197662,0.1082686,1.158425,-0.01464945,9,18
30.02835,0.6250108,0.1082339,1.158306,-0.01338919,9,18
30.03344,0.6300979,0.1083894,1.157944,-0.01219682,9,18
30.03918,0.6358374,0.1085495,1.157906,-0.01247622,9,18
30.04425,0.6409163,0.1085696,1.15777,-0.0114903,9,18
30.04937,0.646035,0.1088514,1.157539,-0.009412002,9,18
30.05497,0.6516309,0.1090539,1.157398,-0.00811848,9,18
30.06098,0.6576422,0.1091695,1.157244,-0.0068326,9,18
30.06649,0.6631462,0.1093348,1.15716,-0.005960964,9,18
30.07135,0.6680124,0.1094586,1.15703,-0.004821107,9,18
30.07838,0.675037,0.1096152,1.156872,-0.003407236,9,18
30.08418,0.6808352,0.1096376,1.156737,-0.002823554,9,18
30.08871,0.6853695,0.1097335,1.156629,-0.001925759,9,18
30.0951,0.6917654,0.1096515,1.156666,-0.002385627,9,18
30.1011,0.6977628,0.1098126,1.15658,-0.0008414127,9,18
30.10668,0.7033421,0.1098935,1.156429,-7.031485E-05,9,18
30.11251,0.7091773,0.1100111,1.156318,0.0006949715,9,18
30.11789,0.7145475,0.1100978,1.156224,0.001436986,9,18
30.12336,0.720017,0.1101287,1.155989,0.002069335,9,18
30.12907,0.725733,0.1102165,1.155845,0.002901778,9,18
30.13437,0.7310324,0.110211,1.15566,0.003469761,9,18
30.14009,0.7367462,0.1102769,1.155515,0.004207548,9,18
30.14498,0.7416429,0.1103343,1.15539,0.004838046,9,18
30.14967,0.7463279,0.1103944,1.155263,0.005486,9,18
30.15567,0.7523348,0.1105695,1.155577,0.004597973,9,18
30.16197,0.7586359,0.1107494,1.155465,0.005292233,9,18
30.16665,0.7633094,0.1108376,1.155397,0.005726863,9,18
30.17264,0.7693061,0.110926,1.155304,0.006120462,9,18
30.17838,0.7750434,0.111017,1.155229,0.006556012,9,18
30.18329,0.7799532,0.1111872,1.1552,0.006761424,9,18
30.18897,0.7856286,0.1112626,1.155069,0.006985601,9,18
30.19482,0.7914828,0.1113877,1.154969,0.007419381,9,18
30.20113,0.7977919,0.1114926,1.154971,0.00754926,9,18
30.20672,0.8033792,0.1114787,1.154988,0.00756745,9,18
30.21243,0.8090917,0.1113972,1.154925,0.007625449,9,18
30.21841,0.8150715,0.1114288,1.154877,0.007809002,9,18
30.22398,0.8206419,0.1112771,1.154772,0.007843483,9,18
30.23032,0.8269845,0.1111641,1.154683,0.007911243,9,18
30.23625,0.8329093,0.1111289,1.15462,0.008028179,9,18
30.24253,0.8391894,0.1110576,1.154605,0.008011773,9,18
30.24738,0.8440369,0.1110202,1.154559,0.008088179,9,18
30.25177,0.8484318,0.1110029,1.154574,0.00794379,9,18
30.25624,0.8529068,0.1109781,1.15458,0.007821392,9,18
30.26082,0.8574787,0.1109468,1.154555,0.007824209,9,18
30.2648,0.861461,0.1109197,1.154533,0.007826675,9,18
30.26918,0.8658445,0.1108897,1.154508,0.007829458,9,18
30.27469,0.8713527,0.110849,1.154474,0.007833291,9,18
30.27938,0.8760378,0.11082,1.154451,0.007836077,9,18
30.28381,0.8804702,0.1107897,1.154426,0.007839013,9,18
30.28852,0.8851849,0.1107573,1.154399,0.007842209,9,18
30.29306,0.8897192,0.1107224,1.15437,0.007845711,9,18
30.29823,0.8948966,0.1106914,1.154344,0.007848855,9,18
30.3024,0.8990655,0.1106631,1.154321,0.007851779,9,18
30.30734,0.9040083,0.1104651,1.154447,0.007362355,9,18
30.31202,0.9086823,0.1104159,1.15443,0.007326253,9,18
30.31684,0.9134979,0.1103761,1.154416,0.007297043,9,18
30.32166,0.9183218,0.1104215,1.154369,0.007322073,9,18
30.32641,0.9230726,0.1103821,1.154351,0.007292595,9,18
30.331,0.927658,0.1100869,1.1543,0.007043038,9,18
30.33667,0.9333324,0.109648,1.15418,0.006737832,9,18
30.34293,0.9395965,0.1097379,1.154286,0.006649941,9,18
30.34868,0.9453464,0.1096115,1.154372,0.00639534,9,18
30.35411,0.9507754,0.1095978,1.154452,0.006261863,9,18
30.36032,0.9569821,0.1095168,1.15448,0.006125625,9,18
30.3659,0.962566,0.1094259,1.154564,0.006044555,9,18
30.37058,0.967245,0.1093511,1.154616,0.00598247,9,18
30.37666,0.9733244,0.10927,1.154661,0.00587615,9,18
30.38201,0.9786761,0.1092874,1.154719,0.005744383,9,18
30.38641,0.9830773,0.1092412,1.154758,0.005654138,9,18
30.39231,0.9889712,0.1092553,1.154745,0.005491991,9,18
30.39815,0.9948133,0.1092982,1.154927,0.005239166,9,18
30.40266,0.9993274,0.1092814,1.154985,0.005111303,9,18
30.40877,1.005435,0.109348,1.155068,0.004907042,9,18
30.41431,1.010974,0.1092738,1.155163,0.004626151,9,18
30.41939,1.016053,0.1092583,1.155226,0.004468981,9,18
30.42584,1.022503,0.1092413,1.155197,0.004245002,9,18
30.43147,1.028136,0.1092809,1.155292,0.003980581,9,18
30.43778,1.034439,0.1093749,1.155488,0.003714774,9,18
30.44375,1.04041,0.1093994,1.155591,0.00348258,9,18
30.44894,1.045601,0.1094329,1.155697,0.003220998,9,18
30.45451,1.051172,0.1094381,1.155822,0.00285127,9,18
30.46078,1.057444,0.1094585,1.15593,0.002580103,9,18
30.4662,1.062865,0.1093853,1.156071,0.002155431,9,18
30.47184,1.068506,0.1093834,1.156195,0.001826681,9,18
30.47841,1.075072,0.1093784,1.156487,0.001197297,9,18
30.48374,1.080406,0.1091129,1.156518,0.0008840188,9,18
30.48944,1.08611,0.1090861,1.156578,0.0005107746,9,18
30.49434,1.091002,0.1090348,1.156681,0.0001607724,9,18
30.49981,1.096475,0.1090796,1.156879,-0.0003903471,9,18
30.50556,1.102221,0.1089374,1.156967,-0.001009986,9,18
30.51113,1.107795,0.1088725,1.157096,-0.001515739,9,18
30.51706,1.113726,0.1086689,1.157107,-0.002053451,9,18
30.52172,1.118387,0.1085919,1.157187,-0.002458788,9,18
30.52724,1.1239,0.1085355,1.1573,-0.003081635,9,18
30.53271,1.129373,0.1084066,1.157265,-0.003796443,9,18
30.53879,1.135453,0.1083128,1.157332,-0.004352413,9,18
30.54488,1.141546,0.1081347,1.157227,-0.005065996,9,18
30.55046,1.147121,0.1080372,1.157286,-0.006049842,9,18
30.55624,1.152904,0.1078977,1.15731,-0.006774299,9,18
30.56172,1.158383,0.1077859,1.157342,-0.007443424,9,18
30.5665,1.163163,0.1076787,1.157316,-0.008267976,9,18
30.57221,1.168874,0.1075392,1.15739,-0.009201262,9,18
30.57882,1.175483,0.1073847,1.157457,-0.01027757,9,18
30.58441,1.181069,0.1072596,1.157497,-0.01111279,9,18
30.59002,1.186689,0.1071526,1.15758,-0.01210893,9,18
30.59527,1.191936,0.1070293,1.15764,-0.01330287,9,18
30.60031,1.196971,0.106934,1.157682,-0.01406805,9,18
30.60577,1.202433,0.1068182,1.157733,-0.01500608,9,18
30.61142,1.208087,0.1066893,1.157789,-0.01606007,9,18
30.61768,1.214339,0.1064449,1.157845,-0.01739431,9,18
30.62265,1.219314,0.1063244,1.15789,-0.01829512,9,18
30.62905,1.225716,0.1062218,1.157951,-0.01859398,9,18
30.63355,1.230209,0.1057651,1.157988,-0.02084767,9,18
30.63955,1.236213,0.1055845,1.158114,-0.02249449,9,18
30.65071,1.247374,0.1050635,1.158204,-0.02522526,9,18
30.65931,1.255966,0.1045507,1.158177,-0.02733779,9,18
30.66384,1.260501,0.1045002,1.158222,-0.02863062,9,18
30.66845,1.265108,0.1043197,1.158253,-0.02980351,9,18
30.67486,1.27152,0.10395,1.158291,-0.03167027,9,18
30.67994,1.276595,0.103748,1.158321,-0.03289483,9,18
30.68541,1.282067,0.1033938,1.158177,-0.0344306,9,18
30.69169,1.288352,0.1030119,1.158322,-0.03663426,9,18
30.69703,1.293687,0.1026572,1.158484,-0.03828219,9,18
30.70175,1.298409,0.1023991,1.158544,-0.03967432,9,18
30.70722,1.303879,0.1020293,1.158723,-0.04152671,9,18
30.71268,1.309344,0.1015964,1.158764,-0.04343482,9,18
30.71968,1.31634,0.1012008,1.158862,-0.04542774,9,18
30.72529,1.321949,0.1008062,1.158962,-0.047326,9,18
30.73072,1.327379,0.1003706,1.159076,-0.04937571,9,18
30.73673,1.333384,0.1000145,1.159168,-0.0511398,9,18
30.74227,1.338932,0.09956679,1.159203,-0.05308397,9,18
30.74826,1.344922,0.09908783,1.159135,-0.05519734,9,18
30.75446,1.351114,0.09859324,1.159065,-0.05755205,9,18
30.76153,1.358184,0.09812459,1.15908,-0.05979175,9,18
30.76705,1.36371,0.09773062,1.159093,-0.06169404,9,18
30.77324,1.369898,0.09723115,1.158883,-0.0640852,9,18
30.77926,1.375917,0.09686164,1.158865,-0.06589313,9,18
30.78413,1.380789,0.09645139,1.15874,-0.06762225,9,18
30.78911,1.385766,0.0961466,1.158607,-0.06944133,9,18
30.79397,1.39063,0.09577292,1.158544,-0.07132469,9,18
30.7989,1.395563,0.09545828,1.158491,-0.07292515,9,18
30.80384,1.400496,0.09512517,1.158437,-0.07463448,9,18
30.80871,1.405365,0.09472695,1.158244,-0.07647741,9,18
30.81318,1.409844,0.09438291,1.158173,-0.07824305,9,18
30.81789,1.414552,0.09409159,1.158113,-0.07975296,9,18
30.82224,1.418901,0.09414437,1.157959,-0.07895815,9,18
30.82702,1.42368,0.09384819,1.157883,-0.08042912,9,18
30.83164,1.428297,0.09354296,1.157807,-0.08196031,9,18
30.83666,1.433321,0.09327474,1.157743,-0.08331896,9,18
30.84137,1.438025,0.09205576,1.157278,-0.08848821,9,18
30.84537,1.442027,0.0917357,1.157193,-0.09004465,9,18
30.84948,1.446135,0.09140348,1.157109,-0.09167349,9,18
30.85381,1.45047,0.09101507,1.157013,-0.09359537,9,18
30.85948,1.456143,0.09106193,1.156691,-0.09271358,9,18
30.86347,1.460126,0.09078266,1.156594,-0.09403613,9,18
30.86794,1.464603,0.09046838,1.156488,-0.09553635,9,18
30.8729,1.469556,0.09006896,1.156357,-0.09746173,9,18
30.88034,1.477005,0.08953329,1.156147,-0.09996876,9,18
30.88637,1.483027,0.08909396,1.155993,-0.1020625,9,18
30.89234,1.488996,0.08793513,1.155484,-0.1072191,9,18
30.89813,1.494788,0.08735742,1.155364,-0.1095568,9,18
30.90284,1.499505,0.08687568,1.155201,-0.1117658,9,18
30.90964,1.506302,0.08613519,1.155015,-0.1141725,9,18
30.915,1.511661,0.08563183,1.154838,-0.1160883,9,18
30.92094,1.517603,0.08512051,1.154761,-0.1178592,9,18
30.92642,1.523085,0.08459619,1.154619,-0.1199745,9,18
30.93225,1.528908,0.08397517,1.154644,-0.1220408,9,18
30.93792,1.534586,0.08348435,1.154646,-0.1237419,9,18
30.94403,1.540698,0.08290906,1.154571,-0.1259429,9,18
30.94905,1.545716,0.08244506,1.154514,-0.127747,9,18
30.95483,1.551495,0.08168856,1.154434,-0.1293838,9,18
30.9615,1.558168,0.08108097,1.154357,-0.1314735,9,18
30.96667,1.563337,0.08050723,1.154129,-0.1329137,9,18
30.97203,1.568699,0.07991576,1.153927,-0.1346776,9,18
30.97824,1.574907,0.07936811,1.153799,-0.1364422,9,18
30.98355,1.580215,0.07893411,1.153616,-0.1378189,9,18
30.98988,1.586548,0.0783873,1.153306,-0.1394526,9,18
30.99765,1.594311,0.07765202,1.152923,-0.1415188,9,18
31.00542,0.0077791,0.07708516,1.152605,-0.1431242,8,19
31.0112,0.0135575,0.07655276,1.152359,-0.1447475,8,19
31.01705,0.0194003,0.07610694,1.152152,-0.1461289,8,19
31.02246,0.0248135,0.07585256,1.151907,-0.147095,8,19
31.02784,0.0301975,0.07544109,1.151692,-0.1484296,8,19
31.03331,0.0356598,0.07541231,1.151634,-0.1478224,8,19
31.03912,0.0414702,0.07488807,1.151206,-0.1496159,8,19
31.04553,0.0478806,0.07441809,1.150909,-0.1510941,8,19
31.05096,0.0533167,0.07390246,1.150714,-0.1521042,8,19
31.05781,0.0601664,0.073626,1.150688,-0.152864,8,19
31.06208,0.06443629,0.07334,1.150549,-0.1536867,8,19
31.06624,0.0685987,0.07306808,1.150417,-0.1544781,8,19
31.07063,0.072984,0.07275017,1.150262,-0.1554154,8,19
31.07722,0.0795802,0.07235203,1.150067,-0.1566081,8,19
31.08297,0.0853209,0.07228339,1.150367,-0.156764,8,19
31.0879,0.0902559,0.07287648,1.151002,-0.1550711,8,19
31.09509,0.0974406,0.07257252,1.150967,-0.1559649,8,19
31.10256,0.104919,0.07202481,1.15144,-0.1574503,8,19
31.10858,0.1109359,0.0720027,1.151871,-0.1576253,8,19
31.11375,0.1161013,0.072117,1.15231,-0.1575398,8,19
31.11863,0.1209841,0.07201567,1.152492,-0.1579,8,19
31.12496,0.127315,0.07209538,1.15284,-0.1577345,8,19
31.13031,0.1326697,0.07201786,1.153096,-0.1580424,8,19
31.13571,0.1380614,0.0720079,1.153252,-0.1577315,8,19
31.14205,0.1444072,0.07202599,1.153431,-0.1575037,8,19
31.14701,0.1493611,0.0719534,1.153529,-0.1570964,8,19
31.15147,0.1538234,0.0719059,1.153702,-0.1570572,8,19
31.15832,0.160678,0.07191472,1.153897,-0.1564343,8,19
31.16353,0.1658814,0.07197384,1.154035,-0.1557715,8,19
31.16856,0.1709164,0.07196168,1.154196,-0.1554946,8,19
31.17525,0.177608,0.07215748,1.154453,-0.1546874,8,19
31.18097,0.1833207,0.07225396,1.154558,-0.1538811,8,19
31.18607,0.1884252,0.07229915,1.154712,-0.1534133,8,19
31.19116,0.193512,0.07234295,1.15482,-0.1524556,8,19
31.19597,0.1983301,0.07231847,1.15499,-0.1516047,8,19
31.20111,0.2034642,0.07234633,1.155143,-0.1509497,8,19
31.20637,0.2087244,0.07253863,1.155328,-0.1498355,8,19
31.21168,0.2140336,0.07261046,1.155506,-0.1489936,8,19
31.21711,0.2194666,0.07270337,1.155698,-0.1478186,8,19
31.22212,0.2244744,0.07277269,1.155861,-0.146988,8,19
31.22766,0.2300101,0.07292643,1.156041,-0.1456547,8,19
31.23281,0.2351686,0.07304429,1.156168,-0.1441967,8,19
31.23875,0.2411021,0.07313024,1.156315,-0.1427678,8,19
31.24375,0.2461027,0.0732199,1.156465,-0.1416527,8,19
31.24919,0.2515384,0.07331405,1.156623,-0.1400998,8,19
31.25396,0.2563149,0.07339334,1.156766,-0.1385956,8,19
31.25982,0.2621698,0.07348754,1.156923,-0.1372406,8,19
31.26577,0.2681209,0.07367601,1.157156,-0.1354638,8,19
31.2709,0.2732579,0.07379641,1.157332,-0.1339891,8,19
31.27712,0.2794698,0.07401035,1.157508,-0.1321397,8,19
31.28253,0.2848867,0.07412643,1.157599,-0.1303466,8,19
31.28754,0.2898929,0.0742025,1.157583,-0.1285984,8,19
31.29354,0.2958924,0.07435291,1.157715,-0.1265755,8,19
31.30187,0.3042214,0.07458902,1.157833,-0.1239551,8,19
31.30684,0.309197,0.07472469,1.157927,-0.1222854,8,19
31.31313,0.3154852,0.07506391,1.158202,-0.1198565,8,19
31.31817,0.3205268,0.07521206,1.158309,-0.1183472,8,19
31.32383,0.3261858,0.07506237,1.158303,-0.1162125,8,19
31.32866,0.3310178,0.07515157,1.158388,-0.1145385,8,19
31.33353,0.3358826,0.07515662,1.158424,-0.1125844,8,19
31.33888,0.3412357,0.07522188,1.158395,-0.1106067,8,19
31.34435,0.3467049,0.07530107,1.158453,-0.1086167,8,19
31.34943,0.3517823,0.0753731,1.158612,-0.1067325,8,19
31.35424,0.3565895,0.0754116,1.158638,-0.1047072,8,19
31.36039,0.3627402,0.07548608,1.158708,-0.1025532,8,19
31.36551,0.3678617,0.07564334,1.158563,-0.1005444,8,19
31.37098,0.3733291,0.07596529,1.158386,-0.09815264,8,19
31.37744,0.3797971,0.07612935,1.158347,-0.09589718,8,19
31.38262,0.3849705,0.07650664,1.158055,-0.09374002,8,19
31.38804,0.3903939,0.07692349,1.157789,-0.09149247,8,19
31.3945,0.396854,0.07726112,1.157606,-0.08877033,8,19
31.39963,0.4019827,0.07763073,1.157376,-0.08689113,8,19
31.40439,0.4067431,0.07790612,1.157217,-0.08494404,8,19
31.41006,0.4124139,0.07824439,1.156965,-0.08268696,8,19
31.41506,0.4174158,0.07865318,1.156906,-0.08054835,8,19
31.42098,0.4233363,0.07899219,1.156741,-0.07841072,8,19
31.42632,0.4286759,0.07929967,1.156682,-0.07640897,8,19
31.43179,0.4341445,0.07959533,1.156667,-0.07425669,8,19
31.43771,0.4400713,0.07992668,1.156555,-0.07216051,8,19
31.44377,0.4461256,0.08032814,1.15663,-0.07004822,8,19
31.44883,0.4511901,0.08064158,1.156656,-0.06819703,8,19
31.4547,0.4570605,0.08110245,1.156692,-0.06596055,8,19
31.46033,0.4626895,0.08145538,1.156668,-0.06404632,8,19
31.46607,0.4684288,0.08183229,1.156716,-0.06209138,8,19
31.47215,0.4745049,0.08216696,1.156766,-0.05979754,8,19
31.47822,0.4805825,0.08253486,1.156775,-0.05776505,8,19
31.48381,0.486171,0.08263116,1.156821,-0.0560227,8,19
31.48932,0.4916744,0.08272693,1.156844,-0.0542703,8,19
31.49517,0.4975329,0.08302967,1.156866,-0.05205633,8,19
31.50081,0.5031658,0.08303917,1.156881,-0.05060747,8,19
31.50626,0.508617,0.08315124,1.156985,-0.04899899,8,19
31.51197,0.5143301,0.08336928,1.157025,-0.04696947,8,19
31.51774,0.5201001,0.08353302,1.157183,-0.04542822,8,19
31.52312,0.5254792,0.0837018,1.157358,-0.04390638,8,19
31.52913,0.5314863,0.08389674,1.157454,-0.04214676,8,19
31.53392,0.5362827,0.08419748,1.157617,-0.04077582,8,19
31.53992,0.5422776,0.08431067,1.157675,-0.03905114,8,19
31.54631,0.5486744,0.08461349,1.157718,-0.03728174,8,19
31.55142,0.5537793,0.08482574,1.157803,-0.03568439,8,19
31.55769,0.5600493,0.08496543,1.158019,-0.03430225,8,19
31.56252,0.5648825,0.08499251,1.157973,-0.03319032,8,19
31.56758,0.5699371,0.08513604,1.158046,-0.03185229,8,19
31.57277,0.5751369,0.08510639,1.158007,-0.03054541,8,19
31.57853,0.5808906,0.08521453,1.15806,-0.02919879,8,19
31.58379,0.586149,0.08515686,1.158109,-0.02813709,8,19
31.58994,0.5923062,0.08518014,1.15814,-0.02672005,8,19
31.5951,0.5974585,0.08520085,1.158125,-0.02540537,8,19
31.60045,0.6028101,0.08524468,1.158153,-0.02428322,8,19
31.6064,0.608764,0.08519442,1.157948,-0.02295966,8,19
31.6122,0.6145635,0.08520731,1.157748,-0.02165504,8,19
31.6181,0.6204637,0.08522988,1.15768,-0.0204245,8,19
31.62486,0.6272182,0.08526001,1.157599,-0.01889023,8,19
31.63129,0.6336527,0.08537547,1.157346,-0.01738192,8,19
31.63857,0.6409247,0.08539405,1.157146,-0.01710881,8,19
31.64452,0.6468768,0.08543217,1.157028,-0.01599036,8,19
31.6497,0.6520549,0.08546643,1.156927,-0.01501511,8,19
31.65551,0.6578718,0.08614109,1.156637,-0.01240283,8,19
31.66306,0.6654225,0.08647145,1.15656,-0.01093496,8,19
31.6689,0.6712559,0.0866875,1.156442,-0.009601176,8,19
31.67492,0.6772745,0.08693083,1.156419,-0.008340091,8,19
31.68108,0.6834423,0.08715142,1.156332,-0.007062342,8,19
31.6863,0.6886602,0.08741708,1.156351,-0.006316632,8,19
31.69151,0.6938715,0.08751924,1.156247,-0.005232476,8,19
31.69753,0.6998847,0.08773157,1.156449,-0.004506554,8,19
31.70257,0.7049285,0.08791819,1.156452,-0.003570214,8,19
31.70821,0.7105714,0.08810623,1.156541,-0.002774663,8,19
31.71359,0.7159524,0.08823143,1.156533,-0.0018171,8,19
31.71873,0.721089,0.08838274,1.156548,-0.001014929,8,19
31.72432,0.7266732,0.08853638,1.156475,-0.0001831427,8,19
31.72985,0.7322091,0.08863273,1.156337,0.0006605238,8,19
31.73456,0.7369191,0.08877376,1.156305,0.001481093,8,19
31.74042,0.7427784,0.08901232,1.156235,0.002256937,8,19
31.74619,0.7485544,0.0892727,1.1563,0.002890781,8,19
31.75126,0.7536204,0.08946954,1.156287,0.003682386,8,19
31.75823,0.7605889,0.08976271,1.156332,0.004356738,8,19
31.76367,0.7660334,0.08994882,1.156341,0.004810352,8,19
31.76841,0.7707737,0.09012502,1.156344,0.005374506,8,19
31.77489,0.7772536,0.09035271,1.156206,0.006051779,8,19
31.78162,0.7839853,0.09055348,1.156193,0.006586581,8,19
31.78669,0.7890472,0.09073099,1.156173,0.007116355,8,19
31.7934,0.7957642,0.09099007,1.156146,0.007881768,8,19
31.79852,0.8008813,0.09125115,1.156021,0.008114044,8,19
31.80409,0.8064532,0.09144345,1.156027,0.008227523,8,19
31.81016,0.8125209,0.091675,1.155994,0.008725945,8,19
31.81504,0.817404,0.09188332,1.155965,0.009171464,8,19
31.82116,0.8235207,0.09165006,1.155888,0.008731287,8,19
31.82697,0.8293328,0.09179985,1.155846,0.009069081,8,19
31.8325,0.8348579,0.09194788,1.155632,0.009587601,8,19
31.83918,0.8415409,0.09209391,1.155526,0.009830415,8,19
31.84418,0.8465412,0.09221776,1.155451,0.01011569,8,19
31.84918,0.8515375,0.09234716,1.155435,0.01017798,8,19
31.85425,0.8566048,0.09246364,1.155386,0.01028762,8,19
31.86013,0.8624886,0.09259198,1.155324,0.01050292,8,19
31.86571,0.8680694,0.09265794,1.155254,0.01059576,8,19
31.87155,0.8739113,0.09266549,1.155116,0.01073851,8,19
31.87726,0.8796189,0.09274503,1.155039,0.01090042,8,19
31.88258,0.8849422,0.09275458,1.15493,0.01098118,8,19
31.88751,0.8898669,0.09284569,1.154884,0.01106191,8,19
31.89272,0.8950735,0.09292328,1.154803,0.01120145,8,19
31.89846,0.9008142,0.09300391,1.154778,0.01124705,8,19
31.90399,0.9063438,0.09303713,1.15475,0.01129966,8,19
31.90976,0.9121138,0.09310491,1.154692,0.0114014,8,19
31.91481,0.9171711,0.09317145,1.154635,0.01150109,8,19
31.92006,0.9224225,0.09322952,1.154585,0.01158796,8,19
31.92604,0.9284004,0.09327737,1.154503,0.01160112,8,19
31.93166,0.9340195,0.0931574,1.154544,0.01154125,8,19
31.93717,0.9395301,0.0931401,1.154522,0.01154782,8,19
31.9429,0.9452634,0.09316098,1.154482,0.01159597,8,19
31.9482,0.950561,0.09318075,1.154444,0.01164148,8,19
31.95738,0.9597446,0.09306119,1.154418,0.01154543,8,19
31.96365,0.9660119,0.09296128,1.154395,0.0114275,8,19
31.96803,0.9703954,0.09294217,1.154371,0.01142056,8,19
31.97387,0.9762319,0.09283999,1.154317,0.01135206,8,19
31.97927,0.981634,0.0928085,1.154287,0.01133638,8,19
31.98356,0.9859248,0.09278148,1.154261,0.01132292,8,19
31.98879,0.991155,0.09268413,1.154132,0.01116344,8,19
31.99451,0.996874,0.09263129,1.154074,0.0111138,8,19
32.00012,1.002481,0.09279343,1.154129,0.01089748,8,19
32.00533,1.007686,0.09280242,1.154075,0.01066295,8,19
32.01041,1.012769,0.09279147,1.154032,0.01054361,8,19
32.01645,1.018809,0.09276864,1.153996,0.01037011,8,19
32.02262,1.024978,0.09275377,1.15395,0.01022591,8,19
32.02812,1.03048,0.092727,1.153973,0.01005063,8,19
32.03313,1.035491,0.09270767,1.154063,0.00978478,8,19
32.03907,1.041431,0.0926661,1.154179,0.009469189,8,19
32.04427,1.046627,0.0926448,1.154204,0.00927737,8,19
32.04867,1.051033,0.09262671,1.154227,0.009112991,8,19
32.05418,1.056542,0.09255922,1.154354,0.008774787,8,19
32.0594,1.061764,0.0925331,1.154393,0.008579053,8,19
32.06876,1.071117,0.09256312,1.154469,0.008327931,8,19
32.07435,1.076709,0.09254238,1.154519,0.008098658,8,19
32.07988,1.082245,0.09246154,1.154626,0.007431936,8,19
32.08459,1.086951,0.0924358,1.154675,0.0071785,8,19
32.0902,1.09256,0.09240508,1.154734,0.006872825,8,19
32.09528,1.097638,0.09242463,1.154788,0.006674848,8,19
32.10143,1.103787,0.09240076,1.154846,0.006382551,8,19
32.1081,1.110458,0.09237293,1.154914,0.006036226,8,19
32.11427,1.116633,0.09219993,1.155163,0.004496697,8,19
32.12128,1.123642,0.09212716,1.155159,0.003808748,8,19
32.1274,1.129766,0.09206434,1.155228,0.003194619,8,19
32.13272,1.135088,0.09200645,1.155292,0.002617549,8,19
32.13936,1.141721,0.09200583,1.155486,0.001774125,8,19
32.14465,1.147011,0.0919008,1.155762,0.0008520782,8,19
32.14916,1.15152,0.09183692,1.155935,8.362904E-05,8,19
32.15422,1.15658,0.09171543,1.156041,-0.0009345189,8,19
32.16127,1.163639,0.09162783,1.156194,-0.001879837,8,19
32.16632,1.168688,0.09147902,1.156162,-0.00254868,8,19
32.17205,1.174416,0.09136292,1.156196,-0.003578972,8,19
32.17833,1.180696,0.09126507,1.156274,-0.00444008,8,19
32.18323,1.185597,0.09129942,1.156528,-0.00560189,8,19
32.18898,1.191346,0.09124832,1.156741,-0.006876193,8,19
32.19432,1.19669,0.09118679,1.156887,-0.007922944,8,19
32.20011,1.202478,0.09102191,1.157093,-0.009231549,8,19
32.20512,1.207492,0.09094884,1.157235,-0.01021735,8,19
32.21119,1.21356,0.09079787,1.157448,-0.01171832,8,19
32.21723,1.219594,0.09070879,1.15761,-0.01286042,8,19
32.22283,1.225199,0.09047031,1.157587,-0.01419328,8,19
32.22773,1.2301,0.0903703,1.157699,-0.01523837,8,19
32.23334,1.235708,0.09044003,1.157776,-0.01572632,8,19
32.23979,1.242154,0.09026581,1.158043,-0.01866601,8,19
32.24471,1.247074,0.0901816,1.15817,-0.01992826,8,19
32.24969,1.252053,0.09009647,1.158301,-0.02125448,8,19
32.25517,1.257535,0.08980111,1.158259,-0.02342398,8,19
32.26102,1.263383,0.08967247,1.158361,-0.02498505,8,19
32.2669,1.269268,0.08953007,1.158381,-0.02675293,8,19
32.27222,1.274588,0.08939701,1.158431,-0.02851132,8,19
32.27928,1.281647,0.08925316,1.15852,-0.0304632,8,19
32.2844,1.286762,0.08910166,1.158502,-0.03203507,8,19
32.28945,1.291815,0.08900123,1.158481,-0.03363625,8,19
32.29539,1.297763,0.08886687,1.158521,-0.03559722,8,19
32.30177,1.304133,0.08864281,1.158573,-0.0376382,8,19
32.30816,1.310523,0.08842783,1.158702,-0.03973488,8,19
32.31376,1.316131,0.0882568,1.158849,-0.0418229,8,19
32.31887,1.321235,0.08814069,1.158913,-0.04333801,8,19
32.32478,1.32715,0.0880824,1.159272,-0.04577304,8,19
32.32965,1.332014,0.08799092,1.159356,-0.04766838,8,19
32.33425,1.336619,0.08789517,1.159474,-0.04947611,8,19
32.3408,1.343164,0.08774756,1.159561,-0.05171964,8,19
32.34619,1.348553,0.08757989,1.159636,-0.0536695,8,19
32.35071,1.353076,0.08747428,1.159732,-0.05547051,8,19
32.35632,1.358679,0.08737244,1.15983,-0.05734847,8,19
32.36226,1.364623,0.08731472,1.159838,-0.05963752,8,19
32.36661,1.368971,0.08724298,1.1598,-0.06119379,8,19
32.3723,1.374664,0.08708312,1.159722,-0.06348655,8,19
32.37851,1.380868,0.08698252,1.159747,-0.0656281,8,19
32.38361,1.385971,0.08694728,1.159587,-0.0675615,8,19
32.38922,1.391587,0.08697711,1.159365,-0.06969462,8,19
32.39501,1.397373,0.08692864,1.159287,-0.07202213,8,19
32.4008,1.403163,0.08690204,1.159082,-0.07386563,8,19
32.40622,1.408582,0.08691964,1.159012,-0.07592516,8,19
32.4118,1.414168,0.0869039,1.158907,-0.07820951,8,19
32.41712,1.419489,0.08701003,1.158863,-0.08008502,8,19
32.42271,1.425075,0.08694288,1.158762,-0.08211927,8,19
32.4291,1.431471,0.08705183,1.158645,-0.08456632,8,19
32.4344,1.436765,0.08708612,1.158556,-0.08668582,8,19
32.44096,1.443328,0.08719636,1.158446,-0.08891365,8,19
32.44629,1.448654,0.08735501,1.158333,-0.09088376,8,19
32.4517,1.454067,0.08744882,1.158232,-0.09306659,8,19
32.45747,1.459838,0.08753974,1.158144,-0.09503175,8,19
32.46362,1.465993,0.08773673,1.157836,-0.09705177,8,19
32.46858,1.470953,0.08783796,1.157712,-0.09885101,8,19
32.47432,1.47669,0.08800962,1.157492,-0.1008955,8,19
32.47986,1.482234,0.08812603,1.157353,-0.1026912,8,19
32.48468,1.487053,0.08823955,1.157222,-0.1043944,8,19
32.49029,1.492663,0.08838793,1.157058,-0.1065557,8,19
32.49622,1.498589,0.08866923,1.156825,-0.1082417,8,19
32.50111,1.503474,0.08881108,1.156685,-0.1099528,8,19
32.50583,1.508197,0.08895252,1.156549,-0.1116302,8,19
32.51192,1.514288,0.08912361,1.156232,-0.110514,8,19
32.51789,1.520261,0.08927025,1.155752,-0.1116724,8,19
32.52277,1.525132,0.08970491,1.155082,-0.1149537,8,19
32.52837,1.530733,0.08993194,1.154751,-0.1169327,8,19
32.53408,1.536446,0.09019333,1.154376,-0.1192061,8,19
32.54089,1.543257,0.09024914,1.153744,-0.1200445,8,19
32.54737,1.549737,0.09045626,1.15319,-0.1213147,8,19
32.5522,1.554571,0.09063225,1.152804,-0.1227638,8,19
32.55891,1.561271,0.09080833,1.152274,-0.1238561,8,19
32.56424,1.566608,0.09097225,1.151937,-0.1247332,8,19
32.56873,1.571093,0.09111553,1.151608,-0.1257839,8,19
32.57492,1.57729,0.09135493,1.151181,-0.1269164,8,19
32.58224,1.58461,0.09156429,1.150663,-0.1279806,8,19
32.58893,0.0066858,0.09177548,1.150193,-0.1292972,6,20
32.59445,0.0122005,0.09192113,1.149724,-0.1299267,6,20
32.60062,0.0183783,0.09197893,1.149242,-0.1303842,6,20
32.60609,0.0238452,0.09211373,1.148847,-0.131217,6,20
32.61581,0.0335644,0.09249239,1.148168,-0.1317745,6,20
32.62049,0.0382399,0.09260935,1.147887,-0.1322516,6,20
32.62589,0.0436449,0.0927672,1.147508,-0.1329003,6,20
32.63056,0.0483138,0.09291687,1.147148,-0.1335209,6,20
32.63624,0.0539899,0.0933238,1.14693,-0.1335631,6,20
32.64208,0.0598354,0.09353276,1.146553,-0.134165,6,20
32.64694,0.0646925,0.09345897,1.146743,-0.1332059,6,20
32.65151,0.06926671,0.09361262,1.146471,-0.1335595,6,20
32.65753,0.07528501,0.09377861,1.146179,-0.1339439,6,20
32.66242,0.08017461,0.09383073,1.145808,-0.1331977,6,20
32.66716,0.08491071,0.0942586,1.145022,-0.1330091,6,20
32.67242,0.09016721,0.09463072,1.144632,-0.1326301,6,20
32.6777,0.09545131,0.09485278,1.144272,-0.1326492,6,20
32.6823,0.1000473,0.09506386,1.143928,-0.1326685,6,20
32.68815,0.1059031,0.09535244,1.14382,-0.1315728,6,20
32.6945,0.1122554,0.09566197,1.143396,-0.1313004,6,20
32.70211,0.119863,0.09594103,1.143121,-0.1305854,6,20
32.70794,0.1256968,0.09621876,1.142995,-0.1298708,6,20
32.71346,0.1312133,0.09646208,1.142865,-0.1290503,6,20
32.71785,0.1355984,0.09663041,1.142708,-0.1287035,6,20
32.7225,0.1402522,0.09679399,1.142587,-0.12803,6,20
32.7285,0.1462551,0.09704578,1.14236,-0.1274212,6,20
32.73374,0.1514912,0.09721696,1.142233,-0.1265384,6,20
32.7398,0.1575437,0.09735072,1.142112,-0.1255989,6,20
32.74464,0.1623854,0.09752395,1.141958,-0.1249835,6,20
32.74962,0.1673692,0.09770482,1.141797,-0.1243447,6,20
32.75508,0.172836,0.09801704,1.141741,-0.1229603,6,20
32.76072,0.1784754,0.09822908,1.1416,-0.1221695,6,20
32.76596,0.1837134,0.09848823,1.141473,-0.1211049,6,20
32.77028,0.188029,0.09877709,1.141418,-0.1201335,6,20
32.77637,0.1941262,0.09903771,1.141289,-0.1191773,6,20
32.78149,0.1992427,0.09934589,1.141181,-0.118085,6,20
32.78571,0.2034676,0.0995593,1.141081,-0.1173133,6,20
32.79142,0.2091784,0.09988298,1.141081,-0.1159698,6,20
32.79707,0.2148235,0.1001026,1.141001,-0.1147074,6,20
32.80126,0.2190164,0.1003076,1.140927,-0.113862,6,20
32.80717,0.2249226,0.1006063,1.140818,-0.1126409,6,20
32.81283,0.2305852,0.1011318,1.140964,-0.1110404,6,20
32.81905,0.2368073,0.1014697,1.140923,-0.1098178,6,20
32.82516,0.2429149,0.1018369,1.140876,-0.1085037,6,20
32.83023,0.2479903,0.1021576,1.140686,-0.1069747,6,20
32.83478,0.2525385,0.1024652,1.140612,-0.1057905,6,20
32.84103,0.2587933,0.1028236,1.140525,-0.1044217,6,20
32.84661,0.2643722,0.1028103,1.140578,-0.1028173,6,20
32.85203,0.2697912,0.1030926,1.140522,-0.1013574,6,20
32.85863,0.2763921,0.1033581,1.140444,-0.09965169,6,20
32.86433,0.2820893,0.1036213,1.140208,-0.09791782,6,20
32.86927,0.287033,0.103851,1.140118,-0.09661579,6,20
32.87501,0.2927713,0.1041303,1.140007,-0.09485836,6,20
32.88042,0.2981819,0.1042941,1.139941,-0.09345216,6,20
32.88517,0.3029388,0.1045062,1.139856,-0.0921382,6,20
32.89103,0.3087936,0.1046838,1.139643,-0.09029202,6,20
32.89664,0.3144083,0.1048407,1.139485,-0.08869746,6,20
32.90216,0.3199237,0.1050544,1.139351,-0.08712192,6,20
32.90833,0.326089,0.1052186,1.139074,-0.08521341,6,20
32.914,0.3317628,0.1053441,1.138823,-0.0833361,6,20
32.91911,0.3368788,0.1054993,1.138666,-0.0819407,6,20
32.92514,0.3429068,0.1056834,1.138464,-0.08011346,6,20
32.93062,0.3483835,0.105803,1.138162,-0.07819803,6,20
32.93626,0.3540307,0.1059543,1.137967,-0.07667772,6,20
32.94196,0.3597311,0.1059455,1.137755,-0.07488709,6,20
32.94712,0.3648915,0.1059632,1.137565,-0.07329994,6,20
32.95176,0.3695249,0.1060626,1.137363,-0.07171023,6,20
32.95773,0.3754918,0.1061413,1.137165,-0.06998129,6,20
32.96338,0.3811473,0.1061951,1.136991,-0.06824917,6,20
32.96881,0.3865752,0.1062837,1.136795,-0.06659883,6,20
32.97508,0.392845,0.1063697,1.13643,-0.06441621,6,20
32.98178,0.3995408,0.1065027,1.136162,-0.06247067,6,20
32.98643,0.4041989,0.1065894,1.135961,-0.06098531,6,20
32.99281,0.4105771,0.1066259,1.135589,-0.05884396,6,20
32.99905,0.4168175,0.106856,1.135299,-0.05696907,6,20
33.00456,0.4223228,0.1070747,1.135145,-0.05524926,6,20
33.01039,0.4281573,0.1072543,1.134872,-0.05322427,6,20
33.01618,0.4339451,0.1074399,1.134702,-0.05169751,6,20
33.02167,0.4394357,0.107617,1.134496,-0.05002032,6,20
33.0274,0.4451642,0.1077981,1.134265,-0.04826052,6,20
33.03221,0.4499753,0.1079084,1.13403,-0.04667287,6,20
33.03868,0.4564465,0.1080189,1.133745,-0.04488204,6,20
33.04485,0.4626175,0.1081879,1.13348,-0.04304317,6,20
33.04971,0.4674723,0.1084232,1.133378,-0.04150098,6,20
33.05524,0.473002,0.108771,1.133328,-0.03974076,6,20
33.06123,0.478996,0.1089929,1.133159,-0.03811239,6,20
33.06612,0.4838809,0.1092012,1.133003,-0.03663626,6,20
33.07267,0.4904314,0.1094783,1.132889,-0.03463984,6,20
33.07854,0.4963102,0.1096942,1.132748,-0.03319071,6,20
33.08363,0.5013982,0.1099176,1.132606,-0.03173874,6,20
33.0894,0.5071606,0.1096521,1.132598,-0.03215377,6,20
33.09465,0.5124166,0.1098413,1.132454,-0.03075292,6,20
33.10041,0.5181758,0.1096769,1.132611,-0.02963401,6,20
33.10585,0.523613,0.1097824,1.132513,-0.02649324,6,20
33.11082,0.528584,0.1099146,1.132418,-0.02473105,6,20
33.11644,0.5342073,0.1099646,1.132528,-0.02317421,6,20
33.12202,0.539783,0.1099348,1.132759,-0.0219401,6,20
33.12758,0.5453423,0.1100229,1.132784,-0.02029086,6,20
33.13348,0.5512421,0.1101343,1.132814,-0.01837917,6,20
33.1401,0.5578631,0.1098682,1.133071,-0.01770644,6,20
33.14573,0.5634922,0.1099583,1.133295,-0.01666262,6,20
33.15133,0.5690925,0.1100043,1.133416,-0.01522559,6,20
33.158,0.5757608,0.1100702,1.133639,-0.01411993,6,20
33.16456,0.5823233,0.1101253,1.133825,-0.01285591,6,20
33.1696,0.587361,0.1101699,1.133953,-0.01179663,6,20
33.1758,0.593563,0.1101326,1.134095,-0.0105725,6,20
33.18147,0.5992314,0.1101786,1.134265,-0.009661376,6,20
33.18593,0.6036916,0.1102087,1.134389,-0.008752428,6,20
33.1918,0.6095589,0.110385,1.134642,-0.007614657,6,20
33.19769,0.6154498,0.1105038,1.134815,-0.006735604,6,20
33.20218,0.6199425,0.1105714,1.134959,-0.00588939,6,20
33.20802,0.6257822,0.1106606,1.135147,-0.004802033,6,20
33.2132,0.6309592,0.1107501,1.135335,-0.003742747,6,20
33.2184,0.6361591,0.1108254,1.135491,-0.002873108,6,20
33.22424,0.6420047,0.1109005,1.135706,-0.002125058,6,20
33.22868,0.6464355,0.1109727,1.13586,-0.001341447,6,20
33.23296,0.6507169,0.111052,1.136029,-0.0004986934,6,20
33.23876,0.6565213,0.110575,1.135355,-0.001977485,6,20
33.24337,0.6611294,0.1106037,1.135444,-0.001354676,6,20
33.24804,0.6657953,0.110634,1.135535,-0.0007248707,6,20
33.25634,0.6740943,0.110723,1.135517,0.0008023642,6,20
33.26157,0.6793336,0.1107599,1.135593,0.00149478,6,20
33.26633,0.6840863,0.1110949,1.135765,0.003414311,6,20
33.27119,0.6889526,0.1110947,1.135549,0.00284313,6,20
33.27611,0.6938701,0.1111585,1.135592,0.003455523,6,20
33.28116,0.6989218,0.1113922,1.135589,0.004438028,6,20
33.28685,0.7046096,0.111516,1.135634,0.005285211,6,20
33.29221,0.7099741,0.1115389,1.135474,0.005852386,6,20
33.2977,0.7154624,0.1116264,1.135474,0.00651532,6,20
33.30313,0.7208936,0.1116962,1.135351,0.006924976,6,20
33.30794,0.725697,0.111848,1.135525,0.007054366,6,20
33.31244,0.7301965,0.1119475,1.135544,0.007571969,6,20
33.31742,0.7351812,0.1120411,1.135562,0.008054111,6,20
33.3229,0.7406586,0.112156,1.135586,0.008639213,6,20
33.32905,0.7468061,0.1121139,1.135599,0.008044828,6,20
33.33452,0.7522724,0.1122055,1.135621,0.008458294,6,20
33.34135,0.7591099,0.1123044,1.135646,0.008899525,6,20
33.34719,0.7649511,0.1124499,1.135668,0.009590056,6,20
33.3528,0.7705545,0.1125912,1.1357,0.009854436,6,20
33.35913,0.7768865,0.1125893,1.135697,0.01007959,6,20
33.36414,0.7818977,0.1125994,1.135672,0.01023116,6,20
33.36913,0.7868816,0.1126573,1.135679,0.01050955,6,20
33.37469,0.7924469,0.1126739,1.135513,0.01074631,6,20
33.3798,0.7975507,0.1127304,1.135487,0.01080772,6,20
33.38392,0.8016744,0.112772,1.135464,0.01098555,6,20
33.38989,0.8076481,0.1128222,1.135431,0.01117353,6,20
33.39551,0.8132638,0.1128822,1.135398,0.01142022,6,20
33.40112,0.8188788,0.1129902,1.135434,0.01153576,6,20
33.40692,0.8246763,0.1130603,1.135418,0.0117477,6,20
33.41277,0.8305298,0.1131372,1.1354,0.01197873,6,20
33.41795,0.8357054,0.1131939,1.135387,0.01214827,6,20
33.42412,0.8418777,0.113257,1.135537,0.01208229,6,20
33.42905,0.8468009,0.1133159,1.135543,0.01222619,6,20
33.43428,0.8520305,0.1133839,1.135551,0.01239166,6,20
33.44145,0.8592076,0.1132748,1.135372,0.01208216,6,20
33.44638,0.8641383,0.1133424,1.135169,0.01205656,6,20
33.45227,0.8700196,0.1134039,1.13512,0.01216741,6,20
33.45892,0.8766732,0.1134357,1.135008,0.01223713,6,20
33.46432,0.8820782,0.1133581,1.134895,0.01224012,6,20
33.47019,0.8879438,0.1133751,1.13482,0.01231113,6,20
33.4762,0.8939512,0.1133723,1.134733,0.01231021,6,20
33.48201,0.8997575,0.1133494,1.134674,0.01230169,6,20
33.48819,0.9059372,0.1133294,1.134622,0.01228924,6,20
33.49355,0.9112952,0.1133261,1.134555,0.01231318,6,20
33.49899,0.9167437,0.1133236,1.134501,0.01233247,6,20
33.50518,0.9229266,0.1132611,1.134464,0.01225496,6,20
33.51035,0.928104,0.1132463,1.134405,0.01225822,6,20
33.51678,0.9345357,0.1132414,1.134467,0.0121783,6,20
33.52196,0.939711,0.113255,1.134451,0.01211408,6,20
33.52729,0.9450382,0.1132491,1.13442,0.01209172,6,20
33.53173,0.9494797,0.1132437,1.13439,0.01207098,6,20
33.53676,0.954514,0.1132386,1.134362,0.0120516,6,20
33.54193,0.959684,0.1132327,1.134331,0.01202941,6,20
33.54704,0.9647923,0.1132225,1.134374,0.01193438,6,20
33.55187,0.969622,0.1132159,1.134352,0.01190165,6,20
33.55746,0.9752118,0.1132094,1.134331,0.01187016,6,20
33.56244,0.9801957,0.1131807,1.134318,0.01181457,6,20
33.56675,0.9845076,0.1131734,1.134301,0.01178585,6,20
33.57156,0.9893212,0.1131409,1.134342,0.01154252,6,20
33.5779,0.9956557,0.1131279,1.134328,0.01147676,6,20
33.58242,1.000172,0.1131178,1.134317,0.01142528,6,20
33.58713,1.004883,0.1131068,1.134304,0.01136991,6,20
33.59293,1.010685,0.1129373,1.13449,0.01041208,6,20
33.59885,1.016608,0.1128776,1.134568,0.01013181,6,20
33.60423,1.02198,0.1128491,1.134658,0.00991641,6,20
33.60957,1.027325,0.1128107,1.1347,0.009701289,6,20
33.61451,1.032263,0.1127622,1.134789,0.009421859,6,20
33.6202,1.037958,0.1127219,1.134842,0.009193473,6,20
33.62677,1.044521,0.1126379,1.135056,0.008730285,6,20
33.632,1.049757,0.1125866,1.135146,0.00844194,6,20
33.63817,1.055927,0.112421,1.13539,0.0072322,6,20
33.64285,1.060606,0.1124589,1.135332,0.007469367,6,20
33.64748,1.065231,0.1124112,1.135405,0.007169042,6,20
33.65279,1.070548,0.1123516,1.135496,0.006794043,6,20
33.65913,1.076884,0.1122364,1.135439,0.006255083,6,20
33.66365,1.081405,0.1121825,1.13549,0.005939551,6,20
33.66857,1.08632,0.112123,1.135547,0.005590111,6,20
33.67486,1.092615,0.1120104,1.135605,0.005225658,6,20
33.68018,1.097928,0.111883,1.135727,0.004373528,6,20
33.68489,1.102644,0.1118161,1.135786,0.003992349,6,20
33.69075,1.108503,0.1115106,1.135989,0.002199423,6,20
33.69706,1.114808,0.1112305,1.136043,0.001158826,6,20
33.70159,1.119339,0.1110949,1.136114,0.0004903339,6,20
33.70759,1.125342,0.1108936,1.136279,-0.0006461442,6,20
33.71358,1.131333,0.1106936,1.136403,-0.00187555,6,20
33.7191,1.136851,0.11054,1.136495,-0.002714213,6,20
33.72444,1.14219,0.1103771,1.136593,-0.003607135,6,20
33.72989,1.147639,0.1101759,1.136553,-0.004602116,6,20
33.73463,1.152381,0.1100155,1.136623,-0.005467363,6,20
33.7398,1.157559,0.1098638,1.136689,-0.006289423,6,20
33.74554,1.163297,0.1098462,1.136656,-0.007747587,6,20
33.75051,1.168269,0.1096692,1.136711,-0.008913595,6,20
33.75668,1.17444,0.1093742,1.136576,-0.01056618,6,20
33.76196,1.179712,0.10911,1.136415,-0.01189904,6,20
33.76664,1.184401,0.1089226,1.136382,-0.0129982,6,20
33.77125,1.189011,0.1087098,1.136164,-0.0143328,6,20
33.777,1.194757,0.1084968,1.136082,-0.01560651,6,20
33.78233,1.20009,0.1083216,1.135843,-0.01695407,6,20
33.78735,1.205111,0.1081254,1.135732,-0.01819906,6,20
33.79285,1.210612,0.1079143,1.13541,-0.01961661,6,20
33.79882,1.216586,0.107444,1.135084,-0.02329879,6,20
33.80365,1.221416,0.1075697,1.13518,-0.02240493,6,20
33.80941,1.227177,0.1073618,1.135036,-0.023862,6,20
33.81435,1.232113,0.1071644,1.134903,-0.02524954,6,20
33.81994,1.2377,0.1066443,1.134762,-0.02675141,6,20
33.82557,1.243334,0.1065335,1.135129,-0.02729411,6,20
33.83164,1.249402,0.1058844,1.135343,-0.03110658,6,20
33.83792,1.255686,0.1055516,1.135357,-0.03300653,6,20
33.84441,1.262168,0.1049791,1.135865,-0.03595988,6,20
33.8494,1.267167,0.1044863,1.136134,-0.03784542,6,20
33.85548,1.273243,0.1039974,1.136332,-0.04029441,6,20
33.86092,1.27868,0.1036237,1.136776,-0.04235525,6,20
33.86536,1.283126,0.1032935,1.136962,-0.04403785,6,20
33.87043,1.288191,0.1026143,1.137497,-0.04662658,6,20
33.87618,1.29394,0.1021756,1.137777,-0.0487106,6,20
33.88204,1.299805,0.1019394,1.137852,-0.04916338,6,20
33.88688,1.304645,0.1015681,1.138079,-0.05084807,6,20
33.89205,1.309813,0.1003683,1.138584,-0.05564273,6,20
33.90036,1.318121,0.09954829,1.139026,-0.05921107,6,20
33.90537,1.323131,0.09902105,1.139315,-0.06152309,6,20
33.91077,1.328536,0.09840485,1.139658,-0.06424315,6,20
33.91656,1.334317,0.09760123,1.139847,-0.06704371,6,20
33.9225,1.340258,0.09811625,1.139501,-0.06436453,6,20
33.92792,1.345683,0.09764406,1.139723,-0.06631113,6,20
33.93393,1.351689,0.09593958,1.140504,-0.07340153,6,20
33.94054,1.358299,0.09497922,1.140793,-0.07707921,6,20
33.94663,1.364394,0.09409897,1.140885,-0.07993266,6,20
33.95129,1.369056,0.09339443,1.14112,-0.08266573,6,20
33.9572,1.374962,0.0927164,1.141212,-0.08481531,6,20
33.96286,1.380626,0.09204241,1.141426,-0.08712976,6,20
33.96784,1.385602,0.09140454,1.141618,-0.08950184,6,20
33.97345,1.391209,0.09075158,1.14177,-0.09218606,6,20
33.97874,1.396504,0.09017169,1.141935,-0.09443723,6,20
33.9837,1.401467,0.08964166,1.141979,-0.09647651,6,20
33.9887,1.40647,0.08906846,1.14195,-0.0986243,6,20
33.99424,1.412006,0.08837909,1.142074,-0.1013311,6,20
33.99989,1.417656,0.08780375,1.141987,-0.1034169,6,20
34.00529,1.423057,0.08709605,1.141791,-0.1055311,6,20
34.0108,1.42857,0.08637961,1.14179,-0.1081764,6,20
34.01658,1.434345,0.08590183,1.14161,-0.1101305,6,20
34.02173,1.439499,0.08515643,1.141609,-0.1122155,6,20
34.02713,1.444901,0.08451559,1.141573,-0.1144909,6,20
34.03265,1.450418,0.08377432,1.141338,-0.1166028,6,20
34.0387,1.456474,0.0829309,1.141336,-0.1186997,6,20
34.04426,1.462028,0.08224811,1.141276,-0.1208637,6,20
34.04909,1.466857,0.08145933,1.141326,-0.1224143,6,20
34.05447,1.472244,0.08076048,1.14125,-0.1243582,6,20
34.06071,1.478481,0.08003332,1.141203,-0.1264695,6,20
34.06553,1.483298,0.07938655,1.140981,-0.1277399,6,20
34.07043,1.488195,0.07870242,1.14086,-0.1293181,6,20
34.07647,1.494241,0.07802388,1.140766,-0.13111,6,20
34.08112,1.498886,0.07744175,1.140686,-0.132224,6,20
34.08691,1.50468,0.07670634,1.140583,-0.134087,6,20
34.09291,1.510682,0.07595899,1.140514,-0.1355263,6,20
34.09914,1.516902,0.07531421,1.140414,-0.1366221,6,20
34.10514,1.522902,0.07466112,1.140366,-0.1376756,6,20
34.11101,1.528771,0.07392898,1.140279,-0.1392285,6,20
34.11687,1.534635,0.07339086,1.140366,-0.1400129,6,20
34.12247,1.54024,0.07274117,1.140445,-0.1407644,6,20
34.12794,1.545709,0.07213677,1.140435,-0.1418529,6,20
34.13501,1.552771,0.07129129,1.140495,-0.1427762,6,20
34.1423,0.0072889,0.07041801,1.140508,-0.1434412,4,21
34.14783,0.0128186,0.06970578,1.140482,-0.1437333,4,21
34.15251,0.0174986,0.0690902,1.140482,-0.1444224,4,21
34.15802,0.0230054,0.06848963,1.140414,-0.1444753,4,21
34.1631,0.0280898,0.06788532,1.1404,-0.1450277,4,21
34.16775,0.03274,0.06740159,1.140382,-0.1449079,4,21
34.17322,0.0382046,0.06676707,1.140291,-0.1448373,4,21
34.17866,0.04364569,0.06618101,1.140261,-0.1451475,4,21
34.18372,0.0487114,0.06571631,1.140208,-0.1448694,4,21
34.1889,0.0538926,0.06513222,1.140108,-0.1444513,4,21
34.19488,0.0598703,0.06441721,1.140047,-0.1445123,4,21
34.20039,0.0653742,0.06394532,1.139891,-0.1439089,4,21
34.20548,0.0704681,0.06354143,1.139798,-0.1433407,4,21
34.21178,0.07676449,0.06287181,1.139701,-0.1430855,4,21
34.21731,0.0822963,0.06247067,1.139645,-0.1424046,4,21
34.22309,0.08808339,0.06190349,1.139566,-0.1420692,4,21
34.22901,0.0939965,0.06150686,1.139559,-0.1411634,4,21
34.23381,0.09880199,0.06117779,1.139518,-0.1402583,4,21
34.24133,0.1063117,0.06053181,1.139377,-0.1390719,4,21
34.24821,0.1132003,0.06001968,1.139207,-0.1379206,4,21
34.25296,0.1179421,0.05958362,1.139121,-0.1372338,4,21
34.2592,0.1241882,0.05921217,1.138991,-0.1359223,4,21
34.26459,0.1295734,0.05897442,1.139042,-0.1347624,4,21
34.26969,0.1346779,0.05860849,1.138983,-0.1339002,4,21
34.27569,0.140673,0.0583008,1.138982,-0.1325549,4,21
34.28159,0.146572,0.05789809,1.138904,-0.1312978,4,21
34.28693,0.1519201,0.05753126,1.138849,-0.1302698,4,21
34.29259,0.1575724,0.0570503,1.138869,-0.128771,4,21
34.29783,0.1628122,0.05670806,1.138837,-0.1277919,4,21
34.30334,0.1683226,0.05647454,1.138868,-0.1263331,4,21
34.30928,0.1742591,0.05626053,1.138837,-0.1246546,4,21
34.31456,0.179545,0.05603732,1.13884,-0.1229907,4,21
34.3195,0.1844804,0.05579222,1.138826,-0.1218809,4,21
34.32509,0.1900718,0.05556736,1.138783,-0.1202555,4,21
34.33047,0.1954501,0.05527252,1.138804,-0.1185382,4,21
34.33595,0.2009323,0.05501449,1.138792,-0.1171998,4,21
34.34169,0.2066682,0.05462994,1.13873,-0.1155102,4,21
34.34708,0.212061,0.05430672,1.138687,-0.1137941,4,21
34.35295,0.2179239,0.05394858,1.138652,-0.1119925,4,21
34.35916,0.2241347,0.05386836,1.138692,-0.1101453,4,21
34.36469,0.2296638,0.05360506,1.138677,-0.1085126,4,21
34.37011,0.2350911,0.05334847,1.138661,-0.1069304,4,21
34.37582,0.2408007,0.05358128,1.138768,-0.1045626,4,21
34.3817,0.2466784,0.05353477,1.138688,-0.1026377,4,21
34.38713,0.2521085,0.05339918,1.138668,-0.1008829,4,21
34.39307,0.2580442,0.05333282,1.138481,-0.09863172,4,21
34.39957,0.2645494,0.05323197,1.138232,-0.09649664,4,21
34.4047,0.269681,0.0531322,1.138139,-0.09479329,4,21
34.41035,0.2753262,0.05314135,1.137817,-0.09229638,4,21
34.41593,0.2809103,0.05316857,1.137702,-0.09047392,4,21
34.42038,0.2853622,0.05312322,1.13759,-0.08886461,4,21
34.42614,0.2911224,0.05306599,1.137468,-0.0867433,4,21
34.43139,0.2963701,0.05287445,1.137264,-0.08459641,4,21
34.43631,0.3012929,0.05280558,1.137141,-0.08295627,4,21
34.44267,0.3076512,0.05250759,1.136971,-0.08057657,4,21
34.44745,0.312426,0.05240225,1.136841,-0.07884131,4,21
34.45329,0.3182672,0.05226658,1.136669,-0.07653987,4,21
34.46051,0.325485,0.05201019,1.136406,-0.07390735,4,21
34.46621,0.331185,0.05217575,1.136484,-0.07390481,4,21
34.47294,0.3379178,0.05206131,1.136317,-0.07162549,4,21
34.47943,0.3444154,0.05212156,1.135846,-0.06645915,4,21
34.48458,0.3495625,0.05207644,1.135664,-0.06428288,4,21
34.49091,0.3558898,0.05202673,1.135417,-0.0613779,4,21
34.49641,0.361394,0.05199715,1.135229,-0.05918321,4,21
34.50145,0.3664335,0.05197341,1.135028,-0.05687,4,21
34.50871,0.3736872,0.05186658,1.134758,-0.05445814,4,21
34.51387,0.3788473,0.05184707,1.134543,-0.05212794,4,21
34.52031,0.3852917,0.05183572,1.134309,-0.04961396,4,21
34.52654,0.3915186,0.05196135,1.134525,-0.05125352,4,21
34.5322,0.3971767,0.05229833,1.134761,-0.05097051,4,21
34.53871,0.4036871,0.05278854,1.134426,-0.04514707,4,21
34.54429,0.4092703,0.05294997,1.134252,-0.04237297,4,21
34.55395,0.4189247,0.05354259,1.133888,-0.0375329,4,21
34.55913,0.424109,0.05374061,1.13374,-0.03530008,4,21
34.56566,0.4306341,0.05417023,1.133502,-0.03354266,4,21
34.57174,0.4367093,0.05451665,1.133278,-0.0305505,4,21
34.5785,0.4434712,0.05446938,1.133134,-0.03228327,4,21
34.58366,0.4486314,0.055007,1.1325,-0.02909977,4,21
34.58908,0.4540483,0.05538142,1.132153,-0.02724674,4,21
34.59421,0.4591818,0.05571195,1.13185,-0.02517474,4,21
34.59971,0.4646789,0.05605341,1.131815,-0.02409624,4,21
34.6048,0.4697666,0.05631664,1.131606,-0.02285507,4,21
34.61006,0.4750321,0.05663702,1.131372,-0.02118247,4,21
34.6155,0.4804682,0.05696874,1.131207,-0.0197565,4,21
34.62072,0.4856951,0.05727198,1.131007,-0.01828603,4,21
34.62688,0.4918502,0.05752466,1.131137,-0.0171374,4,21
34.63268,0.4976435,0.05782407,1.131087,-0.01586921,4,21
34.63802,0.5029916,0.05784789,1.131056,-0.01485668,4,21
34.64356,0.5085256,0.05809332,1.130959,-0.01350965,4,21
34.64892,0.5138893,0.05819551,1.130947,-0.01252586,4,21
34.65396,0.5189278,0.05847594,1.131022,-0.01158858,4,21
34.66048,0.5254457,0.05873649,1.130983,-0.01029182,4,21
34.66577,0.5307365,0.05899078,1.130957,-0.009412773,4,21
34.6716,0.5365684,0.05925748,1.13092,-0.008414291,4,21
34.67768,0.5426438,0.05950526,1.130888,-0.007360276,4,21
34.68227,0.5472319,0.05953331,1.130747,-0.006668627,4,21
34.68739,0.5523563,0.05972904,1.130692,-0.005727738,4,21
34.69363,0.5585989,0.05995951,1.130632,-0.004818749,4,21
34.69934,0.5643051,0.060093,1.130536,-0.004173383,4,21
34.70525,0.5702088,0.06030369,1.130465,-0.00322137,4,21
34.71088,0.5758405,0.06057525,1.130368,-0.002484422,4,21
34.71641,0.5813746,0.06079909,1.130305,-0.001919929,4,21
34.7225,0.5874636,0.06104502,1.130226,-0.001032889,4,21
34.72767,0.5926325,0.06117494,1.130121,-0.0004692152,4,21
34.73307,0.5980321,0.0612212,1.129934,0.0001934655,4,21
34.73864,0.6036103,0.06139873,1.129841,0.0007507466,4,21
34.74359,0.6085534,0.06155526,1.12975,0.001371797,4,21
34.7494,0.614362,0.06186721,1.129704,0.001942102,4,21
34.75561,0.6205721,0.06211352,1.1296,0.00272198,4,21
34.7612,0.6261606,0.06238049,1.129591,0.003183868,4,21
34.76607,0.6310325,0.06260788,1.129559,0.00360883,4,21
34.77114,0.636111,0.06283257,1.129449,0.004085522,4,21
34.77714,0.6421043,0.06306893,1.129369,0.004664384,4,21
34.78389,0.6488618,0.06333961,1.129249,0.005201723,4,21
34.79042,0.6553904,0.063632,1.129201,0.005816016,4,21
34.79544,0.660408,0.06382816,1.129143,0.006254479,4,21
34.80083,0.6658034,0.06405818,1.129074,0.006765049,4,21
34.80639,0.6713623,0.06429262,1.129006,0.007281564,4,21
34.8118,0.6767743,0.06471048,1.129075,0.007539708,4,21
34.81799,0.6829644,0.06465025,1.129062,0.007188033,4,21
34.82318,0.6881498,0.06485154,1.129022,0.007521927,4,21
34.82825,0.6932241,0.0650506,1.128983,0.007850289,4,21
34.83342,0.6983886,0.06541991,1.12877,0.008528419,4,21
34.83853,0.7034994,0.06563351,1.128708,0.008887805,4,21
34.8445,0.7094716,0.06536064,1.128694,0.008663416,4,21
34.84991,0.7148796,0.06552873,1.128633,0.008978251,4,21
34.85597,0.7209359,0.06579106,1.128632,0.009348489,4,21
34.86078,0.725749,0.06593102,1.128597,0.009591818,4,21
34.86596,0.73093,0.06593341,1.128538,0.009685218,4,21
34.87184,0.736804,0.06593563,1.12842,0.009860419,4,21
34.87841,0.7433729,0.06603537,1.128355,0.01009245,4,21
34.8837,0.7486625,0.06603515,1.128299,0.01018053,4,21
34.89012,0.7550845,0.06610432,1.128279,0.0102678,4,21
34.89519,0.7601542,0.06617665,1.128229,0.010432,4,21
34.89995,0.76492,0.06623167,1.128191,0.01055659,4,21
34.9044,0.7693725,0.06629005,1.128151,0.01068851,4,21
34.90893,0.7738952,0.06631342,1.128194,0.0106667,4,21
34.91418,0.7791457,0.06629597,1.128313,0.01055808,4,21
34.9191,0.7840679,0.06633158,1.128309,0.01062637,4,21
34.92433,0.7892972,0.06637419,1.128304,0.01070804,4,21
34.92966,0.7946263,0.06641754,1.128299,0.01079106,4,21
34.93386,0.7988318,0.0664554,1.128295,0.01086352,4,21
34.93873,0.8037045,0.06649302,1.128291,0.01093547,4,21
34.94351,0.8084834,0.06618426,1.128223,0.01087316,4,21
34.94793,0.8128981,0.06618451,1.128212,0.01092874,4,21
34.9525,0.8174678,0.06618479,1.1282,0.01099082,4,21
34.95791,0.8228836,0.06618508,1.128189,0.01105238,4,21
34.9626,0.8275698,0.06605712,1.128385,0.01054742,4,21
34.96758,0.8325557,0.06563836,1.12851,0.01016321,4,21
34.97297,0.8379435,0.06554447,1.128534,0.01010744,4,21
34.97802,0.8429889,0.06526569,1.12847,0.01003335,4,21
34.98309,0.8480672,0.06513174,1.128489,0.009920493,4,21
34.99049,0.8554675,0.06501739,1.128602,0.009704243,4,21
34.99756,0.8625374,0.06494071,1.128731,0.009444013,4,21
35.00297,0.867943,0.06484225,1.128786,0.009311136,4,21
35.00928,0.8742617,0.06470065,1.128885,0.009064145,4,21
35.01588,0.8808583,0.06449472,1.128931,0.008824803,4,21
35.0234,0.8883745,0.06432484,1.128959,0.008630756,4,21
35.02876,0.8937359,0.06420107,1.129003,0.008471217,4,21
35.03543,0.9004115,0.06413742,1.129093,0.008234929,4,21
35.04181,0.9067842,0.06411494,1.129203,0.007972695,4,21
35.04783,0.9128122,0.0641054,1.129331,0.007664405,4,21
35.05455,0.9195338,0.06402788,1.129461,0.007340658,4,21
35.06063,0.9256099,0.06396627,1.129545,0.007117294,4,21
35.06699,0.9319693,0.06384991,1.1297,0.006884683,4,21
35.07322,0.938198,0.06371637,1.129897,0.006560348,4,21
35.07919,0.944173,0.06363451,1.130013,0.006328162,4,21
35.08459,0.9495656,0.06366977,1.130251,0.005913962,4,21
35.09048,0.9554642,0.06350794,1.130466,0.005448587,4,21
35.09654,0.9615202,0.06338672,1.130678,0.005069043,4,21
35.1018,0.9667781,0.06330133,1.130839,0.004756249,4,21
35.10777,0.9727493,0.0631098,1.131059,0.004347362,4,21
35.11451,0.9794954,0.06290685,1.131359,0.003886797,4,21
35.12024,0.985225,0.06279049,1.131541,0.003562044,4,21
35.12727,0.9922498,0.06273021,1.131872,0.002923325,4,21
35.1331,0.9980829,0.06265432,1.132094,0.00232226,4,21
35.14019,1.005176,0.06252673,1.132307,0.001665719,4,21
35.14563,1.010615,0.06243299,1.132501,0.001212165,4,21
35.15086,1.015844,0.06244156,1.132756,0.0005806461,4,21
35.15728,1.022262,0.06242948,1.132973,-0.0001887009,4,21
35.16325,1.02823,0.06239282,1.133109,-0.0008882619,4,21
35.16788,1.032861,0.06235296,1.13326,-0.001372013,4,21
35.17413,1.039117,0.06247455,1.133424,-0.002275437,4,21
35.17989,1.044877,0.06251067,1.133482,-0.003066652,4,21
35.185,1.049985,0.06251722,1.13361,-0.003690239,4,21
35.19096,1.055939,0.06252337,1.133676,-0.004720479,4,21
35.19687,1.061848,0.06246285,1.133686,-0.00571819,4,21
35.20168,1.066658,0.06245552,1.133762,-0.006424062,4,21
35.21049,1.075477,0.06240021,1.13378,-0.008048933,4,21
35.21588,1.08086,0.06238883,1.133829,-0.008793917,4,21
35.22149,1.08647,0.06233977,1.133563,-0.009787146,4,21
35.22762,1.092606,0.06226923,1.133534,-0.01112264,4,21
35.23346,1.098441,0.06219041,1.133641,-0.01267888,4,21
35.23908,1.104064,0.0621569,1.133652,-0.01372058,4,21
35.24485,1.109829,0.06207066,1.133813,-0.01535218,4,21
35.25027,1.115259,0.06214536,1.133859,-0.01687413,4,21
35.25677,1.12176,0.0620406,1.133819,-0.01849246,4,21
35.26181,1.126799,0.06201249,1.133836,-0.01968574,4,21
35.26699,1.131976,0.0619101,1.133971,-0.02125233,4,21
35.27248,1.137468,0.06182416,1.134151,-0.02312004,4,21
35.27838,1.14336,0.06178077,1.134217,-0.02442089,4,21
35.28397,1.148949,0.06185567,1.134285,-0.0262383,4,21
35.28917,1.154156,0.06189887,1.134369,-0.02804905,4,21
35.29469,1.159672,0.06190237,1.134448,-0.02981693,4,21
35.30074,1.165721,0.06190899,1.134633,-0.03178035,4,21
35.30662,1.171604,0.0618984,1.13473,-0.03387753,4,21
35.31214,1.177125,0.06196478,1.134775,-0.0359562,4,21
35.31744,1.18242,0.06198879,1.134834,-0.03747319,4,21
35.32319,1.188178,0.06206599,1.134799,-0.03951382,4,21
35.32793,1.192914,0.06210785,1.134831,-0.04110256,4,21
35.3329,1.197881,0.06233819,1.134765,-0.04318161,4,21
35.33945,1.204431,0.06270638,1.134618,-0.04538389,4,21
35.34565,1.210633,0.06289683,1.134578,-0.04757302,4,21
35.35018,1.215162,0.06302248,1.134436,-0.04924905,4,21
35.3565,1.221486,0.06329395,1.134306,-0.05192287,4,21
35.36226,1.227238,0.06347657,1.134228,-0.05383947,4,21
35.36713,1.232118,0.06376804,1.13432,-0.05619143,4,21
35.37376,1.238739,0.06408399,1.134498,-0.05925245,4,21
35.38044,1.245424,0.06441727,1.134795,-0.06209411,4,21
35.38616,1.251145,0.06468234,1.134871,-0.06443698,4,21
35.39245,1.257433,0.06494247,1.135142,-0.06759489,4,21
35.39844,1.263422,0.06520307,1.135274,-0.07021493,4,21
35.40365,1.268633,0.06545195,1.13537,-0.07248708,4,21
35.40829,1.273278,0.0656136,1.135451,-0.07466388,4,21
35.41247,1.277455,0.06583504,1.135527,-0.07673817,4,21
35.41708,1.282068,0.0660361,1.135587,-0.07856308,4,21
35.4219,1.286886,0.06628617,1.135652,-0.0807627,4,21
35.42683,1.291814,0.06653978,1.135707,-0.08292139,4,21
35.43117,1.296152,0.06680223,1.135754,-0.08508614,4,21
35.43582,1.300803,0.06702758,1.135787,-0.08689366,4,21
35.44015,1.305133,0.06727327,1.135816,-0.08881469,4,21
35.44419,1.309172,0.06750774,1.135836,-0.09060322,4,21
35.4482,1.313182,0.06774593,1.135851,-0.09237878,4,21
35.45216,1.31714,0.06802209,1.13586,-0.09438866,4,21
35.45746,1.322446,0.06831841,1.135862,-0.09649141,4,21
35.46194,1.326928,0.06860646,1.135856,-0.09848599,4,21
35.4666,1.331582,0.06891599,1.135842,-0.1005789,4,21
35.47297,1.337949,0.06938735,1.135807,-0.1036739,4,21
35.47892,1.343908,0.06975748,1.135768,-0.1060328,4,21
35.48416,1.349146,0.07012983,1.135719,-0.1083476,4,21
35.48962,1.35461,0.07052686,1.135658,-0.1107564,4,21
35.4957,1.360686,0.06881364,1.132669,-0.09655827,4,21
35.50304,1.368031,0.06910132,1.132571,-0.09876204,4,21
35.50875,1.373741,0.07200887,1.129012,-0.1181087,4,21
35.51529,1.380274,0.07320747,1.127026,-0.1240156,4,21
35.52149,1.386475,0.07413544,1.125864,-0.1295828,4,21
35.52789,1.392871,0.07489234,1.124579,-0.1309037,4,21
35.53388,1.398867,0.07565531,1.123675,-0.1320078,4,21
35.53996,1.404945,0.0763645,1.123124,-0.1331802,4,21
35.54557,1.410554,0.07715848,1.122178,-0.136171,4,21
35.55098,1.415968,0.07796519,1.121584,-0.1377527,4,21
35.55705,1.422036,0.07872731,1.120873,-0.1395088,4,21
35.56223,1.427214,0.0794671,1.120082,-0.1417943,4,21
35.56778,1.432772,0.08022428,1.119475,-0.1437074,4,21
35.5733,1.438286,0.08115169,1.118803,-0.1461043,4,21
35.57949,1.444486,0.08195413,1.118038,-0.1483874,4,21
35.58508,1.450074,0.08283503,1.117581,-0.1506144,4,21
35.59094,1.455933,0.08374058,1.11679,-0.1531129,4,21
35.59592,1.460908,0.0846322,1.116494,-0.1548291,4,21
35.60032,1.465312,0.08531834,1.115956,-0.1566008,4,21
35.60535,1.470338,0.08610733,1.115325,-0.1586325,4,21
35.61209,1.477079,0.08760272,1.114565,-0.1610048,4,21
35.61842,1.483407,0.08795093,1.115168,-0.1605447,4,21
35.62472,1.489711,0.08889592,1.114597,-0.1625514,4,21
35.63016,1.495151,0.09149001,1.114602,-0.1669533,4,21
35.63498,1.499978,0.09261125,1.114215,-0.1690956,4,21
35.6411,1.506094,0.09380309,1.11378,-0.1713679,4,21
35.64674,1.511739,0.09500708,1.114596,-0.1726454,4,21
35.65136,1.516357,0.09609704,1.114439,-0.1745052,4,21
35.65833,1.523321,0.09749028,1.114866,-0.176447,4,21
35.66315,1.528143,0.09872795,1.115265,-0.1778457,4,21
35.66817,1.533166,0.09985537,1.11531,-0.1795156,4,21
35.67387,1.538863,0.101502,1.115804,-0.1812787,4,21
35.67908,1.544069,0.1026312,1.115904,-0.1828041,4,21
35.68351,1.548498,0.1039868,1.11627,-0.1840329,4,21
35.68913,1.554116,0.1056361,1.116933,-0.1856269,4,21
35.6943,1.559294,0.1070626,1.117187,-0.1872893,4,21
35.69978,1.564772,0.1085155,1.117987,-0.1887279,4,21
35.70553,1.570526,0.1101442,1.11837,-0.1905519,4,21
35.71162,1.576616,0.1114944,1.118853,-0.192092,4,21
35.71731,1.582304,0.1125818,1.119148,-0.1935299,4,21
35.72304,1.588031,0.1137745,1.119563,-0.1950477,4,21
35.72756,1.592556,0.1148706,1.119829,-0.196339,4,21
35.73351,1.598498,0.1163805,1.120157,-0.1981115,4,21
35.73868,1.603675,0.1175458,1.12038,-0.1994749,4,21
35.74354,1.608533,0.1187701,1.120587,-0.200903,4,21
35.74918,1.614173,0.1182801,1.120823,-0.1996842,4,21
35.7542,1.619199,0.1193521,1.121067,-0.2008466,4,21
35.76039,1.625384,0.1220645,1.122053,-0.2029318,4,21
35.76591,1.630905,0.1234988,1.122591,-0.2039084,4,21
35.77082,1.635814,0.1246641,1.122965,-0.2047854,4,21
35.77741,1.642409,0.1261705,1.123376,-0.2060852,4,21
35.78288,1.64787,0.1275338,1.123714,-0.2072636,4,21
35.78982,1.654818,0.1292511,1.124096,-0.2087512,4,21
35.79715,1.662142,0.1289862,1.124578,-0.2083604,4,21
35.80393,0.0067833,0.1301468,1.124933,-0.2093403,9,22
35.80973,0.0125872,0.132454,1.125892,-0.2111564,9,22
35.81548,0.0183305,0.1339065,1.126363,-0.2122615,9,22
35.82097,0.0238218,0.1350985,1.126736,-0.2132253,9,22
35.82725,0.0301034,0.1359698,1.127323,-0.2139219,9,22
35.8329,0.0357531,0.1366307,1.128026,-0.2145299,9,22
35.8395,0.042355,0.1374547,1.128661,-0.2152344,9,22
35.84364,0.0464905,0.1381715,1.129027,-0.2158269,9,22
35.84821,0.0510581,0.1387217,1.129386,-0.2163044,9,22
35.85243,0.0552862,0.1395085,1.129793,-0.2169579,9,22
35.86203,0.0648806,0.1407488,1.130369,-0.2181141,9,22
35.86618,0.0690307,0.1414091,1.130683,-0.21868,9,22
35.8736,0.076456,0.1423896,1.131441,-0.2193502,9,22
35.88017,0.0830288,0.1430121,1.131612,-0.2199177,9,22
35.88559,0.0884491,0.1437477,1.131958,-0.2205329,9,22
35.89175,0.0946003,0.1446447,1.132363,-0.2212822,9,22
35.89772,0.1005771,0.144868,1.132186,-0.2213761,9,22
35.90309,0.1059391,0.1456512,1.132546,-0.2216641,9,22
35.90829,0.1111438,0.1463092,1.132889,-0.2219361,9,22
35.91253,0.1153843,0.1469067,1.133126,-0.2223251,9,22
35.91834,0.1211914,0.1474579,1.133491,-0.2226613,9,22
35.92395,0.1268084,0.148133,1.133779,-0.2230994,9,22
35.92879,0.1316475,0.1484904,1.134044,-0.2232604,9,22
35.9339,0.1367494,0.1489107,1.134309,-0.2235121,9,22
35.93999,0.1428474,0.1495031,1.134587,-0.2238851,9,22
35.94455,0.1474064,0.1497999,1.134829,-0.2240214,9,22
35.94923,0.1520886,0.1500473,1.134976,-0.2240785,9,22
35.95448,0.1573294,0.1503844,1.135174,-0.2242074,9,22
35.95997,0.1628213,0.1507842,1.135382,-0.2244213,9,22
35.96466,0.1675184,0.1509549,1.135506,-0.2244992,9,22
35.97031,0.1731676,0.1513924,1.135739,-0.2247317,9,22
35.97652,0.1793769,0.1515946,1.135895,-0.2248295,9,22
35.98201,0.1848588,0.1519472,1.136089,-0.2250165,9,22
35.9873,0.1901512,0.1519385,1.13611,-0.2249874,9,22
35.99227,0.1951216,0.1519585,1.136137,-0.2249588,9,22
35.99715,0.2,0.1521404,1.136243,-0.2250462,9,22
36.00196,0.2048086,0.1523417,1.136358,-0.2251436,9,22
36.00727,0.2101176,0.1525662,1.136485,-0.2252531,9,22
36.01276,0.2156104,0.1520792,1.136234,-0.2249216,9,22
36.01803,0.2208784,0.1521812,1.136297,-0.2249582,9,22
36.02357,0.2264193,0.1521495,1.136305,-0.2249175,9,22
36.02842,0.2312695,0.1522214,1.136356,-0.2249372,9,22
36.03363,0.23648,0.1520816,1.136303,-0.2248692,9,22
36.03875,0.2416012,0.1521085,1.136331,-0.2248712,9,22
36.04495,0.2478045,0.1519557,1.136292,-0.2247939,9,22
36.05054,0.253388,0.1518145,1.136267,-0.2247236,9,22
36.05661,0.259458,0.1516889,1.136271,-0.2246736,9,22
36.06233,0.2651828,0.1515286,1.136268,-0.2246244,9,22
36.06686,0.2697079,0.1514593,1.136272,-0.2245948,9,22
36.07176,0.2746128,0.1512106,1.136187,-0.2245173,9,22
36.07739,0.2802449,0.1510997,1.136172,-0.2244761,9,22
36.08266,0.2855158,0.1508506,1.136074,-0.2244149,9,22
36.08716,0.2900119,0.1507213,1.136044,-0.2243728,9,22
36.09324,0.2960843,0.1504554,1.136002,-0.2242228,9,22
36.09874,0.3015839,0.1503443,1.135974,-0.2240997,9,22
36.10424,0.3070925,0.1501832,1.135939,-0.2240162,9,22
36.11042,0.313268,0.1500199,1.135834,-0.2238526,9,22
36.116,0.3188432,0.1498657,1.135708,-0.2237184,9,22
36.12099,0.3238313,0.1497228,1.135648,-0.2236211,9,22
36.12676,0.3296041,0.1495111,1.135489,-0.2234762,9,22
36.13147,0.3343157,0.1493526,1.135409,-0.223368,9,22
36.13702,0.3398677,0.1491752,1.135283,-0.2231979,9,22
36.14244,0.3452876,0.1489979,1.135196,-0.223008,9,22
36.14757,0.3504192,0.1488615,1.13515,-0.2228229,9,22
36.15244,0.3552886,0.1487024,1.135071,-0.2226756,9,22
36.15862,0.3614695,0.1485544,1.135098,-0.2225706,9,22
36.16362,0.3664751,0.148447,1.13513,-0.222506,9,22
36.16914,0.3719886,0.1482987,1.135095,-0.2223826,9,22
36.17477,0.3776247,0.1481397,1.1351,-0.2223031,9,22
36.17997,0.3828271,0.1480078,1.135115,-0.2222604,9,22
36.18455,0.3874014,0.1478843,1.135102,-0.2221795,9,22
36.19011,0.3929594,0.1477334,1.135086,-0.2220806,9,22
36.19493,0.3977865,0.1476264,1.135164,-0.222052,9,22
36.20055,0.403409,0.1475349,1.135254,-0.2220091,9,22
36.20668,0.4095344,0.1473807,1.135322,-0.2219103,9,22
36.21201,0.4148627,0.147273,1.135363,-0.2218225,9,22
36.21709,0.4199399,0.1471713,1.135391,-0.2217567,9,22
36.22232,0.4251724,0.1470933,1.135411,-0.2216697,9,22
36.22671,0.4295624,0.1470028,1.135435,-0.2216039,9,22
36.23219,0.4350441,0.146936,1.135493,-0.2214813,9,22
36.23739,0.4402409,0.14681,1.13553,-0.2213212,9,22
36.24315,0.4459996,0.1466946,1.13557,-0.2212043,9,22
36.24822,0.4510728,0.1465904,1.135605,-0.2210988,9,22
36.25357,0.4564201,0.1464586,1.135689,-0.2209061,9,22
36.25946,0.4623089,0.1463455,1.135734,-0.2207822,9,22
36.26466,0.4675065,0.1461341,1.135763,-0.2206543,9,22
36.26874,0.4715898,0.1460279,1.135795,-0.2205573,9,22
36.27516,0.4780045,0.1457681,1.135801,-0.2203758,9,22
36.28064,0.48349,0.1456131,1.13579,-0.2202117,9,22
36.28518,0.4880281,0.1454781,1.135807,-0.2200916,9,22
36.29129,0.4941388,0.1453394,1.135821,-0.2198395,9,22
36.29781,0.5006501,0.14518,1.135828,-0.2195584,9,22
36.30283,0.5056701,0.1450422,1.135841,-0.2193845,9,22
36.30931,0.5121596,0.1447664,1.13576,-0.2189859,9,22
36.31475,0.5175946,0.1445294,1.135722,-0.2186468,9,22
36.32098,0.523829,0.1443365,1.135706,-0.2183845,9,22
36.32698,0.529825,0.1441247,1.135701,-0.2180392,9,22
36.33276,0.5356085,0.1439316,1.135787,-0.2176144,9,22
36.33885,0.5416963,0.1437457,1.135796,-0.2173155,9,22
36.34431,0.5471603,0.1435546,1.135871,-0.2167663,9,22
36.34984,0.5526822,0.1433891,1.135994,-0.2162826,9,22
36.3569,0.5597405,0.1432955,1.136248,-0.2155886,9,22
36.36216,0.5650011,0.1431192,1.136325,-0.2151187,9,22
36.36753,0.5703756,0.1429635,1.136412,-0.2146806,9,22
36.37435,0.5771925,0.142793,1.136751,-0.2137707,9,22
36.38066,0.5835084,0.1428401,1.137106,-0.2131145,9,22
36.3856,0.5884438,0.1427479,1.137279,-0.2126138,9,22
36.39175,0.594588,0.142607,1.13748,-0.2116625,9,22
36.39772,0.6005596,0.1424329,1.13765,-0.2107085,9,22
36.40328,0.6061214,0.142307,1.137832,-0.2100009,9,22
36.40873,0.6115753,0.1422426,1.138208,-0.2089967,9,22
36.41385,0.6166874,0.1423988,1.138465,-0.2081321,9,22
36.41973,0.6225753,0.1423525,1.138691,-0.2073521,9,22
36.42553,0.6283779,0.1422504,1.139058,-0.2061961,9,22
36.4314,0.6342479,0.1421256,1.139281,-0.2046461,9,22
36.43619,0.6390299,0.1420683,1.139465,-0.2038721,9,22
36.44186,0.6447033,0.1420563,1.139919,-0.2026423,9,22
36.44727,0.6501172,0.1418859,1.139983,-0.201217,9,22
36.45259,0.6554374,0.141794,1.140225,-0.2000041,9,22
36.4586,0.6614367,0.1417437,1.140489,-0.1986073,9,22
36.46396,0.6667997,0.141668,1.140718,-0.1974331,9,22
36.46866,0.6715015,0.1416521,1.141017,-0.1961989,9,22
36.47454,0.6773748,0.1415775,1.141302,-0.1948018,9,22
36.48023,0.6830661,0.1415154,1.14154,-0.1936284,9,22
36.48484,0.6876836,0.14146,1.141752,-0.1925735,9,22
36.49112,0.6939604,0.1416941,1.142068,-0.1918555,9,22
36.49681,0.6996464,0.1413761,1.142476,-0.189073,9,22
36.5057,0.7085369,0.1412196,1.142939,-0.1865576,9,22
36.51049,0.7133232,0.1411233,1.143224,-0.1849892,9,22
36.51549,0.7183231,0.1407716,1.143249,-0.1832964,9,22
36.51982,0.7226593,0.140659,1.143444,-0.1819815,9,22
36.52543,0.7282624,0.1405171,1.143687,-0.1803056,9,22
36.52987,0.7327006,0.1404046,1.14388,-0.1789584,9,22
36.53431,0.7371404,0.1402858,1.144083,-0.177521,9,22
36.54093,0.7437643,0.1399831,1.144026,-0.178045,9,22
36.54696,0.7497954,0.1395356,1.14439,-0.176389,9,22
36.5527,0.7555359,0.1393204,1.14463,-0.1747652,9,22
36.55905,0.7618851,0.1388444,1.144897,-0.1726273,9,22
36.56387,0.7667071,0.1386466,1.14508,-0.1713044,9,22
36.56903,0.7718691,0.1384307,1.145274,-0.1698495,9,22
36.57531,0.7781527,0.1376017,1.145953,-0.1643874,9,22
36.58148,0.7843215,0.1375993,1.146149,-0.1647375,9,22
36.58751,0.7903532,0.1373057,1.146421,-0.1628268,9,22
36.59364,0.7964742,0.1366317,1.147388,-0.1588661,9,22
36.59958,0.8024155,0.136217,1.147916,-0.1570534,9,22
36.60481,0.8076509,0.1358739,1.14829,-0.1550944,9,22
36.61033,0.8131717,0.1354903,1.148665,-0.1533243,9,22
36.61601,0.8188512,0.1351959,1.149053,-0.15193,9,22
36.62132,0.8241559,0.1348445,1.149417,-0.1500752,9,22
36.62651,0.8293441,0.1345163,1.149741,-0.1483487,9,22
36.63221,0.8350511,0.1342589,1.150157,-0.146617,9,22
36.63736,0.8401934,0.133971,1.150444,-0.1450595,9,22
36.64236,0.8451958,0.1336612,1.150738,-0.1433894,9,22
36.64783,0.8506719,0.1338115,1.150678,-0.1440511,9,22
36.65283,0.8556636,0.1335371,1.150949,-0.1425552,9,22
36.65873,0.8615695,0.1332625,1.151272,-0.1409531,9,22
36.66471,0.8675417,0.1326651,1.15207,-0.1370688,9,22
36.66946,0.8722953,0.132362,1.1524,-0.1352895,9,22
36.67496,0.8778009,0.1320312,1.152729,-0.1329139,9,22
36.68161,0.88445,0.1317162,1.15307,-0.1309823,9,22
36.68682,0.8896555,0.1314026,1.153378,-0.1290683,9,22
36.69268,0.8955196,0.1308868,1.153344,-0.1273959,9,22
36.6983,0.9011399,0.1305473,1.153551,-0.1256124,9,22
36.70272,0.9055592,0.1302553,1.153716,-0.1240776,9,22
36.70834,0.9111812,0.129834,1.153817,-0.1224959,9,22
36.71307,0.9159099,0.1294917,1.153975,-0.120793,9,22
36.71766,0.9204944,0.1292139,1.154094,-0.1194089,9,22
36.72363,0.926461,0.1290544,1.154174,-0.1200679,9,22
36.72875,0.9315868,0.1280918,1.154563,-0.1166113,9,22
36.73306,0.9358927,0.1276868,1.154719,-0.1149632,9,22
36.73949,0.9423235,0.1270275,1.154881,-0.1129031,9,22
36.74501,0.9478416,0.1265274,1.155031,-0.1109858,9,22
36.74968,0.9525053,0.1267364,1.154979,-0.1119199,9,22
36.75613,0.9589646,0.1260184,1.155184,-0.1085038,9,22
36.76154,0.9643683,0.1256029,1.155294,-0.1067823,9,22
36.76627,0.9690982,0.1254159,1.155327,-0.1051748,9,22
36.77132,0.9741518,0.1249668,1.15542,-0.103115,9,22
36.77767,0.9804942,0.1247378,1.155231,-0.1014371,9,22
36.78298,0.9858068,0.1244859,1.155183,-0.09993875,9,22
36.78898,0.9918037,0.1240872,1.155166,-0.09790334,9,22
36.79423,0.997055,0.1239543,1.155171,-0.0965244,9,22
36.79958,1.002401,0.1236353,1.15519,-0.0952626,9,22
36.80631,1.009134,0.1231878,1.155076,-0.09327675,9,22
36.81068,1.013504,0.1228821,1.15503,-0.09177004,9,22
36.81612,1.01894,0.122617,1.155071,-0.09046763,9,22
36.82101,1.023833,0.1223227,1.155031,-0.08901946,9,22
36.82618,1.029,0.1222134,1.1551,-0.08768313,9,22
36.83143,1.034252,0.1218867,1.155032,-0.08603556,9,22
36.83697,1.039792,0.1216168,1.154987,-0.08458343,9,22
36.8427,1.045527,0.1212983,1.155054,-0.08313221,9,22
36.84785,1.050672,0.121024,1.155016,-0.08170672,9,22
36.8528,1.055628,0.1208549,1.155082,-0.08030812,9,22
36.85844,1.061264,0.1206359,1.155069,-0.0788265,9,22
36.86351,1.066336,0.120428,1.155065,-0.07731626,9,22
36.86953,1.072356,0.1201536,1.155029,-0.07562333,9,22
36.87482,1.077651,0.1199407,1.155037,-0.0740484,9,22
36.88053,1.083352,0.1198272,1.155055,-0.07262005,9,22
36.88589,1.088719,0.1196219,1.155028,-0.07111536,9,22
36.89117,1.093998,0.1194211,1.154982,-0.0694687,9,22
36.8977,1.100525,0.1190147,1.154842,-0.06778698,9,22
36.90388,1.106709,0.1187421,1.154757,-0.06608985,9,22
36.90968,1.1125,0.1184798,1.154628,-0.06438863,9,22
36.91492,1.117746,0.1182221,1.154518,-0.06275363,9,22
36.92099,1.123814,0.1182006,1.154607,-0.06118982,9,22
36.92659,1.129418,0.1180046,1.154541,-0.05960317,9,22
36.93292,1.135744,0.1177987,1.15475,-0.05787241,9,22
36.93852,1.141347,0.1177077,1.154813,-0.05639449,9,22
36.9443,1.147123,0.117536,1.154819,-0.05477041,9,22
36.9495,1.152327,0.117386,1.154816,-0.05333727,9,22
36.95434,1.157166,0.1170951,1.154958,-0.05164979,9,22
36.96004,1.162862,0.1169355,1.154969,-0.0502821,9,22
36.96583,1.168652,0.1167094,1.155068,-0.05030902,9,22
36.97075,1.173572,0.1162225,1.155199,-0.04746737,9,22
36.97633,1.179151,0.1159924,1.15524,-0.04598116,9,22
36.98227,1.185093,0.1156396,1.155376,-0.04391337,9,22
36.9869,1.189723,0.1154088,1.155422,-0.04245803,9,22
36.99297,1.195786,0.1150761,1.155584,-0.04059081,9,22
36.9984,1.201218,0.1147459,1.155682,-0.03925769,9,22
37.00279,1.205607,0.1145075,1.155741,-0.03792936,9,22
37.00908,1.211902,0.1141154,1.155846,-0.03611397,9,22
37.01445,1.217272,0.1137617,1.155864,-0.03447342,9,22
37.01893,1.221747,0.1135241,1.155905,-0.03325415,9,22
37.02518,1.227996,0.1132513,1.156146,-0.03162999,9,22
37.03036,1.233182,0.112973,1.156246,-0.03002107,9,22
37.03611,1.238923,0.1126894,1.156332,-0.0285057,9,22
37.04198,1.244793,0.1124505,1.156339,-0.0269573,9,22
37.04704,1.249853,0.112239,1.156211,-0.02547584,9,22
37.05198,1.254795,0.1119703,1.156227,-0.02391551,9,22
37.05865,1.261464,0.1117424,1.156093,-0.02217082,9,22
37.06393,1.266743,0.1115968,1.156237,-0.0208642,9,22
37.06937,1.27218,0.1113708,1.156256,-0.01937295,9,22
37.07484,1.277652,0.1111611,1.156245,-0.01780069,9,22
37.08074,1.283551,0.1110065,1.156278,-0.01644773,9,22
37.08569,1.288505,0.1108214,1.156292,-0.0151259,9,22
37.0924,1.295208,0.1105463,1.15619,-0.01331457,9,22
37.09752,1.300332,0.1103723,1.156179,-0.01210459,9,22
37.10257,1.305385,0.1101764,1.156165,-0.01074602,9,22
37.10841,1.311221,0.1099092,1.155881,-0.009269904,9,22
37.11333,1.316146,0.109698,1.15582,-0.007867903,9,22
37.11876,1.321571,0.1099324,1.155797,-0.00841618,9,22
37.1252,1.328012,0.1097964,1.155775,-0.00579536,9,22
37.13055,1.333361,0.109771,1.155823,-0.00442775,9,22
37.13679,1.339603,0.1096474,1.155797,-0.002915185,9,22
37.14179,1.344606,0.1095414,1.155774,-0.001627479,9,22
37.15248,1.355292,0.1097738,1.155784,0.0001285896,9,22
37.15818,1.36099,0.1098569,1.155808,0.0009450279,9,22
37.16348,1.366289,0.1101431,1.155871,0.001795538,9,22
37.1683,1.371115,0.1102027,1.155882,0.002743687,9,22
37.17403,1.376847,0.1104093,1.156,0.003763422,9,22
37.17959,1.382401,0.1104973,1.156034,0.004685819,9,22
37.18475,1.387564,0.1106015,1.156192,0.005361199,9,22
37.19038,1.393195,0.1107487,1.156339,0.006166495,9,22
37.19578,1.398593,0.110759,1.156321,0.006864164,9,22
37.20118,1.403993,0.1108436,1.156378,0.007716089,9,22
37.20637,1.409187,0.1109274,1.156434,0.00855029,9,22
37.21147,1.414286,0.1111561,1.156443,0.009266108,9,22
37.21677,1.419588,0.1112798,1.156466,0.009649899,9,22
37.22301,1.425827,0.1114909,1.156369,0.01049821,9,22
37.22814,1.430956,0.111624,1.156382,0.01121318,9,22
37.23397,1.436789,0.1117871,1.156308,0.01186363,9,22
37.24097,1.443786,0.11193,1.156241,0.01251417,9,22
37.24676,1.449578,0.1120906,1.156148,0.01306075,9,22
37.25145,1.454267,0.112227,1.156114,0.01366023,9,22
37.25692,1.459742,0.1123559,1.156082,0.0142212,9,22
37.26214,1.464954,0.1125525,1.155946,0.01457493,9,22
37.26702,1.469838,0.1126916,1.155899,0.01508578,9,22
37.27422,1.477035,0.1127663,1.155748,0.01496238,9,22
37.28019,1.483009,0.1130023,1.155442,0.01578615,9,22
37.28642,1.48924,0.1131894,1.155298,0.01640646,9,22
37.29251,1.495333,0.1133078,1.15506,0.01694901,9,22
37.29783,1.500649,0.11344,1.154932,0.01740959,9,22
37.30396,1.506777,0.1133102,1.154708,0.01765884,9,22
37.30904,1.511857,0.1133888,1.154564,0.01807002,9,22
37.31445,1.517264,0.1133835,1.154432,0.0183471,9,22
37.32025,1.523067,0.1134453,1.154288,0.01873715,9,22
37.32561,1.528425,0.1135086,1.154143,0.01913019,9,22
37.3311,1.53391,0.1134561,1.154007,0.01926092,9,22
37.33651,1.539318,0.1134948,1.15388,0.01956899,9,22
37.34235,1.545161,0.1135416,1.15373,0.01993381,9,22
37.34793,1.55074,0.1133427,1.153796,0.0196716,9,22
37.35428,1.557091,0.1133609,1.153642,0.02002712,9,22
37.36115,1.563958,0.1133316,1.153501,0.02029586,9,22
37.36732,1.570125,0.1132924,1.153128,0.020896,9,22
37.37309,1.575895,0.1132663,1.152869,0.02119359,9,22
37.37862,1.581427,0.1132595,1.152703,0.02147315,9,22
37.3834,1.586205,0.1132533,1.152541,0.02174632,9,22
37.38894,1.59174,0.1131724,1.152258,0.02188079,9,22
37.39367,1.596471,0.113146,1.152053,0.02215202,9,22
37.39975,1.602558,0.1131384,1.151787,0.02246035,9,22
37.40466,1.607463,0.1131982,1.151541,0.02274392,9,22
37.41029,1.61309,0.1131977,1.151308,0.02303458,9,22
37.41613,1.618936,0.1132406,1.151045,0.02323643,9,22
37.42246,1.625261,0.1132507,1.150804,0.02350615,9,22
37.42677,1.629568,0.1132588,1.150621,0.02371051,9,22
37.43147,1.634268,0.1132686,1.150405,0.02395226,9,22
37.43749,1.640292,0.113373,1.150331,0.0239279,9,22
37.44307,1.645869,0.1134136,1.150265,0.02409929,9,22
37.44821,1.651016,0.1134487,1.150277,0.02422041,9,22
37.45361,1.656419,0.1134825,1.150136,0.02442417,9,22
37.45972,1.662531,0.1135283,1.150225,0.02448685,9,22
37.46493,1.667735,0.1135061,1.150249,0.02448533,9,22
37.47004,1.67285,0.1135259,1.150194,0.02460169,9,22
37.47631,1.679118,0.1135233,1.150268,0.02462362,9,22
37.48221,1.685017,0.1135216,1.150324,0.02464686,9,22
37.48699,1.689796,0.1135509,1.150358,0.0247169,9,22
37.49198,1.694786,0.1135673,1.150362,0.0247955,9,22
37.49746,1.700264,0.1135974,1.15037,0.02483628,9,22
37.50259,1.705402,0.1136165,1.150374,0.02490331,9,22
37.50893,1.711735,0.1136635,1.150366,0.02493094,9,22
37.51436,1.717169,0.1137166,1.150371,0.02490062,9,22
37.52037,1.723176,0.1137535,1.150374,0.0248684,9,22
37.5252,1.728014,0.1137826,1.150377,0.02488353,9,22
37.53029,1.733098,0.1137917,1.150377,0.0248629,9,22
37.53515,1.737963,0.113819,1.150379,0.02487057,9,22
37.5417,1.744514,0.1138247,1.150367,0.02487261,9,22
37.5469,1.749708,0.1138244,1.150375,0.02484819,9,22
37.55106,1.753869,0.1138384,1.150376,0.02484688,9,22
37.55627,1.759084,0.113846,1.150439,0.02476805,9,22
37.56034,1.763153,0.1138574,1.150452,0.02475224,9,22
37.56574,1.768549,0.1138524,1.150571,0.02457853,9,22
37.57081,1.77362,0.1138631,1.150613,0.02451972,9,22
37.57645,1.77926,0.1138242,1.150782,0.02431942,9,22
37.58159,1.784399,0.1138094,1.151,0.02409665,9,22
37.58733,1.790142,0.1138056,1.151115,0.02396362,9,22
37.59265,1.795454,0.1137217,1.151322,0.02377421,9,22
37.5985,1.801304,0.1136541,1.151559,0.02357272,9,22
37.60331,1.806115,0.113626,1.151694,0.02343816,9,22
37.60871,1.811517,0.1135946,1.151845,0.02328758,9,22
37.61364,1.816445,0.113446,1.152087,0.02303106,9,22
37.61959,1.822392,0.1134062,1.152311,0.02274453,9,22
37.6246,1.827405,0.1133697,1.15245,0.02250873,9,22
37.62958,1.832382,0.1132952,1.152515,0.0222619,9,22
37.63424,1.837039,0.1132442,1.152651,0.02205784,9,22
37.64016,1.842961,0.113209,1.152712,0.02179109,9,22
37.64508,1.84788,0.113163,1.152827,0.02157921,9,22
37.65021,1.853011,0.1131584,1.152938,0.02118537,9,22
37.65582,1.858624,0.113109,1.153087,0.02085619,9,22
37.66236,1.865164,0.1131695,1.153279,0.02045603,9,22
37.66737,1.870171,0.11315,1.153401,0.02018775,9,22
37.67316,1.87596,0.1131255,1.153556,0.0198467,9,22
37.67924,1.882044,0.1129605,1.153638,0.01927126,9,22
37.68481,1.887616,0.1129068,1.15376,0.01890289,9,22
37.69086,1.893665,0.1128744,1.153959,0.0183601,9,22
37.69643,1.899229,0.1127973,1.154029,0.01798807,9,22
37.70132,1.904114,0.1127482,1.154135,0.01763553,9,22
37.70729,1.910092,0.1126111,1.154254,0.01709789,9,22
37.713,1.915801,0.1125944,1.154492,0.01631359,9,22
37.71988,1.922677,0.1125313,1.154655,0.01574243,9,22
37.72536,1.928163,0.1124998,1.154867,0.01509094,9,22
37.73092,1.933718,0.1122861,1.155092,0.01433405,9,22
37.7364,1.939201,0.1122054,1.155247,0.01380664,9,22
37.74166,1.944466,0.1122823,1.155372,0.01309429,9,22
37.74647,1.949267,0.1122372,1.155513,0.01255247,9,22
37.75173,1.954527,0.1121914,1.155623,0.01178738,9,22
37.75764,1.960436,0.1122928,1.155644,0.01086343,9,22
37.76222,1.965022,0.1124194,1.155792,0.009984717,9,22
37.76721,1.970013,0.1124425,1.155912,0.009259682,9,22
37.77306,1.97586,0.1124464,1.156028,0.008199342,9,22
37.77849,1.981287,0.1124648,1.156139,0.007446315,9,22
37.78411,1.986906,0.112425,1.156142,0.006493311,9,22
37.7896,1.992403,0.1124371,1.156116,0.00544706,9,22
37.79689,1.999693,0.1124499,1.156207,0.004183855,9,22
37.80249,2.00529,0.1124596,1.156269,0.00331603,9,22
37.8075,2.010296,0.112569,1.156305,0.001889467,9,22
37.81257,2.015374,0.1124954,1.156314,0.0006571822,9,22
37.81746,2.020265,0.112494,1.15635,-0.0002052374,9,22
37.8227,2.025508,0.1125175,1.156492,-0.001528047,9,22
37.82814,2.030948,0.112523,1.156561,-0.002664447,9,22
37.83434,2.037139,0.1123903,1.156567,-0.004339576,9,22
37.84099,2.043796,0.1123268,1.156671,-0.005956125,9,22
37.84697,2.049775,0.1122937,1.156736,-0.007316981,9,22
37.8518,2.054602,0.1122372,1.156829,-0.008869048,9,22
37.85783,2.06064,0.1122154,1.156901,-0.01049648,9,22
37.86405,2.06686,0.1121344,1.156897,-0.0123801,9,22
37.86873,2.07154,0.112098,1.156936,-0.01366159,9,22
37.87447,2.077274,0.111992,1.156879,-0.01564701,9,22
37.88013,2.082943,0.1119267,1.156821,-0.01732492,9,22
37.88463,2.087441,0.1118801,1.15682,-0.01865932,9,22
37.89003,2.092843,0.1118265,1.156817,-0.02024697,9,22
37.89468,2.097489,0.1117783,1.156813,-0.02173349,9,22
37.90011,2.102916,0.1117328,1.156807,-0.02318487,9,22
37.90607,2.108878,0.1116683,1.156696,-0.02531748,9,22
37.91114,2.113948,0.1116851,1.156448,-0.02529199,9,22
37.9171,2.11991,0.1116439,1.156394,-0.02674142,9,22
37.92323,2.126038,0.1114134,1.155994,-0.03123695,9,22
37.92843,2.131242,0.1113465,1.155883,-0.03313658,9,22
37.93445,2.137257,0.1113377,1.155555,-0.03327074,9,22
37.94098,2.143787,0.1111481,1.155039,-0.03709314,9,22
37.94668,2.149489,0.1110215,1.154691,-0.03938743,9,22
37.95195,2.154757,0.1109212,1.15443,-0.04163601,9,22
37.95779,2.1606,0.1108287,1.154186,-0.04375518,9,22
37.9628,2.165604,0.110723,1.153829,-0.04538714,9,22
37.96783,2.170631,0.1106333,1.153574,-0.04728936,9,22
37.97367,2.176474,0.1104826,1.153204,-0.04950012,9,22
37.97924,2.18204,0.1103859,1.152937,-0.05137681,9,22
37.98489,2.187689,0.1103018,1.152637,-0.05332076,9,22
37.99088,2.193682,0.1101205,1.152193,-0.05571871,9,22
37.99679,2.199594,0.1099582,1.151894,-0.05769621,9,22
38.00266,2.205458,0.1098216,1.15155,-0.05989665,9,22
38.00859,2.211396,0.1098104,1.151218,-0.06209608,9,22
38.01468,2.217474,0.1096972,1.150836,-0.06454653,9,22
38.02194,2.224736,0.1092812,1.150229,-0.06687877,9,22
38.02676,2.229555,0.1091393,1.149901,-0.06871953,9,22
38.03273,2.235527,0.1088427,1.14952,-0.07099363,9,22
38.03915,2.241947,0.1086733,1.149254,-0.07298296,9,22
38.04396,2.246758,0.1085186,1.148965,-0.07474301,9,22
38.04966,2.252465,0.1083445,1.148635,-0.07675171,9,22
38.05417,2.256969,0.1081851,1.148329,-0.07861792,9,22
38.05915,2.261951,0.1080547,1.148076,-0.08016436,9,22
38.06403,2.266833,0.1080084,1.148008,-0.08193284,9,22
38.06932,2.272125,0.1078655,1.147719,-0.08384268,9,22
38.07499,2.277786,0.1078646,1.14798,-0.08184716,9,22
38.08064,2.28344,0.1077363,1.147754,-0.08331794,9,22
38.08553,2.288334,0.1072681,1.146893,-0.08843744,9,22
38.09087,2.293671,0.10703,1.146498,-0.09080923,9,22
38.09661,2.299414,0.106832,1.146136,-0.09302072,9,22
38.10183,2.304635,0.1066384,1.145836,-0.09435946,9,22
38.10754,2.31034,0.1064871,1.145627,-0.09582981,9,22
38.11337,2.31617,0.1064779,1.145302,-0.09751746,9,22
38.11835,2.321147,0.1063704,1.145046,-0.09898551,9,22
38.12402,2.32682,0.1062805,1.144869,-0.1004092,9,22
38.12902,2.331821,0.1061744,1.144614,-0.1019512,9,22
38.13408,2.336879,0.1060269,1.144284,-0.1031441,9,22
38.14019,2.342988,0.1059039,1.14398,-0.1047902,9,22
38.14558,2.348378,0.1056213,1.143807,-0.1058623,9,22
38.15013,2.352934,0.1054837,1.143581,-0.1070948,9,22
38.15531,2.358111,0.10531,1.14329,-0.1086809,9,22
38.16135,2.364151,0.1049707,1.142992,-0.1098455,9,22
38.1659,2.368704,0.1047605,1.14276,-0.1105858,9,22
38.17229,2.37509,0.1045004,1.142419,-0.1122392,9,22
38.17824,2.381046,0.1044383,1.142199,-0.1132328,9,22
38.18481,2.387618,0.1042538,1.141868,-0.1144563,9,22
38.19287,0.0080552,0.1040933,1.141442,-0.1159082,6,23
38.19794,0.0131303,0.103969,1.141216,-0.1168525,6,23
38.20281,0.0179931,0.103836,1.140973,-0.1178739,6,23
38.20909,0.0242771,0.1037221,1.140587,-0.118695,6,23
38.21452,0.0297082,0.1037175,1.140524,-0.1181583,6,23
38.21924,0.0344229,0.1036278,1.140335,-0.1187756,6,23
38.22416,0.0393401,0.1034899,1.139915,-0.1199644,6,23
38.2293,0.0444875,0.1034883,1.139719,-0.1204283,6,23
38.23429,0.0494734,0.1033955,1.139446,-0.1212429,6,23
38.24081,0.0559996,0.1034116,1.139199,-0.1217017,6,23
38.24554,0.0607266,0.1033283,1.138976,-0.1219144,6,23
38.25039,0.0655754,0.1032601,1.138729,-0.122487,6,23
38.2566,0.0717833,0.1031869,1.138462,-0.1231097,6,23
38.2625,0.0776839,0.1030024,1.138159,-0.1227883,6,23
38.26744,0.0826316,0.1029167,1.13792,-0.1231342,6,23
38.27473,0.089921,0.1027511,1.137539,-0.1232486,6,23
38.28208,0.097266,0.1026404,1.137241,-0.1232088,6,23
38.28715,0.1023361,0.1025512,1.137006,-0.1233851,6,23
38.29243,0.1076143,0.1024485,1.136736,-0.123589,6,23
38.29813,0.1133132,0.1025171,1.136566,-0.1232246,6,23
38.30364,0.118829,0.1024475,1.136321,-0.1233215,6,23
38.3089,0.1240853,0.102534,1.136378,-0.1226607,6,23
38.31408,0.1292696,0.1025142,1.136027,-0.1220499,6,23
38.31921,0.1344008,0.1024785,1.13582,-0.1219113,6,23
38.32525,0.1404348,0.1024532,1.135629,-0.1211951,6,23
38.33015,0.145339,0.102512,1.135549,-0.1205557,6,23
38.335,0.1501832,0.1024991,1.135365,-0.120194,6,23
38.34133,0.1565157,0.1026519,1.13534,-0.1194707,6,23
38.34638,0.1615618,0.1027311,1.135268,-0.1187083,6,23
38.35112,0.1663028,0.102768,1.135139,-0.1181922,6,23
38.35704,0.1722232,0.1029109,1.135069,-0.1173169,6,23
38.36216,0.1773398,0.1029693,1.134956,-0.1167414,6,23
38.3666,0.1817856,0.10302,1.134856,-0.116238,6,23
38.37278,0.1879609,0.1031554,1.134727,-0.1150319,6,23
38.37833,0.1935116,0.1032246,1.134611,-0.1143681,6,23
38.38364,0.1988208,0.1032949,1.134491,-0.1136914,6,23
38.38972,0.2049017,0.1033366,1.134492,-0.1130774,6,23
38.39457,0.2097493,0.1035632,1.134359,-0.1109277,6,23
38.39944,0.2146284,0.1036471,1.134261,-0.1101176,6,23
38.40576,0.2209427,0.1037691,1.134399,-0.1083578,6,23
38.41008,0.2252592,0.1038489,1.134344,-0.1074746,6,23
38.41506,0.2302467,0.1039039,1.134223,-0.1061802,6,23
38.42042,0.2356038,0.1039856,1.134147,-0.1051392,6,23
38.42588,0.2410667,0.1039519,1.134164,-0.1037472,6,23
38.43132,0.2465027,0.1039294,1.134165,-0.1021386,6,23
38.44123,0.256414,0.1040022,1.134084,-0.09995371,6,23
38.44713,0.2623189,0.1041387,1.134224,-0.09842797,6,23
38.45226,0.2674481,0.1041987,1.134209,-0.09712045,6,23
38.45815,0.2733399,0.1040926,1.13412,-0.0968772,6,23
38.46354,0.278725,0.1041529,1.134032,-0.09415324,6,23
38.46861,0.2838002,0.1041934,1.133991,-0.09270939,6,23
38.47447,0.2896582,0.1043881,1.133852,-0.09052406,6,23
38.48021,0.2953994,0.1045246,1.133692,-0.08892295,6,23
38.48492,0.3001123,0.1046066,1.133612,-0.08749889,6,23
38.49024,0.3054279,0.1048106,1.133438,-0.08589186,6,23
38.4957,0.3108889,0.105022,1.133298,-0.08409962,6,23
38.5007,0.3158918,0.1051424,1.133197,-0.08273591,6,23
38.50605,0.3212393,0.1052847,1.13302,-0.08109675,6,23
38.51067,0.3258637,0.1054273,1.132886,-0.07951434,6,23
38.51581,0.331002,0.1055281,1.132624,-0.07801863,6,23
38.52098,0.3361678,0.1056629,1.132429,-0.07629646,6,23
38.52673,0.3419172,0.1058109,1.132244,-0.07459134,6,23
38.53197,0.3471568,0.1059056,1.132013,-0.07279055,6,23
38.53745,0.3526371,0.1060829,1.131881,-0.07108676,6,23
38.54258,0.3577667,0.1062188,1.131717,-0.06954723,6,23
38.54791,0.3631001,0.1063218,1.131327,-0.06765381,6,23
38.55312,0.3683025,0.1064734,1.131078,-0.06581778,6,23
38.55916,0.3743446,0.1064895,1.130994,-0.06403347,6,23
38.56491,0.3800931,0.106397,1.1308,-0.06211101,6,23
38.57051,0.3856949,0.1063467,1.130705,-0.06020003,6,23
38.5774,0.3925845,0.1063916,1.130505,-0.05811414,6,23
38.58266,0.3978544,0.1063891,1.130549,-0.05652972,6,23
38.58889,0.4040744,0.106464,1.130427,-0.05460247,6,23
38.59395,0.409138,0.10651,1.130299,-0.05280933,6,23
38.60026,0.415453,0.1066248,1.1302,-0.05091614,6,23
38.6063,0.4214911,0.1066935,1.130067,-0.0490429,6,23
38.61152,0.4267096,0.1068123,1.129945,-0.04721806,6,23
38.61699,0.4321788,0.1069113,1.129853,-0.04568046,6,23
38.62255,0.437741,0.1070008,1.129728,-0.04391246,6,23
38.62687,0.4420626,0.1070777,1.129622,-0.04246008,6,23
38.63259,0.4477754,0.1072719,1.129565,-0.04066305,6,23
38.6391,0.4542896,0.1073993,1.129435,-0.03875017,6,23
38.64433,0.459516,0.1075155,1.129317,-0.0370732,6,23
38.64996,0.4651494,0.1074978,1.129483,-0.03763907,6,23
38.65584,0.4710244,0.1074596,1.129481,-0.03586219,6,23
38.66139,0.4765799,0.1075306,1.129416,-0.03452376,6,23
38.66752,0.4827086,0.1076238,1.129331,-0.03284962,6,23
38.67378,0.4889691,0.1075782,1.129386,-0.02846218,6,23
38.67948,0.4946684,0.1074862,1.129301,-0.02711355,6,23
38.68445,0.4996388,0.1075007,1.129256,-0.02550448,6,23
38.68972,0.5049095,0.1075026,1.129308,-0.02430801,6,23
38.69461,0.5097959,0.1075158,1.129284,-0.02275089,6,23
38.69961,0.5147985,0.1075291,1.129262,-0.02135365,6,23
38.7043,0.5194815,0.107544,1.129239,-0.01991834,6,23
38.71067,0.5258588,0.1077016,1.129154,-0.01837197,6,23
38.71667,0.5318514,0.1078513,1.129038,-0.01891472,6,23
38.72239,0.5375711,0.1081411,1.128794,-0.01640081,6,23
38.72742,0.5426016,0.1082458,1.128707,-0.01498501,6,23
38.73276,0.5479444,0.1085051,1.128453,-0.01348428,6,23
38.73859,0.553776,0.1086283,1.128211,-0.01229864,6,23
38.7449,0.560081,0.108796,1.128024,-0.01061571,6,23
38.74936,0.5645438,0.1089159,1.127797,-0.009675931,6,23
38.75489,0.570066,0.1090781,1.127594,-0.008147985,6,23
38.76102,0.5762011,0.1092694,1.127422,-0.006895728,6,23
38.76556,0.5807429,0.1094253,1.127355,-0.006101683,6,23
38.77176,0.5869327,0.1096634,1.127265,-0.004828326,6,23
38.77818,0.5933612,0.1098549,1.127117,-0.003519353,6,23
38.78329,0.5984732,0.1099927,1.126956,-0.002567619,6,23
38.78992,0.6051009,0.1100961,1.12681,-0.001394991,6,23
38.79546,0.6106375,0.1102157,1.126664,-0.0003276765,6,23
38.8007,0.6158884,0.1103332,1.126545,0.000587225,6,23
38.807,0.6221799,0.1104923,1.126385,0.001805905,6,23
38.8121,0.6272892,0.1106913,1.126248,0.00267002,6,23
38.81752,0.6327062,0.1108247,1.126125,0.003566306,6,23
38.82356,0.6387489,0.1108452,1.126177,0.003343053,6,23
38.82881,0.6439986,0.1109694,1.126073,0.004126586,6,23
38.83435,0.64954,0.1113386,1.125997,0.005773287,6,23
38.84101,0.6561985,0.1115116,1.125771,0.006682202,6,23
38.84568,0.6608676,0.1116614,1.125661,0.007483117,6,23
38.85165,0.666835,0.111908,1.125468,0.008360773,6,23
38.85782,0.6730052,0.1120978,1.125329,0.009265419,6,23
38.86284,0.6780303,0.112299,1.1252,0.009740461,6,23
38.86847,0.6836563,0.112501,1.125059,0.01059388,6,23
38.8751,0.6902815,0.1127462,1.1252,0.01023924,6,23
38.88342,0.6986083,0.1132547,1.125017,0.01141461,6,23
38.88967,0.7048579,0.1134234,1.12483,0.01214244,6,23
38.89523,0.7104195,0.1136641,1.124699,0.01287707,6,23
38.90071,0.7158976,0.1138063,1.124604,0.01323763,6,23
38.90608,0.7212682,0.1140151,1.124487,0.01385447,6,23
38.91215,0.7273332,0.1142332,1.124337,0.01417664,6,23
38.91778,0.7329686,0.1144174,1.124213,0.01436902,6,23
38.92381,0.7389966,0.1146597,1.124145,0.01468867,6,23
38.93024,0.7454258,0.1148117,1.124037,0.01504156,6,23
38.93494,0.7501329,0.1149862,1.12394,0.01540719,6,23
38.94224,0.7574263,0.1149788,1.123736,0.01577022,6,23
38.94794,0.7631344,0.1150022,1.12355,0.0160651,6,23
38.95321,0.7683975,0.1151134,1.123408,0.01642472,6,23
38.95984,0.7750284,0.1152569,1.123277,0.01663274,6,23
38.96487,0.7800646,0.1153558,1.123201,0.01676247,6,23
38.96947,0.7846654,0.1154478,1.123102,0.01698481,6,23
38.97503,0.7902185,0.1155473,1.12295,0.01718247,6,23
38.98026,0.7954533,0.1155713,1.122776,0.01733916,6,23
38.98496,0.8001475,0.1156482,1.122652,0.01754031,6,23
38.99072,0.8059085,0.1156565,1.122396,0.01775204,6,23
38.99691,0.8120943,0.11569,1.122207,0.01786957,6,23
39.00249,0.8176816,0.1157478,1.122038,0.01805972,6,23
39.00846,0.823643,0.1158884,1.121955,0.01812209,6,23
39.01374,0.8289257,0.1160577,1.121989,0.01810675,6,23
39.01928,0.8344617,0.1161472,1.121899,0.01820877,6,23
39.02527,0.8404589,0.1163117,1.121871,0.01819508,6,23
39.03067,0.8458543,0.1164124,1.12173,0.01827079,6,23
39.03778,0.8529721,0.1164964,1.121656,0.01830468,6,23
39.04323,0.8584172,0.1165876,1.121576,0.0183645,6,23
39.04896,0.8641501,0.1166613,1.121591,0.01831363,6,23
39.05472,0.8699059,0.1167688,1.121519,0.01835553,6,23
39.06126,0.8764482,0.1168482,1.121591,0.01823101,6,23
39.06639,0.88158,0.116887,1.121659,0.01809417,6,23
39.07282,0.8880079,0.1169214,1.121696,0.01797233,6,23
39.07836,0.8935474,0.1169791,1.121698,0.01792523,6,23
39.08383,0.8990203,0.1168997,1.12167,0.01780815,6,23
39.08962,0.9048105,0.1168517,1.121652,0.01766574,6,23
39.09505,0.9102334,0.1168629,1.121644,0.01757779,6,23
39.10705,0.9222378,0.1167854,1.121699,0.01700485,6,23
39.11217,0.9273598,0.1167495,1.121739,0.0167366,6,23
39.11767,0.9328527,0.1167349,1.121755,0.01656086,6,23
39.12326,0.9384491,0.1167002,1.121757,0.01625926,6,23
39.12889,0.9440792,0.1166794,1.121771,0.0160382,6,23
39.13426,0.9494483,0.1166578,1.121785,0.01580753,6,23
39.13981,0.9549953,0.116639,1.121798,0.01560649,6,23
39.14511,0.9602931,0.1166192,1.121811,0.01539493,6,23
39.15019,0.9653763,0.1165578,1.12172,0.01506936,6,23
39.15633,0.9715148,0.1166437,1.121755,0.01493895,6,23
39.16334,0.9785247,0.1166282,1.121759,0.0146791,6,23
39.16873,0.983915,0.1165771,1.121811,0.0135114,6,23
39.17543,0.9906111,0.1164981,1.121783,0.01270437,6,23
39.18144,0.9966218,0.1164741,1.121883,0.01221076,6,23
39.18698,1.002162,0.1164432,1.121912,0.01170911,6,23
39.19319,1.008377,0.1163246,1.122035,0.01098488,6,23
39.19886,1.014042,0.1161985,1.122199,0.01040838,6,23
39.20461,1.019789,0.1161299,1.122276,0.009853009,6,23
39.21083,1.026021,0.1161499,1.122599,0.008969974,6,23
39.21704,1.032226,0.1159797,1.122724,0.008175705,6,23
39.22253,1.037715,0.1158757,1.122893,0.007414397,6,23
39.22696,1.042147,0.1158109,1.123001,0.006880816,6,23
39.2313,1.046483,0.1156594,1.123195,0.006055184,6,23
39.23681,1.051994,0.1155689,1.123333,0.005398713,6,23
39.24264,1.057823,0.1155107,1.123694,0.004323177,6,23
39.24767,1.062853,0.1154195,1.123984,0.003331117,6,23
39.25311,1.06829,0.1153192,1.124232,0.002376135,6,23
39.25909,1.074276,0.1151862,1.124581,0.001248013,6,23
39.26435,1.079535,0.1149801,1.125002,2.094358E-05,6,23
39.26945,1.084632,0.1148634,1.125277,-0.0009156056,6,23
39.27483,1.09001,0.1146356,1.125716,-0.00232878,6,23
39.28021,1.095391,0.1144057,1.126089,-0.003481764,6,23
39.28501,1.100195,0.1142554,1.126392,-0.004484687,6,23
39.29094,1.106124,0.1139535,1.126855,-0.006066695,6,23
39.29689,1.112072,0.1137665,1.127201,-0.007237606,6,23
39.30291,1.118093,0.1136242,1.127662,-0.008793157,6,23
39.30866,1.123848,0.1133932,1.127957,-0.01035482,6,23
39.31428,1.129467,0.1131418,1.128218,-0.01201164,6,23
39.32036,1.135545,0.1128957,1.128467,-0.01348038,6,23
39.32549,1.140672,0.112704,1.12874,-0.01476841,6,23
39.33062,1.145807,0.1124694,1.128966,-0.01624805,6,23
39.3363,1.151491,0.1122732,1.129223,-0.01756945,6,23
39.34191,1.157096,0.1121719,1.129358,-0.01893913,6,23
39.34702,1.162211,0.1120322,1.129574,-0.02044064,6,23
39.35191,1.167102,0.1118606,1.129808,-0.02187475,6,23
39.35779,1.172977,0.1116755,1.129739,-0.02333618,6,23
39.36267,1.177863,0.1115212,1.129884,-0.02462141,6,23
39.36789,1.183081,0.1113399,1.129842,-0.02626363,6,23
39.37367,1.188858,0.1111986,1.129904,-0.02817515,6,23
39.37888,1.194069,0.1109799,1.129706,-0.02953774,6,23
39.3841,1.199289,0.1108023,1.129732,-0.03104347,6,23
39.38998,1.205175,0.1106223,1.129561,-0.03276782,6,23
39.39536,1.210553,0.1104255,1.129543,-0.0345059,6,23
39.40058,1.215768,0.1104088,1.129485,-0.03606385,6,23
39.4062,1.221386,0.1100482,1.129414,-0.03814963,6,23
39.41111,1.2263,0.1098465,1.129386,-0.039913,6,23
39.41708,1.232272,0.1094019,1.129326,-0.04190734,6,23
39.42303,1.238225,0.1090523,1.129228,-0.04402514,6,23
39.42807,1.24326,0.1088065,1.12919,-0.04573009,6,23
39.43283,1.248023,0.1084953,1.129214,-0.04762352,6,23
39.43889,1.254083,0.1082182,1.129195,-0.04954403,6,23
39.44423,1.259416,0.1079656,1.129183,-0.05133434,6,23
39.44957,1.264761,0.1076487,1.129394,-0.05323239,6,23
39.45623,1.271418,0.1075897,1.12965,-0.0538718,6,23
39.46204,1.277229,0.1073674,1.129711,-0.05546421,6,23
39.46745,1.282637,0.1067111,1.130028,-0.05937552,6,23
39.47321,1.288396,0.1063625,1.13017,-0.06176688,6,23
39.47866,1.293848,0.1059003,1.13039,-0.06370442,6,23
39.48359,1.298776,0.1055908,1.130531,-0.06559058,6,23
39.48956,1.304748,0.1051853,1.130848,-0.06766582,6,23
39.49479,1.309986,0.1048272,1.13105,-0.06979543,6,23
39.50046,1.315654,0.1045817,1.131528,-0.07163887,6,23
39.50663,1.32182,0.1041243,1.132059,-0.07392136,6,23
39.51185,1.32704,0.1035725,1.132409,-0.07595149,6,23
39.51645,1.331636,0.1032866,1.132646,-0.07741239,6,23
39.52187,1.337058,0.1029002,1.132975,-0.07941681,6,23
39.52666,1.341858,0.102447,1.13335,-0.08096902,6,23
39.53201,1.347204,0.1020806,1.133921,-0.08290848,6,23
39.53729,1.352486,0.1017297,1.13428,-0.08466031,6,23
39.54271,1.357899,0.1013923,1.134893,-0.08634283,6,23
39.54819,1.363381,0.1009622,1.135381,-0.08809856,6,23
39.5533,1.368492,0.1005672,1.135845,-0.09001276,6,23
39.55894,1.374131,0.1001596,1.136345,-0.09157088,6,23
39.5645,1.379691,0.09968532,1.136811,-0.09324399,6,23
39.56984,1.385037,0.09928451,1.137267,-0.09500341,6,23
39.57558,1.390777,0.09877691,1.137839,-0.0967201,6,23
39.58183,1.397018,0.09834985,1.138304,-0.09819597,6,23
39.58662,1.40181,0.09799349,1.138705,-0.09963533,6,23
39.59273,1.407924,0.09746158,1.139294,-0.1014745,6,23
39.5986,1.413795,0.09705281,1.139636,-0.1027648,6,23
39.60354,1.418735,0.09668611,1.140022,-0.1041531,6,23
39.60939,1.424587,0.09612478,1.140465,-0.1055772,6,23
39.61452,1.429711,0.09557181,1.140709,-0.1066997,6,23
39.61982,1.435017,0.09516775,1.141042,-0.1079451,6,23
39.62537,1.440563,0.09467077,1.141341,-0.1090235,6,23
39.63066,1.445856,0.09416158,1.141646,-0.1101636,6,23
39.6358,1.450986,0.09377002,1.14193,-0.1112332,6,23
39.64175,1.456941,0.09331804,1.142238,-0.1122514,6,23
39.64728,1.462469,0.09296773,1.142626,-0.1131968,6,23
39.65199,1.467183,0.09256011,1.142953,-0.1142901,6,23
39.65873,1.473921,0.09191571,1.143358,-0.1154136,6,23
39.66408,1.479273,0.09134697,1.143439,-0.116238,6,23
39.6692,1.484393,0.09088626,1.143705,-0.1172232,6,23
39.67467,1.489861,0.09043,1.143954,-0.1179332,6,23
39.68024,1.495439,0.09010746,1.144138,-0.1186132,6,23
39.68505,1.500244,0.08972745,1.144356,-0.1193916,6,23
39.69114,1.506331,0.08937291,1.144635,-0.1201882,6,23
39.69644,1.511628,0.08910964,1.144857,-0.1206795,6,23
39.70245,1.517641,0.08870174,1.145129,-0.1215243,6,23
39.70822,1.523404,0.08828045,1.145314,-0.1220578,6,23
39.71346,1.528642,0.08789328,1.145469,-0.1225528,6,23
39.71928,1.534462,0.08752239,1.145677,-0.1231955,6,23
39.72461,1.539792,0.08709536,1.145685,-0.1234552,6,23
39.73042,1.545606,0.08664721,1.145976,-0.1237884,6,23
39.7369,1.552089,0.08621406,1.14619,-0.1243337,6,23
39.74247,1.557653,0.08596635,1.146461,-0.124611,6,23
39.74778,1.562966,0.0856264,1.146661,-0.1250357,6,23
39.75847,1.573655,0.08512513,1.146934,-0.1252217,6,23
39.76297,1.578159,0.08489249,1.14707,-0.1254475,6,23
39.76763,1.582818,0.08461763,1.147233,-0.1257159,6,23
39.77378,1.588962,0.08429168,1.147674,-0.1256018,6,23
39.77975,1.594938,0.08400613,1.147884,-0.1258141,6,23
39.78454,1.599724,0.08373781,1.148083,-0.1260152,6,23
39.79127,1.606457,0.08393124,1.148245,-0.1253592,6,23
39.79812,1.613304,0.08373003,1.148444,-0.1247785,6,23
39.80577,0.007652,0.08320492,1.149012,-0.1242248,8,24
39.81126,0.0131461,0.08290678,1.149307,-0.1240781,8,24
39.81725,0.0191348,0.08279753,1.149617,-0.1234832,8,24
39.82309,0.0249769,0.0825413,1.149918,-0.1232304,8,24
39.82814,0.0300258,0.08234158,1.150057,-0.1224346,8,24
39.83295,0.034833,0.0821643,1.150222,-0.1218663,8,24
39.83898,0.0408625,0.08211377,1.150576,-0.1213416,8,24
39.8435,0.0453786,0.08196653,1.150795,-0.1209878,8,24
39.84749,0.0493735,0.08194298,1.151017,-0.1204365,8,24
39.85187,0.05375141,0.08180769,1.151259,-0.1200025,8,24
39.85671,0.05859181,0.08168469,1.151479,-0.1196087,8,24
39.86108,0.06295831,0.0815616,1.151699,-0.1192154,8,24
39.86533,0.06721111,0.0814427,1.151911,-0.1188362,8,24
39.87025,0.07212581,0.0811397,1.152184,-0.1179209,8,24
39.87496,0.07683881,0.08096837,1.152451,-0.117385,8,24
39.87963,0.08151021,0.08083116,1.152665,-0.1169569,8,24
39.88402,0.08590071,0.08068638,1.15289,-0.1165062,8,24
39.88902,0.09089401,0.08041263,1.153092,-0.1148798,8,24
39.89432,0.09620091,0.08020924,1.153385,-0.1141345,8,24
39.90024,0.1021156,0.08001691,1.153661,-0.1134333,8,24
39.90536,0.107237,0.08011544,1.153604,-0.1131551,8,24
39.90931,0.1111902,0.07999694,1.15378,-0.1126755,8,24
39.91359,0.1154718,0.07985518,1.153991,-0.1121043,8,24
39.91856,0.1204376,0.07971627,1.154198,-0.1115473,8,24
39.92392,0.125795,0.07883024,1.155443,-0.1084657,8,24
39.92797,0.1298509,0.07864471,1.155713,-0.1077694,8,24
39.93248,0.1343609,0.07841229,1.156052,-0.1069009,8,24
39.9408,0.1426827,0.07808409,1.15624,-0.1064478,8,24
39.94818,0.1500624,0.0777104,1.15637,-0.1050248,8,24
39.95591,0.157789,0.076499,1.157713,-0.09956416,8,24
39.96369,0.165568,0.0761031,1.157952,-0.09685615,8,24
39.97042,0.1722968,0.07595029,1.15796,-0.09448941,8,24
39.97799,0.1798669,0.07600138,1.1579,-0.09241903,8,24
39.98402,0.1858979,0.0757524,1.15814,-0.09052536,8,24
39.99162,0.1934957,0.0754149,1.15847,-0.08797534,8,24
39.99787,0.1997479,0.07594505,1.158194,-0.08628757,8,24
40.00291,0.2047941,0.07583437,1.158334,-0.08470044,8,24
40.00835,0.2102263,0.07602189,1.158014,-0.08510827,8,24
40.01384,0.2157206,0.07592928,1.158119,-0.08345939,8,24
40.02051,0.222388,0.07583825,1.158223,-0.08184056,8,24
40.02652,0.2283968,0.07574949,1.158325,-0.08026418,8,24
40.03217,0.2340502,0.07565504,1.158435,-0.07858887,8,24
40.03946,0.241337,0.075555,1.158551,-0.07681672,8,24
40.04523,0.247118,0.07546745,1.158654,-0.07526762,8,24
40.05064,0.2525213,0.07529462,1.157711,-0.06680769,8,24
40.05719,0.259076,0.0752008,1.157716,-0.06462685,8,24
40.06191,0.2637946,0.07512606,1.157721,-0.06288198,8,24
40.06685,0.2687388,0.07504745,1.157727,-0.06103975,8,24
40.07311,0.2749954,0.07494164,1.157737,-0.0585485,8,24
40.07852,0.2804036,0.07486458,1.157745,-0.05672582,8,24
40.08345,0.285331,0.07577103,1.157043,-0.06490751,8,24
40.09035,0.2922339,0.0765723,1.156649,-0.06137385,8,24
40.09746,0.2993404,0.07731002,1.15624,-0.05259782,8,24
40.10376,0.3056416,0.07756796,1.156061,-0.04872594,8,24
40.10994,0.3118173,0.07805446,1.156119,-0.04566161,8,24
40.11532,0.317202,0.0783656,1.156004,-0.04218851,8,24
40.12213,0.3240076,0.0787513,1.155866,-0.04076901,8,24
40.12829,0.3301705,0.07902645,1.156142,-0.0395913,8,24
40.13433,0.336208,0.07944104,1.156448,-0.03797383,8,24
40.14131,0.3431903,0.07955416,1.156691,-0.03617781,8,24
40.14625,0.3481292,0.07978147,1.156774,-0.03444151,8,24
40.15048,0.352354,0.08001017,1.156859,-0.03273127,8,24
40.15646,0.3583302,0.08027709,1.156958,-0.03077867,8,24
40.16177,0.3636463,0.08013484,1.157144,-0.02962343,8,24
40.16692,0.3687927,0.08033725,1.157254,-0.02788254,8,24
40.17299,0.3748667,0.08013196,1.157396,-0.02866442,8,24
40.17994,0.3818143,0.08047155,1.157798,-0.02505971,8,24
40.18603,0.3879042,0.08068565,1.157988,-0.02303494,8,24
40.19268,0.3945521,0.08094863,1.158218,-0.0206332,8,24
40.19927,0.4011492,0.08117648,1.158415,-0.01862109,8,24
40.20542,0.4072956,0.08129758,1.158488,-0.01666884,8,24
40.21183,0.4137129,0.08155602,1.158703,-0.01436606,8,24
40.21727,0.4191495,0.08174215,1.158856,-0.01275489,8,24
40.22249,0.4243666,0.08194608,1.159023,-0.0110313,8,24
40.22733,0.4292109,0.08167353,1.158444,-0.01372834,8,24
40.23209,0.4339703,0.08184193,1.158551,-0.0123267,8,24
40.23978,0.441652,0.0831738,1.158005,-0.010168,8,24
40.24677,0.4486414,0.08363578,1.157866,-0.007745594,8,24
40.25524,0.4571159,0.08427577,1.157798,-0.00556796,8,24
40.26186,0.4637324,0.08471406,1.157783,-0.003689811,8,24
40.26738,0.4692568,0.08513917,1.157772,-0.001909718,8,24
40.27344,0.4753177,0.08564904,1.157765,0.0001747757,8,24
40.28018,0.4820573,0.08613949,1.157764,0.002131373,8,24
40.28778,0.4896599,0.08648448,1.157861,0.002120622,8,24
40.29429,0.4961641,0.08702753,1.157882,0.004009578,8,24
40.30105,0.5029233,0.08693274,1.157611,0.003968287,8,24
40.30726,0.5091323,0.08733905,1.157601,0.005388327,8,24
40.31282,0.51469,0.08775392,1.157595,0.006811697,8,24
40.31916,0.5210313,0.0881388,1.157593,0.008109368,8,24
40.32477,0.5266467,0.08662908,1.157229,0.003395882,8,24
40.32968,0.5315541,0.08683437,1.157198,0.004155222,8,24
40.3348,0.536674,0.08708064,1.157163,0.005051732,8,24
40.34042,0.5422915,0.08730072,1.157135,0.005840175,8,24
40.34488,0.5467582,0.08767702,1.156633,0.007109057,8,24
40.34903,0.5509061,0.08815789,1.156078,0.007621627,8,24
40.35469,0.5565663,0.08838169,1.155882,0.008205973,8,24
40.36089,0.5627698,0.088684,1.155707,0.009067886,8,24
40.36641,0.5682827,0.08897226,1.155542,0.009879395,8,24
40.37238,0.5742565,0.08920523,1.15545,0.009998973,8,24
40.37758,0.5794584,0.0894399,1.155324,0.01056997,8,24
40.38312,0.584996,0.08930653,1.155553,0.009727765,8,24
40.38844,0.5903178,0.08963572,1.15549,0.01016404,8,24
40.39323,0.5951027,0.0898726,1.155408,0.01059619,8,24
40.39813,0.6000055,0.08998511,1.155451,0.01070553,8,24
40.40373,0.6056053,0.09011262,1.155474,0.01093774,8,24
40.40939,0.6112639,0.09030098,1.155441,0.01126381,8,24
40.41478,0.6166577,0.09037488,1.15545,0.01140643,8,24
40.42047,0.6223499,0.0905332,1.155427,0.01168254,8,24
40.42647,0.6283489,0.09053501,1.155366,0.01171399,8,24
40.43199,0.6338667,0.09055591,1.155281,0.0117731,8,24
40.44125,0.6431251,0.09057415,1.155151,0.01194311,8,24
40.44504,0.6469219,0.09062007,1.155113,0.01204877,8,24
40.4493,0.6511829,0.09058939,1.155026,0.01206552,8,24
40.45348,0.6553547,0.09062894,1.154971,0.01217314,8,24
40.45872,0.6605982,0.0906723,1.154912,0.01229076,8,24
40.46307,0.6649427,0.09071051,1.15486,0.01239411,8,24
40.46833,0.670207,0.090759,1.154794,0.01252489,8,24
40.4762,0.6780777,0.09078153,1.154644,0.01263786,8,24
40.48322,0.6851017,0.0907435,1.15462,0.01241004,8,24
40.48941,0.6912865,0.09074451,1.154472,0.01240491,8,24
40.49477,0.6966553,0.09065687,1.154435,0.01239055,8,24
40.50079,0.7026691,0.09056454,1.154393,0.01235728,8,24
40.50669,0.7085689,0.09054593,1.154327,0.01238611,8,24
40.51151,0.7133888,0.09041521,1.154312,0.01232804,8,24
40.51746,0.7193347,0.090322,1.154352,0.01223237,8,24
40.52352,0.7253987,0.09021492,1.154406,0.01211695,8,24
40.52839,0.7302668,0.09015889,1.154396,0.01208461,8,24
40.53415,0.7360297,0.08996882,1.154475,0.01196356,8,24
40.54066,0.7425422,0.08987036,1.154484,0.01190375,8,24
40.54631,0.7481884,0.08943815,1.154523,0.01169235,8,24
40.55226,0.7541391,0.08924419,1.154543,0.0115883,8,24
40.55825,0.7601275,0.08906456,1.154634,0.01144601,8,24
40.56394,0.7658198,0.08889242,1.154668,0.01134232,8,24
40.56906,0.770934,0.08877156,1.154771,0.01118499,8,24
40.57374,0.7756199,0.08867515,1.154867,0.01103269,8,24
40.57914,0.781022,0.08854571,1.15492,0.01092259,8,24
40.58344,0.7853132,0.0884317,1.154966,0.01082514,8,24
40.5886,0.790484,0.08826301,1.154976,0.01070424,8,24
40.59344,0.7953224,0.08805295,1.154896,0.01057847,8,24
40.599,0.8008851,0.08790439,1.154918,0.01046348,8,24
40.60496,0.8068399,0.08772862,1.154943,0.01032657,8,24
40.60998,0.811864,0.08757796,1.154966,0.01020848,8,24
40.61493,0.81681,0.08741453,1.15499,0.01007959,8,24
40.6205,0.8223789,0.08726455,1.154922,0.009870633,8,24
40.62472,0.8266029,0.08765458,1.154855,0.01004043,8,24
40.6293,0.831186,0.08756571,1.154859,0.009950493,8,24
40.63412,0.836006,0.08738711,1.154832,0.009665661,8,24
40.63997,0.8418521,0.08727013,1.15483,0.009525243,8,24
40.64484,0.8467169,0.08716183,1.154827,0.009394631,8,24
40.64929,0.8511734,0.08737345,1.154765,0.009404771,8,24
40.65459,0.8564729,0.08730797,1.154751,0.009273641,8,24
40.66265,0.8645366,0.08737279,1.154802,0.009080306,8,24
40.67425,0.8761292,0.08750368,1.154949,0.008681044,8,24
40.68039,0.8822699,0.08750604,1.154974,0.008530315,8,24
40.6881,0.8899839,0.08757576,1.155165,0.008232344,8,24
40.69374,0.8956213,0.08762024,1.155277,0.00815659,8,24
40.6997,0.9015809,0.08769773,1.155511,0.007657066,8,24
40.70565,0.9075342,0.08773154,1.155615,0.007409077,8,24
40.71189,0.9137768,0.08782327,1.155807,0.007011753,8,24
40.71778,0.9196603,0.08796506,1.155994,0.006669533,8,24
40.72795,0.9298291,0.08814355,1.156211,0.006002937,8,24
40.7338,0.9356834,0.08818924,1.156266,0.00552021,8,24
40.74223,0.9441102,0.08828663,1.156415,0.005040627,8,24
40.75269,0.9545703,0.08843882,1.156471,0.004125182,8,24
40.76192,0.9638075,0.08865463,1.156592,0.003371693,8,24
40.7678,0.9696799,0.08874854,1.156675,0.002943344,8,24
40.77517,0.9770568,0.08904938,1.156729,0.001411248,8,24
40.78408,0.9859684,0.08922338,1.156826,0.0005634576,8,24
40.79189,0.9937727,0.08930849,1.156966,-0.0009279437,8,24
40.79934,1.001222,0.0894298,1.157046,-0.001710072,8,24
40.80735,1.009229,0.08937209,1.157223,-0.002341662,8,24
40.8129,1.014782,0.08946268,1.157312,-0.003057756,8,24
40.81893,1.020809,0.08952688,1.157522,-0.00543249,8,24
40.82501,1.026889,0.08961483,1.157628,-0.006425582,8,24
40.83078,1.032661,0.08922882,1.157695,-0.006979875,8,24
40.83883,1.040706,0.08891138,1.157843,-0.009896062,8,24
40.84441,1.046295,0.08873238,1.158233,-0.01169369,8,24
40.84964,1.051523,0.08867024,1.158378,-0.01292522,8,24
40.85493,1.056819,0.08840477,1.158716,-0.01476284,8,24
40.86046,1.062343,0.08828759,1.158806,-0.0162203,8,24
40.86596,1.067848,0.08818658,1.158973,-0.01764486,8,24
40.87113,1.073015,0.08819602,1.159289,-0.01948755,8,24
40.8772,1.079093,0.08813044,1.159468,-0.02088441,8,24
40.88235,1.084242,0.08805292,1.15968,-0.02249435,8,24
40.8876,1.089483,0.08798903,1.159867,-0.02396437,8,24
40.89351,1.095395,0.08791692,1.160093,-0.02576534,8,24
40.89911,1.100998,0.08775219,1.160243,-0.02771945,8,24
40.9045,1.106379,0.08768147,1.160417,-0.02926303,8,24
40.90939,1.111271,0.08761863,1.160577,-0.03071447,8,24
40.91369,1.115569,0.08752669,1.160632,-0.03286059,8,24
40.91864,1.120524,0.08746847,1.160761,-0.03427502,8,24
40.92391,1.125789,0.08740232,1.160912,-0.03596412,8,24
40.93034,1.132219,0.08750487,1.160773,-0.03613279,8,24
40.93642,1.138297,0.08745798,1.160889,-0.0376461,8,24
40.94322,1.145097,0.08740428,1.161027,-0.03951559,8,24
40.94857,1.150447,0.08707781,1.161033,-0.04174997,8,24
40.95377,1.155643,0.08697338,1.161113,-0.0446246,8,24
40.96077,1.162647,0.08645103,1.161203,-0.05046608,8,24
40.96596,1.167839,0.08630113,1.161289,-0.05279884,8,24
40.97128,1.17316,0.08586851,1.160812,-0.05601513,8,24
40.97714,1.179021,0.0855478,1.160484,-0.05818062,8,24
40.98235,1.184225,0.0853435,1.160415,-0.0604326,8,24
40.98827,1.190146,0.08510143,1.160331,-0.06313327,8,24
40.99385,1.195736,0.0848449,1.16024,-0.06603518,8,24
40.99923,1.201115,0.084661,1.160174,-0.06814193,8,24
41.0044,1.206279,0.08445729,1.160099,-0.07050207,8,24
41.00903,1.210914,0.08427625,1.160031,-0.07262383,8,24
41.01424,1.21612,0.08400801,1.159451,-0.07375226,8,24
41.01993,1.221814,0.08380622,1.159328,-0.07596633,8,24
41.02427,1.226147,0.08363796,1.159224,-0.07783153,8,24
41.0296,1.231485,0.08343056,1.159093,-0.08015503,8,24
41.03478,1.236664,0.08388837,1.158683,-0.0812792,8,24
41.03994,1.241822,0.08416381,1.158396,-0.07790354,8,24
41.04571,1.247594,0.0840333,1.158235,-0.07983644,8,24
41.05139,1.253274,0.08389308,1.15806,-0.0819477,8,24
41.05758,1.259468,0.08402915,1.156336,-0.08200178,8,24
41.06384,1.265726,0.08389762,1.156023,-0.08391266,8,24
41.06958,1.271459,0.08377337,1.155731,-0.08572347,8,24
41.07564,1.277524,0.08363128,1.155403,-0.08780138,8,24
41.08207,1.283956,0.08350525,1.155115,-0.0896509,8,24
41.08711,1.288996,0.08339567,1.154869,-0.09126428,8,24
41.09377,1.295652,0.08323096,1.154504,-0.09369887,8,24
41.09975,1.301635,0.08312601,1.154275,-0.09525633,8,24
41.10455,1.306436,0.08180832,1.151451,-0.111845,8,24
41.1101,1.311984,0.08155423,1.150972,-0.1151504,8,24
41.11589,1.317767,0.08192422,1.154202,-0.1025466,8,24
41.12078,1.322657,0.08177112,1.154005,-0.1042066,8,24
41.12657,1.328448,0.08157152,1.153756,-0.1063626,8,24
41.1387,1.340581,0.07972712,1.154897,-0.1169449,8,24
41.14595,1.347823,0.07924803,1.154921,-0.1203933,8,24
41.1529,1.354773,0.07868578,1.15527,-0.1226045,8,24
41.16088,1.362753,0.07804027,1.155247,-0.1241781,8,24
41.16764,1.369516,0.07765319,1.15544,-0.125242,8,24
41.17366,1.375541,0.07731488,1.155445,-0.1263595,8,24
41.18149,1.383369,0.07684872,1.155525,-0.1283832,8,24
41.18839,1.390265,0.07640094,1.155604,-0.13034,8,24
41.19513,1.397004,0.07592148,1.15569,-0.1324499,8,24
41.20201,1.403886,0.07553086,1.155761,-0.1341801,8,24
41.20766,1.409531,0.07517795,1.155825,-0.1357521,8,24
41.21439,1.416266,0.07472068,1.15591,-0.1378018,8,24
41.22031,1.422186,0.07438726,1.155973,-0.1393057,8,24
41.22519,1.427059,0.07407723,1.156032,-0.1407112,8,24
41.23028,1.432151,0.07377148,1.156091,-0.142104,8,24
41.23553,1.437404,0.0748267,1.155324,-0.1343109,8,24
41.23996,1.441829,0.07464311,1.155329,-0.134981,8,24
41.24481,1.44668,0.07441951,1.155336,-0.1357997,8,24
41.24974,1.451608,0.07419329,1.155344,-0.1366309,8,24
41.25521,1.457078,0.07317153,1.15494,-0.1362225,8,24
41.26634,1.468214,0.07197129,1.154914,-0.1380448,8,24
41.2728,0.0064588,0.0715421,1.155097,-0.1382627,7,25
41.28055,0.0142091,0.07097059,1.155135,-0.1391361,7,25
41.28584,0.0194971,0.07082517,1.155445,-0.1387362,7,25
41.29087,0.024524,0.07046214,1.15553,-0.1391706,7,25
41.29797,0.0316281,0.07017872,1.156221,-0.1381741,7,25
41.30361,0.03727,0.06982597,1.156436,-0.1383102,7,25
41.30957,0.043227,0.06938663,1.156881,-0.1378931,7,25
41.3165,0.0501541,0.06891766,1.15746,-0.1374132,7,25
41.3229,0.0565584,0.06853903,1.157791,-0.1373119,7,25
41.32963,0.0632865,0.0682497,1.158423,-0.1366431,7,25
41.33631,0.0699678,0.06782497,1.158889,-0.1363889,7,25
41.34315,0.0768117,0.06744455,1.159308,-0.1361641,7,25
41.34877,0.0824257,0.06770624,1.159327,-0.1351439,7,25
41.35405,0.0877,0.06743781,1.159661,-0.1348357,7,25
41.36034,0.0939931,0.06716917,1.159996,-0.1345295,7,25
41.36646,0.1001143,0.06687646,1.160361,-0.1341984,7,25
41.3719,0.1055554,0.06660913,1.160695,-0.1338985,7,25
41.37801,0.1116658,0.06634087,1.161031,-0.1335996,7,25
41.38214,0.1157987,0.06614657,1.161275,-0.1333846,7,25
41.38745,0.1211106,0.06589799,1.161587,-0.1331112,7,25
41.39284,0.1264926,0.0656237,1.161931,-0.1328117,7,25
41.3976,0.1312526,0.06541678,1.162192,-0.1325873,7,25
41.40263,0.1362855,0.06517447,1.162497,-0.1323261,7,25
41.40836,0.1420177,0.0649053,1.162837,-0.1320381,7,25
41.41352,0.1471774,0.06464192,1.16317,-0.1317583,7,25
41.41873,0.1523813,0.0644123,1.16346,-0.1315161,7,25
41.42362,0.1572767,0.06417731,1.163758,-0.1312699,7,25
41.42998,0.1636333,0.06387867,1.164137,-0.1309592,7,25
41.43595,0.169609,0.06404199,1.162661,-0.123591,7,25
41.443,0.1766532,0.06372707,1.162996,-0.1228483,7,25
41.45057,0.1842222,0.06274813,1.16281,-0.1153737,7,25
41.45731,0.1909667,0.06065757,1.163569,-0.1047862,7,25
41.46454,0.1981983,0.05982973,1.164008,-0.1012163,7,25
41.46963,0.2032887,0.05924035,1.164322,-0.09871598,7,25
41.47563,0.2092844,0.05838845,1.16478,-0.09515998,7,25
41.48201,0.2156625,0.05965139,1.163311,-0.09743865,7,25
41.48821,0.2218659,0.05914144,1.163491,-0.09495492,7,25
41.49413,0.2277839,0.05857538,1.163694,-0.09224452,7,25
41.5012,0.2348587,0.05803723,1.163889,-0.0897112,7,25
41.50885,0.2425115,0.05735313,1.164142,-0.08654884,7,25
41.51461,0.2482693,0.05682588,1.164339,-0.08415374,7,25
41.52029,0.2539445,0.05636716,1.164512,-0.08209862,7,25
41.52621,0.2598672,0.05789007,1.162383,-0.08181898,7,25
41.53151,0.2651649,0.05754106,1.1624,-0.07976788,7,25
41.5368,0.2704527,0.05722857,1.162416,-0.07795664,7,25
41.54315,0.2768044,0.05680077,1.162441,-0.07551411,7,25
41.54838,0.2820326,0.05646947,1.162462,-0.07365074,7,25
41.55421,0.2878598,0.05652216,1.160679,-0.06239131,7,25
41.56227,0.2959237,0.05958005,1.160809,-0.07594843,7,25
41.56956,0.3032162,0.05997508,1.160419,-0.07091798,7,25
41.57431,0.3079639,0.05995134,1.159959,-0.06285831,7,25
41.58086,0.3145134,0.05987558,1.159733,-0.05900107,7,25
41.58713,0.3207773,0.05979495,1.159495,-0.05499732,7,25
41.59429,0.3279388,0.05968818,1.159186,-0.04984339,7,25
41.60249,0.336142,0.0600661,1.159378,-0.04712869,7,25
41.60909,0.3427466,0.06012842,1.159787,-0.05349354,7,25
41.61627,0.3499248,0.06007989,1.159644,-0.04767317,7,25
41.62148,0.3551304,0.06007208,1.159566,-0.04529405,7,25
41.62699,0.3606382,0.06006356,1.159467,-0.04229645,7,25
41.63305,0.3667005,0.06005619,1.159361,-0.03913654,7,25
41.6386,0.3722458,0.06005146,1.159275,-0.03659159,7,25
41.6449,0.3785487,0.06004702,1.159165,-0.03336935,7,25
41.65055,0.3842069,0.06000534,1.159114,-0.03141853,7,25
41.65721,0.3908649,0.06000256,1.159019,-0.02857007,7,25
41.66537,0.3990248,0.0602039,1.159391,-0.0359991,7,25
41.67138,0.4050298,0.06021719,1.159329,-0.0338332,7,25
41.67861,0.4122672,0.06086018,1.159376,-0.02503796,7,25
41.68345,0.4171092,0.06096465,1.159341,-0.02255899,7,25
41.68873,0.4223843,0.06108094,1.1593,-0.01988969,7,25
41.69507,0.4287236,0.06130826,1.159493,-0.02229054,7,25
41.70007,0.4337205,0.06132623,1.159585,-0.0221807,7,25
41.70593,0.4395833,0.06145392,1.159585,-0.02009481,7,25
41.71553,0.4491852,0.06180693,1.159419,-0.01428033,7,25
41.72278,0.4564364,0.06198295,1.159396,-0.01160265,7,25
41.73022,0.46388,0.0621945,1.159374,-0.008511841,7,25
41.73695,0.470609,0.06252097,1.159533,-0.007329199,7,25
41.74493,0.4785907,0.06276798,1.159554,-0.004619915,7,25
41.75093,0.4845911,0.06299242,1.159576,-0.002234034,7,25
41.75907,0.4927241,0.06321075,1.159434,-0.004104,7,25
41.76788,0.5015306,0.06361321,1.159164,-0.00399166,7,25
41.77553,0.5091834,0.0646156,1.158746,0.001013488,7,25
41.78301,0.5166649,0.06506559,1.158465,0.00314318,7,25
41.7895,0.5231579,0.06549352,1.158293,0.005375687,7,25
41.79692,0.5305803,0.06560544,1.158056,0.006054349,7,25
41.80302,0.5366719,0.06588826,1.157901,0.007534243,7,25
41.80944,0.5431014,0.06611999,1.157605,0.008615252,7,25
41.81532,0.548979,0.06637614,1.157408,0.009576797,7,25
41.82178,0.5554397,0.066656,1.157212,0.0108879,7,25
41.82799,0.5616441,0.0669895,1.157115,0.01180459,7,25
41.83332,0.5669807,0.06729072,1.157013,0.01253113,7,25
41.83929,0.5729432,0.06756852,1.156866,0.01355797,7,25
41.84476,0.5784155,0.0676875,1.156656,0.01423271,7,25
41.85009,0.5837445,0.06792935,1.156499,0.01516123,7,25
41.85586,0.5895171,0.06807649,1.156378,0.0156276,7,25
41.86143,0.5950813,0.06828646,1.156242,0.01639494,7,25
41.86733,0.6009862,0.06857951,1.156257,0.01687932,7,25
41.87387,0.6075276,0.06895796,1.156304,0.01759975,7,25
41.88013,0.6137841,0.06918701,1.156307,0.01809705,7,25
41.88883,0.622484,0.06956189,1.156232,0.0190517,7,25
41.8945,0.628151,0.06983683,1.156176,0.01974612,7,25
41.90006,0.6337114,0.07006937,1.156127,0.02032976,7,25
41.90646,0.6401033,0.07021894,1.156141,0.02052581,7,25
41.91203,0.645681,0.07000878,1.156138,0.02007927,7,25
41.91689,0.6505359,0.07014199,1.156111,0.02040506,7,25
41.92275,0.6563997,0.07053333,1.155793,0.02111169,7,25
41.92774,0.6613895,0.07071623,1.155718,0.02151618,7,25
41.93232,0.6659696,0.07090739,1.15564,0.02193703,7,25
41.93923,0.6728774,0.07062661,1.155547,0.02155658,7,25
41.9446,0.6782486,0.07075964,1.155454,0.02189319,7,25
41.94956,0.6832026,0.07079235,1.155275,0.02198068,7,25
41.95536,0.6890045,0.07092695,1.155141,0.022321,7,25
41.96149,0.6951355,0.07088635,1.154847,0.02232486,7,25
41.96685,0.7004918,0.07082096,1.154747,0.02230431,7,25
41.97281,0.7064511,0.07079606,1.15466,0.0223478,7,25
41.97829,0.7119396,0.07082506,1.154547,0.02247671,7,25
41.98439,0.7180345,0.07069552,1.154364,0.02248008,7,25
41.98978,0.7234278,0.07053868,1.154142,0.02255392,7,25
41.99474,0.7283813,0.07049759,1.153988,0.0226537,7,25
42.00093,0.7345762,0.07045457,1.153827,0.02275804,7,25
42.0075,0.7411437,0.0703593,1.153815,0.02264893,7,25
42.01315,0.7467925,0.0703552,1.153941,0.02246632,7,25
42.01841,0.7520523,0.07032219,1.153883,0.02247158,7,25
42.02359,0.7572286,0.07026307,1.153906,0.02233879,7,25
42.02834,0.7619786,0.07022511,1.153866,0.02231536,7,25
42.03386,0.7674961,0.07009241,1.153818,0.02215981,7,25
42.03994,0.7735807,0.06993535,1.153754,0.02207431,7,25
42.04496,0.7786054,0.0698572,1.153708,0.02201751,7,25
42.05093,0.7845707,0.06978276,1.153688,0.02183729,7,25
42.05684,0.7904826,0.0697047,1.153647,0.02175418,7,25
42.06203,0.7956666,0.06970639,1.153711,0.02154293,7,25
42.06753,0.8011694,0.06979579,1.153767,0.02128465,7,25
42.07266,0.8062973,0.06975935,1.153808,0.02104986,7,25
42.07895,0.8125918,0.06963558,1.153775,0.02085879,7,25
42.08452,0.8181607,0.06957831,1.153771,0.02068719,7,25
42.0901,0.8237372,0.06928401,1.15375,0.02040423,7,25
42.09579,0.8294269,0.06915648,1.153742,0.02018287,7,25
42.10165,0.8352902,0.06895582,1.153654,0.01988837,7,25
42.10748,0.841113,0.06885513,1.153702,0.01957745,7,25
42.11375,0.8473923,0.0687428,1.153782,0.0191463,7,25
42.11901,0.8526447,0.06864126,1.153795,0.0189008,7,25
42.12502,0.8586558,0.06847744,1.153803,0.01850608,7,25
42.13115,0.8647892,0.06824849,1.153837,0.01788544,7,25
42.13704,0.8706713,0.06810876,1.153855,0.01752824,7,25
42.14228,0.8759197,0.06794371,1.153953,0.0169824,7,25
42.1477,0.8813325,0.06779727,1.153988,0.01657712,7,25
42.15253,0.8861602,0.06775477,1.15402,0.01603726,7,25
42.15922,0.8928497,0.06778157,1.154209,0.01524496,7,25
42.16444,0.8980672,0.0678381,1.154298,0.01455214,7,25
42.16981,0.9034428,0.06778274,1.154376,0.013966,7,25
42.1755,0.9091291,0.06771509,1.154514,0.01317167,7,25
42.18125,0.9148781,0.06759078,1.154602,0.01231429,7,25
42.18705,0.9206747,0.06751537,1.154696,0.01159704,7,25
42.19294,0.9265634,0.06730135,1.154748,0.01050616,7,25
42.19854,0.9321684,0.06720807,1.154985,0.009432152,7,25
42.20455,0.938182,0.06699806,1.155138,0.008134235,7,25
42.20955,0.9431845,0.06688748,1.155248,0.007291351,7,25
42.21455,0.9481855,0.06670798,1.155378,0.006042432,7,25
42.22104,0.9546689,0.06656326,1.15551,0.00494213,7,25
42.22614,0.9597713,0.06643459,1.155639,0.003618665,7,25
42.23119,0.9648204,0.06624769,1.155807,0.002182011,7,25
42.23839,0.9720174,0.06607471,1.155969,0.0007483587,7,25
42.24337,0.9769962,0.06598456,1.156218,-0.0007448047,7,25
42.24868,0.9823012,0.06589259,1.156649,-0.00237947,7,25
42.255,0.988622,0.06571059,1.157048,-0.004420377,7,25
42.25997,0.9935917,0.06560639,1.157256,-0.005623162,7,25
42.26513,0.9987584,0.06533489,1.157452,-0.007319756,7,25
42.27118,1.004807,0.06513835,1.157747,-0.009230331,7,25
42.2776,1.011221,0.0650414,1.158021,-0.01128103,7,25
42.28314,1.016762,0.06490161,1.158261,-0.01293926,7,25
42.28957,1.023195,0.06474634,1.158533,-0.01485294,7,25
42.29569,1.029313,0.06459547,1.158802,-0.01679363,7,25
42.30103,1.034649,0.06422965,1.159091,-0.01871505,7,25
42.30678,1.040405,0.06406876,1.159327,-0.02049779,7,25
42.31216,1.045789,0.06396423,1.160165,-0.02314839,7,25
42.31786,1.051485,0.06377566,1.160534,-0.02540467,7,25
42.32393,1.057558,0.06340941,1.160856,-0.02862899,7,25
42.32993,1.063559,0.0631511,1.161021,-0.03114823,7,25
42.33445,1.068078,0.06294759,1.161288,-0.0333735,7,25
42.34012,1.073743,0.06274194,1.161561,-0.03569184,7,25
42.34452,1.078148,0.0625716,1.161788,-0.03766976,7,25
42.34882,1.082441,0.06240932,1.162007,-0.03960722,7,25
42.35374,1.087363,0.06216227,1.161903,-0.04154614,7,25
42.35838,1.092008,0.06200878,1.162065,-0.04334266,7,25
42.36269,1.096319,0.06185254,1.162231,-0.04522192,7,25
42.36704,1.100664,0.06169838,1.162395,-0.04713029,7,25
42.37183,1.105456,0.0619432,1.161939,-0.04563838,7,25
42.37653,1.110161,0.06182793,1.162047,-0.04717556,7,25
42.38058,1.114207,0.0617209,1.162148,-0.048645,7,25
42.38494,1.118564,0.06159533,1.161671,-0.05032626,7,25
42.38957,1.123196,0.06152442,1.161448,-0.05277655,7,25
42.39381,1.127441,0.06140221,1.16147,-0.05457836,7,25
42.3984,1.132023,0.06129565,1.161487,-0.05618624,7,25
42.40296,1.136591,0.06117792,1.161504,-0.05800599,7,25
42.40771,1.141346,0.06057603,1.161204,-0.06464403,7,25
42.412,1.145635,0.06038797,1.16117,-0.06723125,7,25
42.41681,1.150436,0.0602206,1.161137,-0.06957551,7,25
42.42314,1.156772,0.06017122,1.160837,-0.06871922,7,25
42.43006,1.163692,0.05949644,1.159866,-0.07454134,7,25
42.43729,1.17092,0.05911442,1.159506,-0.07867742,7,25
42.44337,1.177004,0.05902064,1.159069,-0.08074903,7,25
42.4496,1.183235,0.05890943,1.15853,-0.0830324,7,25
42.45602,1.189649,0.05881762,1.158063,-0.08582617,7,25
42.46182,1.195451,0.058667,1.157725,-0.08821397,7,25
42.46746,1.20109,0.05837091,1.157305,-0.0902535,7,25
42.47359,1.207221,0.05809092,1.15698,-0.09302533,7,25
42.47924,1.212873,0.05785689,1.156689,-0.09504142,7,25
42.48513,1.218764,0.05763528,1.15635,-0.09746197,7,25
42.49083,1.224462,0.05747464,1.156118,-0.0997588,7,25
42.49656,1.230186,0.05731552,1.155988,-0.1016597,7,25
42.5021,1.235733,0.05713231,1.155743,-0.1038176,7,25
42.50767,1.241301,0.0569865,1.155567,-0.105895,7,25
42.5136,1.247232,0.05684094,1.155309,-0.1080375,7,25
42.52037,1.253999,0.05666,1.155051,-0.1103874,7,25
42.52593,1.259561,0.05651998,1.154861,-0.1120167,7,25
42.53139,1.265024,0.05632418,1.154585,-0.113738,7,25
42.54382,1.277453,0.05595632,1.154074,-0.1173068,7,25
42.54741,1.281041,0.05585351,1.153929,-0.1184164,7,25
42.55329,1.286921,0.05566592,1.153663,-0.12045,7,25
42.55835,1.291982,0.05562089,1.153484,-0.1213017,7,25
42.56329,1.296918,0.05548805,1.153276,-0.1228149,7,25
42.56791,1.301541,0.05554269,1.1531,-0.1214314,7,25
42.57377,1.307399,0.05540605,1.152845,-0.122865,7,25
42.57986,1.313488,0.0552821,1.152613,-0.1241757,7,25
42.58565,1.319274,0.05515595,1.152375,-0.1255198,7,25
42.59123,1.32486,0.05465123,1.151328,-0.1282822,7,25
42.59618,1.329814,0.05451551,1.151062,-0.1294525,7,25
42.60129,1.33492,0.05435663,1.150752,-0.1308278,7,25
42.60844,1.342067,0.05476852,1.150845,-0.1273709,7,25
42.61542,1.349043,0.05455476,1.149623,-0.129679,7,25
42.62337,0.0079506,0.05458384,1.149583,-0.128504,4,26
42.62803,0.0126075,0.05450441,1.149292,-0.1291157,4,26
42.63346,0.0180403,0.05439335,1.148426,-0.1292592,4,26
42.63991,0.0244942,0.05440701,1.147971,-0.1290667,4,26
42.64437,0.0289583,0.05435163,1.147611,-0.1293763,4,26
42.64938,0.0339662,0.05438311,1.147382,-0.1289124,4,26
42.65538,0.0399629,0.05432799,1.146913,-0.1291385,4,26
42.66152,0.046101,0.05431071,1.146701,-0.1286274,4,26
42.66674,0.0513289,0.05423032,1.146374,-0.1281107,4,26
42.67302,0.0576016,0.05401696,1.14574,-0.1274375,4,26
42.67879,0.0633778,0.05393275,1.145353,-0.1272333,4,26
42.68494,0.069532,0.05373739,1.144681,-0.1263102,4,26
42.69028,0.0748689,0.05363499,1.144339,-0.1256383,4,26
42.69592,0.0805046,0.05350249,1.143868,-0.1248098,4,26
42.70183,0.0864208,0.05338994,1.143436,-0.1242819,4,26
42.7076,0.0921919,0.05341186,1.143014,-0.123386,4,26
42.71407,0.09865741,0.05325255,1.142417,-0.1221494,4,26
42.72089,0.1054801,0.05311335,1.141992,-0.1210733,4,26
42.72566,0.1102462,0.05302642,1.141636,-0.1204119,4,26
42.73096,0.1155449,0.05290337,1.141259,-0.119335,4,26
42.73613,0.120716,0.05281279,1.140911,-0.1186178,4,26
42.74141,0.1259911,0.05285905,1.140621,-0.1175137,4,26
42.74676,0.1313444,0.05278765,1.140237,-0.1166209,4,26
42.75146,0.1360501,0.0527195,1.139867,-0.1157727,4,26
42.75734,0.1419192,0.05297636,1.139618,-0.114631,4,26
42.76285,0.1474364,0.05301011,1.13928,-0.1132625,4,26
42.76734,0.1519227,0.0530052,1.138984,-0.1124471,4,26
42.77383,0.1584135,0.0529959,1.138859,-0.1117882,4,26
42.78033,0.1649135,0.05305297,1.13817,-0.1094298,4,26
42.78647,0.1710495,0.05306564,1.137717,-0.1080335,4,26
42.79202,0.1766031,0.05328786,1.137417,-0.1062636,4,26
42.79774,0.1823254,0.05353007,1.137238,-0.1049708,4,26
42.80434,0.1889206,0.05366089,1.136818,-0.1033156,4,26
42.80983,0.1944087,0.05380606,1.136501,-0.1019349,4,26
42.81547,0.2000484,0.05392427,1.136208,-0.1003019,4,26
42.82227,0.2068545,0.05405976,1.135828,-0.09871067,4,26
42.82703,0.2116071,0.05419326,1.1358,-0.09747142,4,26
42.83204,0.2166231,0.05430612,1.135571,-0.09611456,4,26
42.83873,0.2233058,0.05444976,1.135262,-0.09454998,4,26
42.84346,0.2280451,0.05456309,1.13502,-0.09334937,4,26
42.84888,0.2334673,0.0549269,1.134426,-0.09170008,4,26
42.85519,0.2397783,0.05514359,1.134008,-0.0899533,4,26
42.86153,0.2461186,0.05493509,1.134339,-0.08998339,4,26
42.86666,0.2512404,0.05499035,1.133923,-0.0871174,4,26
42.87267,0.2572496,0.05504051,1.133605,-0.08502291,4,26
42.87743,0.2620119,0.05511791,1.133374,-0.08369306,4,26
42.88301,0.2676017,0.05511548,1.133332,-0.08223663,4,26
42.88917,0.2737551,0.05513902,1.13326,-0.08064094,4,26
42.89408,0.2786708,0.05520296,1.133072,-0.07910991,4,26
42.90049,0.2850807,0.05529373,1.133037,-0.07746127,4,26
42.90577,0.2903571,0.05532374,1.132913,-0.07591189,4,26
42.91078,0.2953646,0.05539207,1.132755,-0.07431328,4,26
42.9164,0.3009824,0.05538194,1.132597,-0.0728808,4,26
42.92173,0.3063098,0.05543032,1.132538,-0.07136692,4,26
42.92707,0.3116545,0.05548591,1.132402,-0.06983624,4,26
42.93204,0.3166279,0.05564565,1.132433,-0.06828447,4,26
42.93845,0.3230307,0.05579922,1.132473,-0.06664133,4,26
42.94344,0.3280281,0.05589475,1.132413,-0.06521513,4,26
42.9489,0.3334818,0.0560016,1.132346,-0.06369051,4,26
42.95465,0.3392383,0.05612253,1.132379,-0.0619797,4,26
42.96028,0.3448656,0.05623445,1.132329,-0.06049997,4,26
42.96569,0.3502794,0.05635173,1.132276,-0.05901743,4,26
42.97147,0.3560508,0.05626182,1.132283,-0.0588963,4,26
42.97735,0.3619349,0.05646542,1.132011,-0.05546272,4,26
42.98277,0.3673526,0.05662698,1.132135,-0.05360682,4,26
42.9883,0.3728915,0.05669969,1.132273,-0.05200846,4,26
42.99419,0.3787753,0.05683919,1.132278,-0.04999432,4,26
42.99922,0.3838067,0.0567769,1.132315,-0.04876634,4,26
43.00491,0.3894994,0.05686841,1.132327,-0.04702524,4,26
43.00958,0.3941675,0.05694835,1.132337,-0.04559243,4,26
43.01456,0.3991447,0.05704712,1.132347,-0.04391709,4,26
43.02143,0.4060146,0.05657967,1.13236,-0.04382189,4,26
43.02661,0.4111934,0.05658833,1.132368,-0.04254366,4,26
43.03189,0.4164793,0.05672816,1.132348,-0.03936101,4,26
43.03823,0.4228141,0.05677851,1.132349,-0.03745455,4,26
43.04358,0.4281641,0.05683117,1.132349,-0.03567345,4,26
43.04865,0.4332363,0.05710626,1.132339,-0.03384533,4,26
43.05575,0.4403369,0.05720921,1.132222,-0.03340195,4,26
43.06077,0.4453582,0.05728538,1.132206,-0.03213903,4,26
43.06614,0.4507217,0.05765234,1.132015,-0.02891077,4,26
43.07217,0.4567555,0.05799235,1.131997,-0.02658562,4,26
43.07742,0.4620007,0.05816988,1.131953,-0.02490818,4,26
43.08292,0.4675091,0.05840513,1.131972,-0.02339695,4,26
43.08905,0.4736406,0.05861551,1.131954,-0.02171671,4,26
43.09344,0.4780273,0.05880655,1.131928,-0.02014428,4,26
43.09918,0.4837683,0.05888421,1.1317,-0.01848713,4,26
43.10584,0.4904234,0.05894993,1.131623,-0.0165708,4,26
43.11095,0.495532,0.05910612,1.131551,-0.01481893,4,26
43.11714,0.5017226,0.05923438,1.131562,-0.0133837,4,26
43.12378,0.5083596,0.05932197,1.131582,-0.0115323,4,26
43.12924,0.5138255,0.05945211,1.131553,-0.009947754,4,26
43.13443,0.5190147,0.05958988,1.131526,-0.008333508,4,26
43.14065,0.5252354,0.05974104,1.131499,-0.006628994,4,26
43.14639,0.5309753,0.05999642,1.131685,-0.005324591,4,26
43.152,0.5365781,0.0600771,1.131733,-0.005539209,4,26
43.15849,0.5430666,0.06042495,1.131804,-0.002807338,4,26
43.16414,0.548723,0.0608036,1.131973,-0.001258999,4,26
43.1701,0.5546856,0.06106433,1.13204,0.0004303493,4,26
43.17572,0.5603004,0.06138407,1.132239,0.001704656,4,26
43.18138,0.5659558,0.06157485,1.132421,0.002676867,4,26
43.18676,0.5713438,0.0618186,1.132538,0.004027236,4,26
43.1919,0.5764834,0.06196355,1.132725,0.004898597,4,26
43.19774,0.582322,0.06210347,1.132833,0.005789135,4,26
43.20699,0.5915673,0.06230918,1.132961,0.007477168,4,26
43.21543,0.6000046,0.06257465,1.133163,0.008934751,4,26
43.2216,0.606177,0.06275824,1.133288,0.0100205,4,26
43.22694,0.6115195,0.06293245,1.133407,0.01103444,4,26
43.23293,0.6175126,0.06319519,1.133534,0.01193342,4,26
43.2391,0.6236801,0.06312299,1.133456,0.01158233,4,26
43.24418,0.6287625,0.06326051,1.133538,0.01230818,4,26
43.24969,0.634267,0.06356047,1.133613,0.01363408,4,26
43.25638,0.6409578,0.06372886,1.133563,0.01464485,4,26
43.26296,0.6475433,0.06393008,1.133657,0.0152309,4,26
43.26878,0.6533597,0.06411362,1.13372,0.01604396,4,26
43.27446,0.6590341,0.06430308,1.133787,0.01687546,4,26
43.27966,0.664235,0.06445513,1.133841,0.01753729,4,26
43.28508,0.6696542,0.06462686,1.133903,0.01827903,4,26
43.29153,0.6761044,0.06462687,1.1338,0.01732103,4,26
43.29696,0.6815361,0.06475288,1.133832,0.01775943,4,26
43.30296,0.6875388,0.06491312,1.133873,0.01831344,4,26
43.30885,0.6934265,0.06505224,1.133901,0.01893676,4,26
43.31486,0.6994348,0.06507344,1.133865,0.01927369,4,26
43.32117,0.7057501,0.06517982,1.13388,0.01973683,4,26
43.32595,0.7105207,0.06520855,1.133866,0.01989506,4,26
43.33144,0.7160122,0.06530503,1.133876,0.02032041,4,26
43.33822,0.7227958,0.06542368,1.133848,0.02023292,4,26
43.34312,0.7276894,0.06550525,1.133847,0.0204785,4,26
43.34813,0.7327002,0.06556073,1.133752,0.02060675,4,26
43.3541,0.7386753,0.06566063,1.133724,0.02089543,4,26
43.35974,0.7443132,0.06568866,1.133649,0.02094824,4,26
43.36578,0.7503542,0.06578317,1.13361,0.02093566,4,26
43.37133,0.7559,0.06583923,1.133467,0.02096913,4,26
43.37681,0.7613785,0.06590345,1.133409,0.02107654,4,26
43.3821,0.766674,0.06592378,1.133324,0.02105486,4,26
43.38775,0.7723225,0.06598476,1.133253,0.02114295,4,26
43.39309,0.7776574,0.06605639,1.133086,0.02124568,4,26
43.39886,0.7834303,0.06608467,1.132942,0.0212443,4,26
43.40472,0.7892841,0.06607122,1.132724,0.021246,4,26
43.41031,0.7948812,0.06610676,1.13259,0.02129583,4,26
43.41585,0.800417,0.06607871,1.132513,0.02116459,4,26
43.4222,0.8067705,0.06611027,1.132536,0.02097227,4,26
43.42751,0.8120771,0.06613196,1.132459,0.02092866,4,26
43.43276,0.8173275,0.06615885,1.13247,0.02078947,4,26
43.43946,0.8240265,0.0661401,1.132568,0.02057388,4,26
43.44505,0.8296245,0.06615236,1.132551,0.02047054,4,26
43.45031,0.8348848,0.06606446,1.132657,0.0201414,4,26
43.4566,0.8411671,0.06603924,1.132688,0.0198088,4,26
43.46234,0.8469082,0.06602659,1.132618,0.0196288,4,26
43.46717,0.8517387,0.06601516,1.132611,0.01946482,4,26
43.47304,0.8576125,0.06599982,1.132601,0.01924263,4,26
43.47878,0.8633507,0.06609663,1.132634,0.01876372,4,26
43.48422,0.868793,0.06610429,1.132635,0.01850809,4,26
43.49076,0.8753359,0.06604215,1.132603,0.01808092,4,26
43.49697,0.8815392,0.06596596,1.132576,0.01773337,4,26
43.50253,0.8871014,0.06593967,1.132564,0.01743412,4,26
43.50873,0.8933039,0.06589822,1.13255,0.01698941,4,26
43.51453,0.8990991,0.0658292,1.132635,0.01640867,4,26
43.52154,0.9061101,0.06578371,1.132645,0.01582116,4,26
43.5269,0.9114702,0.06574776,1.132656,0.01542415,4,26
43.53291,0.9174767,0.06570684,1.132776,0.01474613,4,26
43.53964,0.9242112,0.06557322,1.1328,0.01396723,4,26
43.54525,0.9298186,0.06551411,1.132832,0.01344296,4,26
43.55062,0.9351974,0.06545281,1.132865,0.01289449,4,26
43.55709,0.9416661,0.06539021,1.132899,0.01232916,4,26
43.56266,0.9472303,0.06512082,1.132881,0.01152961,4,26
43.56776,0.9523345,0.06514366,1.132977,0.01121277,4,26
43.5737,0.9582671,0.06501245,1.133314,0.009575788,4,26
43.57866,0.9632277,0.0649465,1.133396,0.008965094,4,26
43.58305,0.9676205,0.06482324,1.133586,0.007961158,4,26
43.58832,0.972893,0.06469373,1.133623,0.007001698,4,26
43.59283,0.977403,0.06459921,1.133718,0.006191257,4,26
43.59844,0.983012,0.06450262,1.133815,0.005352598,4,26
43.60386,0.9884295,0.06433678,1.133839,0.004322987,4,26
43.60912,0.9936945,0.06423127,1.133921,0.003466137,4,26
43.61501,0.9995871,0.06439853,1.13398,0.002887622,4,26
43.62163,1.006203,0.06423959,1.134226,0.0005426668,4,26
43.62696,1.011537,0.06415311,1.134347,-0.0006523095,4,26
43.6323,1.016876,0.06399982,1.134554,-0.002440158,4,26
43.63831,1.022887,0.06384557,1.134717,-0.003947511,4,26
43.64399,1.028563,0.06372704,1.134873,-0.005399991,4,26
43.64871,1.033282,0.0636374,1.135092,-0.006713938,4,26
43.65421,1.038787,0.06351867,1.135277,-0.008265592,4,26
43.66014,1.044713,0.06340303,1.135682,-0.009933054,4,26
43.66506,1.049633,0.06330899,1.135939,-0.01145779,4,26
43.67084,1.055413,0.0631889,1.136208,-0.01322919,4,26
43.6766,1.061169,0.06298501,1.136586,-0.01502138,4,26
43.68136,1.065935,0.06261546,1.136803,-0.01674268,4,26
43.6877,1.072277,0.06240667,1.137098,-0.01866521,4,26
43.69292,1.077491,0.06214418,1.137493,-0.02087703,4,26
43.69866,1.083236,0.06181834,1.13774,-0.02287322,4,26
43.7045,1.089073,0.06157886,1.138043,-0.02486745,4,26
43.70971,1.094279,0.06140802,1.13835,-0.02697399,4,26
43.71481,1.099379,0.06121349,1.138675,-0.02918742,4,26
43.72089,1.105465,0.06098764,1.138881,-0.0314611,4,26
43.72582,1.110389,0.06080589,1.139125,-0.03330594,4,26
43.73146,1.116029,0.06061376,1.139197,-0.03575832,4,26
43.73849,1.123065,0.06039761,1.139185,-0.03845623,4,26
43.74297,1.127538,0.06025055,1.139302,-0.04018253,4,26
43.74845,1.133022,0.06013107,1.139235,-0.04241578,4,26
43.75441,1.138986,0.0601428,1.139252,-0.04501755,4,26
43.76005,1.144626,0.06004549,1.139318,-0.04703651,4,26
43.76567,1.150241,0.05994392,1.139392,-0.04927453,4,26
43.77106,1.155629,0.05978776,1.139204,-0.05194841,4,26
43.77594,1.16051,0.05969594,1.139212,-0.05376399,4,26
43.78147,1.166037,0.05948065,1.139248,-0.05625254,4,26
43.78658,1.171144,0.05935803,1.139269,-0.05840516,4,26
43.79139,1.175956,0.05917735,1.139268,-0.06066272,4,26
43.79731,1.181882,0.05900445,1.139487,-0.06319384,4,26
43.80205,1.186618,0.05888243,1.139553,-0.06521428,4,26
43.80809,1.192659,0.05865126,1.139811,-0.06801149,4,26
43.81366,1.198223,0.05845699,1.140113,-0.07074818,4,26
43.82029,1.204855,0.0582863,1.140303,-0.07348236,4,26
43.82517,1.209737,0.05808371,1.140644,-0.07553653,4,26
43.83102,1.21559,0.05783132,1.141051,-0.07840504,4,26
43.83736,1.221929,0.05765237,1.141325,-0.08100796,4,26
43.84259,1.227156,0.05750171,1.141573,-0.08334431,4,26
43.84717,1.231739,0.05737799,1.141793,-0.08538269,4,26
43.85231,1.236873,0.05717721,1.142378,-0.08807638,4,26
43.85839,1.24296,0.05727476,1.142501,-0.08776549,4,26
43.86404,1.248603,0.05712029,1.143214,-0.0922377,4,26
43.86963,1.254197,0.05700412,1.143611,-0.09494767,4,26
43.88116,1.265723,0.0565332,1.14488,-0.1010122,4,26
43.88984,1.274407,0.05629755,1.145589,-0.1040571,4,26
43.89391,1.278476,0.05619274,1.14596,-0.1060593,4,26
43.89884,1.283406,0.0561475,1.146375,-0.1077329,4,26
43.90438,1.28895,0.05604195,1.146842,-0.1101603,4,26
43.90946,1.294022,0.05599661,1.147288,-0.1119637,4,26
43.91441,1.298969,0.05591832,1.147737,-0.114236,4,26
43.9218,1.306363,0.05568391,1.148268,-0.1167098,4,26
43.92617,1.310731,0.05561411,1.148609,-0.1184545,4,26
43.93137,1.315935,0.05557308,1.148541,-0.1179396,4,26
43.93846,1.323025,0.05548896,1.149312,-0.1215599,4,26
43.94306,1.327623,0.05543002,1.149676,-0.1233615,4,26
43.94828,1.332849,0.05537197,1.150088,-0.1254392,4,26
43.9548,1.33937,0.0554288,1.15066,-0.1277732,4,26
43.96008,1.34464,0.05558113,1.151089,-0.1289433,4,26
43.96534,1.349901,0.05548506,1.151461,-0.1301164,4,26
43.97148,1.356045,0.05537296,1.151935,-0.1317517,4,26
43.97732,1.361881,0.05534404,1.152326,-0.13333,4,26
43.98268,1.367241,0.05532272,1.152719,-0.1349485,4,26
43.98859,1.373159,0.05547194,1.153119,-0.1354894,4,26
43.99368,1.378242,0.05548732,1.153525,-0.1369001,4,26
44.00007,1.384636,0.05551049,1.153799,-0.1378283,4,26
44.00586,1.390424,0.05553422,1.154178,-0.1391608,4,26
44.01151,1.396081,0.05556571,1.154574,-0.140573,4,26
44.01749,1.402063,0.05569137,1.15486,-0.1412259,4,26
44.0224,1.406973,0.05573748,1.155168,-0.1422835,4,26
44.0297,1.414272,0.05555737,1.155026,-0.1415383,4,26
44.03733,0.0076274,0.05556716,1.155876,-0.1427147,7,27
44.04251,0.0128163,0.05558589,1.156186,-0.1434225,7,27
44.04799,0.018291,0.05573451,1.156528,-0.1436668,7,27
44.05414,0.0244437,0.05579944,1.156938,-0.1444574,7,27
44.05927,0.0295748,0.05584949,1.157237,-0.1450396,7,27
44.06423,0.0345314,0.05583247,1.157417,-0.1442177,7,27
44.06949,0.0397935,0.05587246,1.157724,-0.1445784,7,27
44.07512,0.04542,0.05590812,1.15799,-0.1444017,7,27
44.08076,0.0510634,0.05606909,1.158314,-0.1441761,7,27
44.08537,0.0556755,0.05613422,1.158597,-0.144294,7,27
44.09158,0.0618891,0.056338,1.159021,-0.143896,7,27
44.09698,0.0672858,0.05650063,1.159376,-0.1434355,7,27
44.10212,0.0724214,0.05661405,1.159705,-0.1433275,7,27
44.10802,0.0783251,0.05671261,1.160012,-0.1426425,7,27
44.11349,0.0837969,0.05678044,1.160252,-0.1419216,7,27
44.11868,0.0889803,0.05687078,1.160529,-0.1415931,7,27
44.125,0.0953006,0.05697094,1.160807,-0.1406271,7,27
44.1323,0.1026053,0.05713214,1.161162,-0.1394476,7,27
44.14014,0.110446,0.05737616,1.161479,-0.1382422,7,27
44.14513,0.1154325,0.05749401,1.16172,-0.1376072,7,27
44.15036,0.1206658,0.05769919,1.161872,-0.1362626,7,27
44.1567,0.12701,0.05786333,1.162049,-0.1349572,7,27
44.16164,0.1319477,0.0580022,1.162253,-0.1340881,7,27
44.16704,0.1373502,0.05808997,1.162416,-0.1328551,7,27
44.17212,0.1424226,0.05819445,1.162672,-0.131542,7,27
44.17749,0.1477975,0.05831209,1.16287,-0.1305694,7,27
44.18264,0.1529431,0.05838244,1.163107,-0.1292128,7,27
44.18844,0.1587466,0.05845622,1.163197,-0.127481,7,27
44.19318,0.1634892,0.05855999,1.163381,-0.1262315,7,27
44.19924,0.1695474,0.05861309,1.163595,-0.1246172,7,27
44.20499,0.1752947,0.05870618,1.163828,-0.1229779,7,27
44.2097,0.1800076,0.05878867,1.164001,-0.1217507,7,27
44.21492,0.1852294,0.0588194,1.164127,-0.119975,7,27
44.22132,0.1916275,0.05890751,1.164319,-0.1183694,7,27
44.22575,0.1960546,0.05888968,1.164226,-0.1167339,7,27
44.23095,0.2012621,0.05885883,1.164321,-0.1149381,7,27
44.23711,0.2074159,0.05890434,1.16444,-0.1132399,7,27
44.24236,0.2126662,0.05886655,1.164534,-0.1114392,7,27
44.24766,0.2179743,0.05896186,1.164644,-0.1096928,7,27
44.25336,0.2236784,0.05901731,1.164764,-0.1077823,7,27
44.25888,0.2291944,0.05902979,1.164813,-0.1060037,7,27
44.2643,0.2346153,0.05900622,1.164799,-0.1041178,7,27
44.26989,0.2402018,0.05903858,1.164864,-0.1022759,7,27
44.27505,0.2453712,0.05903312,1.164672,-0.1002138,7,27
44.28057,0.2508842,0.05907442,1.164721,-0.0983756,7,27
44.28531,0.2556203,0.0591052,1.164731,-0.09675752,7,27
44.29066,0.260972,0.05915624,1.164523,-0.09451933,7,27
44.29662,0.2669302,0.05918303,1.164426,-0.0925262,7,27
44.30103,0.271345,0.05921693,1.164378,-0.09094192,7,27
44.30632,0.2766363,0.05910708,1.164255,-0.0889103,7,27
44.31113,0.2814471,0.05911683,1.164177,-0.08697492,7,27
44.31718,0.2874965,0.05913242,1.164092,-0.08495644,7,27
44.3233,0.293613,0.05902047,1.164017,-0.08259749,7,27
44.32888,0.2992022,0.05902043,1.163931,-0.08058399,7,27
44.33368,0.303994,0.05880189,1.163965,-0.08087303,7,27
44.34019,0.3105105,0.05875359,1.163761,-0.0768484,7,27
44.34567,0.3159928,0.05872374,1.163654,-0.0745912,7,27
44.3507,0.321026,0.05879559,1.163459,-0.07217634,7,27
44.35714,0.3274583,0.05884661,1.163245,-0.07000845,7,27
44.3624,0.3327212,0.05886465,1.163031,-0.0680403,7,27
44.36776,0.3380862,0.05888377,1.16287,-0.06600063,7,27
44.37412,0.3444417,0.05893268,1.162567,-0.06359563,7,27
44.37977,0.3500948,0.05891515,1.162271,-0.06167301,7,27
44.38498,0.3553023,0.05893942,1.162054,-0.05972624,7,27
44.39178,0.3620997,0.05886424,1.161845,-0.05714984,7,27
44.39731,0.3676336,0.05896303,1.161575,-0.05528147,7,27
44.40355,0.3738758,0.05900563,1.161304,-0.05297983,7,27
44.40875,0.3790762,0.0588291,1.161299,-0.05104256,7,27
44.41361,0.3839355,0.05870533,1.161251,-0.04905874,7,27
44.41888,0.389204,0.05867941,1.16111,-0.04726803,7,27
44.42498,0.3953073,0.05857399,1.161111,-0.0451405,7,27
44.43004,0.4003666,0.05854613,1.161067,-0.04340594,7,27
44.4354,0.4057251,0.05850892,1.160945,-0.04116073,7,27
44.44122,0.4115373,0.05852657,1.160893,-0.03947905,7,27
44.44645,0.4167676,0.05853691,1.160899,-0.03764894,7,27
44.4523,0.4226283,0.05853021,1.160806,-0.03534349,7,27
44.45919,0.4295178,0.05853579,1.160828,-0.03320111,7,27
44.46455,0.4348728,0.05854096,1.160769,-0.03132321,7,27
44.47029,0.4406121,0.05852556,1.160784,-0.02951056,7,27
44.47485,0.4451738,0.05868413,1.160763,-0.02784792,7,27
44.48121,0.4515339,0.0587342,1.160809,-0.02603463,7,27
44.48766,0.4579827,0.05880525,1.160824,-0.02405912,7,27
44.49332,0.4636393,0.05886576,1.16081,-0.02204942,7,27
44.49932,0.4696428,0.05892355,1.160776,-0.02048922,7,27
44.50489,0.4752131,0.0589845,1.160755,-0.01875293,7,27
44.51048,0.4807936,0.05900593,1.160512,-0.01683546,7,27
44.51648,0.4867988,0.05901571,1.160463,-0.01545855,7,27
44.52154,0.4918607,0.05903209,1.160345,-0.01399996,7,27
44.5264,0.4967193,0.0590681,1.160281,-0.01260181,7,27
44.5344,0.50472,0.05928305,1.160119,-0.01026838,7,27
44.54057,0.5108886,0.05961332,1.160046,-0.009017315,7,27
44.54542,0.5157409,0.05973923,1.159974,-0.007686276,7,27
44.55014,0.5204632,0.05980796,1.159837,-0.006644264,7,27
44.55627,0.5265909,0.05996536,1.159667,-0.00510234,7,27
44.56239,0.5327114,0.06010561,1.159554,-0.003679723,7,27
44.56787,0.5381944,0.0602809,1.159433,-0.002488073,7,27
44.57377,0.5440909,0.06045836,1.159299,-0.0009180233,7,27
44.57961,0.5499268,0.06060993,1.159189,0.0003745183,7,27
44.58432,0.5546362,0.06072523,1.159133,0.0009908676,7,27
44.59013,0.5604546,0.0605583,1.15925,0.0004849695,7,27
44.59518,0.5655046,0.06066263,1.159177,0.00146785,7,27
44.60087,0.57119,0.06088783,1.15907,0.003132571,7,27
44.60698,0.5772995,0.06084787,1.158939,0.004119147,7,27
44.61268,0.582998,0.06091296,1.158875,0.004854731,7,27
44.61739,0.5877141,0.06097635,1.158811,0.005587958,7,27
44.62303,0.5933483,0.06096435,1.158787,0.0061156,7,27
44.62798,0.5983034,0.06101966,1.158725,0.006883778,7,27
44.63306,0.603386,0.06106361,1.158771,0.007249638,7,27
44.64006,0.6103879,0.06113305,1.15872,0.008116778,7,27
44.64471,0.6150336,0.06129864,1.158828,0.008305248,7,27
44.65007,0.620398,0.06134402,1.158728,0.008691527,7,27
44.65562,0.6259438,0.06142643,1.158691,0.009333499,7,27
44.66131,0.6316305,0.06138946,1.158527,0.00956469,7,27
44.66651,0.6368318,0.06144435,1.158407,0.009688396,7,27
44.67264,0.6429617,0.0615397,1.158389,0.009953614,7,27
44.67809,0.6484179,0.0615953,1.158338,0.01028356,7,27
44.68375,0.6540803,0.06166172,1.158277,0.01067208,7,27
44.68972,0.6600435,0.06178412,1.158413,0.01059166,7,27
44.69473,0.6650589,0.06185709,1.158394,0.01086729,7,27
44.70137,0.6716977,0.06180789,1.158325,0.01101604,7,27
44.70682,0.6771452,0.06170591,1.158245,0.01107385,7,27
44.71144,0.6817647,0.06171507,1.158206,0.01125613,7,27
44.71767,0.6879927,0.06162926,1.158148,0.011244,7,27
44.72301,0.6933378,0.06157994,1.158191,0.01120805,7,27
44.72858,0.6989051,0.06155905,1.158167,0.01131531,7,27
44.73399,0.7043225,0.06158532,1.158296,0.01122892,7,27
44.73983,0.7101594,0.06156621,1.158391,0.01113605,7,27
44.74482,0.7151507,0.06155469,1.15842,0.01115878,7,27
44.75079,0.7211173,0.06144798,1.15845,0.0110712,7,27
44.75648,0.7268118,0.06134354,1.158443,0.0109883,7,27
44.76178,0.7321159,0.06129516,1.158463,0.01096858,7,27
44.76716,0.737496,0.06125112,1.158488,0.01084379,7,27
44.77351,0.7438439,0.06128137,1.158583,0.01066488,7,27
44.77989,0.7502206,0.06131991,1.158703,0.01047226,7,27
44.78447,0.7547976,0.06131177,1.158751,0.01038694,7,27
44.79075,0.7610841,0.06128532,1.158834,0.01020874,7,27
44.79692,0.7672538,0.06117745,1.158835,0.01000914,7,27
44.80246,0.7727886,0.06114028,1.15888,0.009874549,7,27
44.8078,0.7781344,0.06098709,1.158783,0.009671338,7,27
44.81301,0.7833423,0.0609221,1.158734,0.009427484,7,27
44.81818,0.7885154,0.06086624,1.158731,0.009275015,7,27
44.82417,0.7945001,0.06087745,1.158732,0.009010803,7,27
44.82957,0.7999072,0.06088531,1.158737,0.00878901,7,27
44.83416,0.8045004,0.06085612,1.158737,0.008600615,7,27
44.83998,0.8103129,0.06082576,1.158736,0.008404203,7,27
44.84519,0.8155248,0.06079143,1.158587,0.008219842,7,27
44.84985,0.8201828,0.06076387,1.158561,0.008047201,7,27
44.85651,0.82685,0.06062505,1.15854,0.007501546,7,27
44.86283,0.8331682,0.06061119,1.158626,0.007072516,7,27
44.86788,0.8382199,0.0605748,1.158633,0.006794851,7,27
44.87432,0.8446628,0.06062938,1.158784,0.006281801,7,27
44.88039,0.8507308,0.06064793,1.158888,0.005840406,7,27
44.88545,0.8557898,0.06064192,1.158939,0.005506925,7,27
44.89143,0.8617631,0.0606599,1.158995,0.0049017,7,27
44.89692,0.8672513,0.06067603,1.158999,0.004419558,7,27
44.9025,0.8728312,0.06068043,1.159042,0.003957495,7,27
44.90839,0.8787301,0.0606681,1.159082,0.003357459,7,27
44.91434,0.8846757,0.06082927,1.159169,0.002613582,7,27
44.92094,0.8912695,0.06087902,1.159237,0.001850802,7,27
44.92552,0.8958494,0.06091359,1.15928,0.00138206,7,27
44.931,0.9013254,0.06094026,1.159339,0.0005384348,7,27
44.93655,0.9068795,0.06097531,1.159386,-3.886223E-05,7,27
44.94225,0.9125747,0.0610148,1.159437,-0.0006808266,7,27
44.94773,0.9180552,0.06088345,1.159366,-0.001510084,7,27
44.95374,0.9240704,0.06093283,1.159343,-0.002446081,7,27
44.95957,0.9298956,0.06094909,1.159356,-0.003108293,7,27
44.96555,0.9358734,0.06092203,1.159201,-0.003527459,7,27
44.97168,0.9420097,0.06085069,1.15906,-0.005438022,7,27
44.97808,0.9484086,0.06084001,1.159011,-0.00642512,7,27
44.98399,0.954319,0.0606683,1.158824,-0.007828243,7,27
44.99039,0.9607241,0.06059194,1.158601,-0.009346455,7,27
44.99607,0.9664016,0.06047316,1.158433,-0.01028551,7,27
45.00135,0.9716868,0.06041024,1.158315,-0.01127193,7,27
45.00683,0.977163,0.06031788,1.158229,-0.0124631,7,27
45.01266,0.9829943,0.06030242,1.158161,-0.01385385,7,27
45.01822,0.9885531,0.06025173,1.158061,-0.01496302,7,27
45.02426,0.9945917,0.06030263,1.158119,-0.01648764,7,27
45.02997,1.000303,0.06018738,1.157949,-0.01799273,7,27
45.03487,1.005204,0.06013941,1.157856,-0.01929954,7,27
45.04139,1.011725,0.06009253,1.157757,-0.02065469,7,27
45.0471,1.017436,0.05985974,1.157732,-0.02271511,7,27
45.05297,1.023303,0.05976266,1.157649,-0.02435201,7,27
45.05895,1.029282,0.05967819,1.157559,-0.02591497,7,27
45.06372,1.034057,0.05967249,1.157489,-0.02724021,7,27
45.06861,1.038948,0.05961373,1.157419,-0.02860194,7,27
45.07533,1.045657,0.05948152,1.157356,-0.03075642,7,27
45.08153,1.051865,0.05928132,1.157219,-0.03258087,7,27
45.08786,1.058199,0.05916733,1.157122,-0.03440045,7,27
45.09271,1.063047,0.05907463,1.15704,-0.03593436,7,27
45.09815,1.068487,0.05891879,1.156953,-0.0375724,7,27
45.1037,1.074036,0.05881198,1.156862,-0.03923836,7,27
45.10869,1.079021,0.05881178,1.156982,-0.03917824,7,27
45.11366,1.083991,0.05847473,1.156839,-0.04247015,7,27
45.11968,1.090015,0.05832222,1.156753,-0.04438777,7,27
45.12574,1.096077,0.05803385,1.156655,-0.04689176,7,27
45.13141,1.101746,0.05782036,1.156473,-0.04904775,7,27
45.13844,1.108775,0.05771449,1.156218,-0.0511423,7,27
45.14291,1.113239,0.05759584,1.156096,-0.05269747,7,27
45.14786,1.118189,0.0575837,1.15604,-0.05439468,7,27
45.1543,1.124636,0.05750418,1.155796,-0.05674249,7,27
45.15944,1.129767,0.057427,1.155665,-0.05831395,7,27
45.16459,1.134916,0.05726099,1.155572,-0.06017619,7,27
45.17001,1.140335,0.05715363,1.155427,-0.06206094,7,27
45.17512,1.145447,0.05701452,1.155236,-0.0640432,7,27
45.18097,1.151301,0.05687987,1.154878,-0.06594489,7,27
45.18902,1.159354,0.05671171,1.154569,-0.06873522,7,27
45.19471,1.165039,0.05658626,1.154324,-0.07089845,7,27
45.19953,1.169863,0.05649329,1.153955,-0.07235195,7,27
45.20447,1.174804,0.05639673,1.153724,-0.0740546,7,27
45.20925,1.179582,0.05630371,1.153493,-0.0757402,7,27
45.21469,1.185031,0.05646979,1.153401,-0.07526416,7,27
45.2204,1.190739,0.05640214,1.153172,-0.07678662,7,27
45.2249,1.195232,0.05634526,1.15297,-0.0781104,7,27
45.22992,1.200251,0.056285,1.152745,-0.07956102,7,27
45.23604,1.206378,0.05619779,1.152008,-0.0816416,7,27
45.2417,1.212034,0.05613611,1.151729,-0.0831567,7,27
45.24656,1.216892,0.05607969,1.151461,-0.08459045,7,27
45.25097,1.221307,0.05602222,1.151176,-0.08610305,7,27
45.25713,1.227464,0.0563601,1.149912,-0.08875482,7,27
45.26173,1.232071,0.056347,1.149564,-0.0902154,7,27
45.26689,1.237228,0.05639958,1.148531,-0.09454925,7,27
45.27316,1.2435,0.0563149,1.147937,-0.09729421,7,27
45.27833,1.248668,0.05629934,1.14748,-0.09925613,7,27
45.28367,1.254007,0.05633551,1.147133,-0.1006231,7,27
45.28881,1.259151,0.05632961,1.146659,-0.1026376,7,27
45.29393,1.264266,0.05632417,1.146143,-0.1048254,7,27
45.29992,1.270253,0.05639333,1.146087,-0.1053196,7,27
45.30597,1.276298,0.05632031,1.145733,-0.1070295,7,27
45.31086,1.281195,0.0563073,1.145355,-0.1087256,7,27
45.31699,1.287322,0.05618962,1.145018,-0.1103347,7,27
45.32292,1.293255,0.05607086,1.144668,-0.1120023,7,27
45.32755,1.297878,0.0560238,1.144363,-0.1134028,7,27
45.3329,1.303231,0.0559634,1.143969,-0.1152127,7,27
45.33906,1.309395,0.05571283,1.143696,-0.1163831,7,27
45.34321,1.313545,0.05563799,1.143435,-0.1175572,7,27
45.34827,1.318601,0.05553386,1.143206,-0.11875,7,27
45.35403,1.324368,0.05549375,1.142772,-0.1201546,7,27
45.35892,1.329252,0.05542888,1.142498,-0.1212814,7,27
45.3647,1.335031,0.05529886,1.142262,-0.1225742,7,27
45.36962,1.339955,0.05521561,1.141977,-0.1238104,7,27
45.37471,1.345042,0.05509728,1.141602,-0.1250903,7,27
45.38099,1.351319,0.05467821,1.141034,-0.1261252,7,27
45.38662,1.356957,0.05449417,1.140633,-0.1274272,7,27
45.39267,1.363005,0.05418073,1.140031,-0.1284029,7,27
45.39854,1.368876,0.05388137,1.139609,-0.1291925,7,27
45.40361,1.373944,0.05366959,1.139209,-0.1302005,7,27
45.40855,1.378883,0.05349198,1.138878,-0.1308748,7,27
45.41396,1.384298,0.05316364,1.138342,-0.131693,7,27
45.42029,1.390621,0.05290512,1.137877,-0.1326993,7,27
45.42503,1.395359,0.05276556,1.137498,-0.1332713,7,27
45.43011,1.400443,0.05238886,1.136994,-0.1335626,7,27
45.43489,1.405224,0.05211177,1.136523,-0.1343324,7,27
45.44149,1.411816,0.05182779,1.136044,-0.1351222,7,27
45.44744,1.417773,0.05149717,1.135455,-0.1353363,7,27
45.4538,1.424124,0.05131162,1.135047,-0.1358061,7,27
45.4591,1.429426,0.05127096,1.13486,-0.1359108,7,27
45.46416,1.434489,0.05114766,1.134675,-0.1359293,7,27
45.46903,1.439355,0.05097556,1.134361,-0.1362735,7,27
45.47479,1.445116,0.05077583,1.134023,-0.1361537,7,27
45.48011,1.450436,0.05060668,1.133722,-0.136388,7,27
45.48819,1.458517,0.050447,1.133493,-0.1358015,7,27
45.49423,0.0060436,0.05025654,1.133163,-0.1358559,4,28
45.5001,0.0119101,0.0501441,1.133055,-0.1354585,4,28
45.50609,0.017901,0.05026617,1.132879,-0.1350837,4,28
45.5108,0.0226095,0.05018858,1.132667,-0.1349567,4,28
45.51613,0.027947,0.0503387,1.132678,-0.1342577,4,28
45.52171,0.0335247,0.05041059,1.132593,-0.1334106,4,28
45.52682,0.0386311,0.05040644,1.132455,-0.1330239,4,28
45.53129,0.0431054,0.05040145,1.132318,-0.1326454,4,28
45.53701,0.0488286,0.05039524,1.132176,-0.1322488,4,28
45.54124,0.0530605,0.05038944,1.13206,-0.1319268,4,28
45.54644,0.0582509,0.05062852,1.132087,-0.1306935,4,28
45.55053,0.0623446,0.05065109,1.131982,-0.1302413,4,28
45.55589,0.0677035,0.0506741,1.13187,-0.1297622,4,28
45.56079,0.0726021,0.05069666,1.131756,-0.1292721,4,28
45.56575,0.0775687,0.05097258,1.132153,-0.1284424,4,28
45.5718,0.0836192,0.05103211,1.132067,-0.1277649,4,28
45.57871,0.0905236,0.05145524,1.132756,-0.125946,4,28
45.58506,0.0968787,0.05194344,1.133194,-0.121895,4,28
45.59072,0.1025369,0.05213034,1.1333,-0.1203734,4,28
45.59684,0.1086613,0.05235613,1.133703,-0.1183104,4,28
45.60293,0.1147507,0.05255299,1.133869,-0.1166808,4,28
45.6087,0.1205241,0.05274307,1.13403,-0.1151117,4,28
45.61391,0.1257256,0.05298386,1.134424,-0.113539,4,28
45.61985,0.131673,0.05317521,1.13461,-0.1120452,4,28
45.62384,0.1356578,0.05332304,1.134752,-0.1108973,4,28
45.6287,0.1405175,0.05315223,1.134665,-0.1115358,4,28
45.63292,0.1447392,0.0532835,1.134798,-0.11045,4,28
45.63828,0.1500927,0.05342627,1.134943,-0.1092753,4,28
45.6446,0.1564182,0.05336323,1.135014,-0.106881,4,28
45.64935,0.1611655,0.05345713,1.135066,-0.1046505,4,28
45.65457,0.166391,0.05358945,1.135206,-0.103037,4,28
45.65966,0.1714757,0.05369565,1.135316,-0.10175,4,28
45.6648,0.1766205,0.05381726,1.135441,-0.1002848,4,28
45.67068,0.1824987,0.054352,1.135762,-0.0941385,4,28
45.67545,0.1872691,0.05450542,1.135885,-0.09236179,4,28
45.68099,0.1928026,0.05459743,1.135306,-0.09403908,4,28
45.68666,0.1984778,0.05478203,1.135383,-0.09220825,4,28
45.69235,0.2041658,0.05566367,1.135404,-0.08594093,4,28
45.69795,0.2097618,0.05587393,1.135324,-0.08333696,4,28
45.70291,0.2147232,0.05615962,1.135342,-0.08085784,4,28
45.70818,0.2199943,0.05628169,1.135219,-0.07887723,4,28
45.71359,0.2254049,0.05638308,1.135009,-0.07673957,4,28
45.71915,0.2309668,0.0566102,1.134942,-0.07438866,4,28
45.72536,0.2371679,0.05655055,1.13464,-0.0720934,4,28
45.73004,0.2418519,0.05659565,1.134397,-0.07026427,4,28
45.73518,0.2469919,0.05675721,1.134218,-0.0677505,4,28
45.7417,0.253516,0.05692082,1.13395,-0.06548204,4,28
45.74639,0.2582011,0.05705706,1.133783,-0.06352425,4,28
45.75208,0.263889,0.0573225,1.133428,-0.06071928,4,28
45.75804,0.2698513,0.05747334,1.132957,-0.05858105,4,28
45.76267,0.2744854,0.057503,1.132643,-0.05675675,4,28
45.76747,0.2792805,0.05763349,1.132371,-0.05479773,4,28
45.77323,0.2850463,0.05745631,1.132044,-0.05224176,4,28
45.77804,0.2898524,0.05751805,1.131788,-0.05040738,4,28
45.78327,0.2950825,0.05737475,1.131458,-0.04819458,4,28
45.78952,0.3013315,0.0572355,1.131189,-0.04578744,4,28
45.79494,0.3067611,0.05722913,1.13087,-0.04344936,4,28
45.80001,0.3118304,0.05723008,1.130599,-0.04149373,4,28
45.80585,0.3176713,0.05723892,1.130265,-0.03912273,4,28
45.8114,0.3232168,0.05725702,1.12991,-0.03666319,4,28
45.81744,0.3292571,0.05706135,1.129894,-0.03474299,4,28
45.82977,0.3415891,0.05704476,1.129624,-0.0310524,4,28
45.8349,0.3467207,0.05703619,1.129315,-0.02847384,4,28
45.84046,0.3522795,0.05719266,1.129191,-0.02605425,4,28
45.84522,0.3570355,0.05722564,1.128941,-0.02377449,4,28
45.85015,0.3619736,0.05726599,1.128671,-0.02139386,4,28
45.85588,0.3677022,0.05732415,1.128325,-0.01845515,4,28
45.86127,0.3730941,0.05737822,1.128034,-0.01606773,4,28
45.86706,0.3788815,0.05745465,1.128312,-0.01476797,4,28
45.87304,0.3848571,0.0574825,1.128939,-0.01816178,4,28
45.87902,0.3908376,0.05753316,1.128809,-0.0164015,4,28
45.88338,0.3951963,0.05757583,1.128703,-0.01502977,4,28
45.88996,0.4017799,0.05784797,1.12848,-0.00898974,4,28
45.89486,0.4066817,0.05794781,1.128328,-0.006595161,4,28
45.90007,0.4118865,0.05814613,1.128789,-0.008554213,4,28
45.90615,0.4179702,0.05858043,1.128842,-0.005634125,4,28
45.91168,0.4235021,0.05883978,1.12881,-0.003946435,4,28
45.91661,0.4284304,0.05901149,1.128783,-0.002396278,4,28
45.92264,0.4344587,0.05924659,1.128748,-0.001085412,4,28
45.92851,0.4403284,0.05947891,1.128711,0.0007298924,4,28
45.93389,0.4457096,0.05982065,1.128747,0.001704834,4,28
45.93945,0.4512703,0.06005207,1.128729,0.003120288,4,28
45.94464,0.4564624,0.06044428,1.128843,0.003720231,4,28
45.94999,0.4618036,0.06068601,1.128908,0.004455127,4,28
45.95623,0.4680513,0.06103349,1.128936,0.005976316,4,28
45.96209,0.4739015,0.06131164,1.128959,0.007171959,4,28
45.96777,0.4795849,0.06159403,1.129019,0.007713083,4,28
45.9741,0.4859152,0.06154871,1.128979,0.00721173,4,28
45.97998,0.4917936,0.06196982,1.12887,0.008532681,4,28
45.98717,0.4989921,0.06233603,1.12885,0.009790502,4,28
45.9924,0.5042141,0.06260371,1.128818,0.01034826,4,28
45.99862,0.5104373,0.06289827,1.128798,0.01126071,4,28
46.0054,0.5172151,0.06292308,1.128709,0.01136404,4,28
46.01118,0.5229982,0.06316204,1.128669,0.01212394,4,28
46.01737,0.5291849,0.06315855,1.128543,0.01247199,4,28
46.02351,0.5353256,0.06326112,1.128496,0.01286145,4,28
46.0285,0.5403172,0.06339345,1.128449,0.01334205,4,28
46.03362,0.545429,0.06362395,1.128317,0.01365189,4,28
46.0392,0.5510103,0.06374605,1.128313,0.01384254,4,28
46.04418,0.5559928,0.06388787,1.128264,0.01421602,4,28
46.04989,0.5617063,0.06393726,1.128169,0.01439875,4,28
46.05548,0.5672948,0.06403387,1.127972,0.01463707,4,28
46.06059,0.5724053,0.06413598,1.127891,0.01490778,4,28
46.0662,0.5780099,0.06425821,1.127794,0.01522941,4,28
46.07231,0.584123,0.0644039,1.127541,0.01543761,4,28
46.07799,0.589798,0.06451725,1.127427,0.01569773,4,28
46.08345,0.5952587,0.06464828,1.127462,0.01580804,4,28
46.08958,0.6013944,0.0647855,1.127366,0.01607434,4,28
46.09624,0.6080537,0.06484997,1.127437,0.01587897,4,28
46.10334,0.615158,0.06496938,1.127379,0.01603533,4,28
46.10854,0.620351,0.06506483,1.127333,0.01615982,4,28
46.11359,0.6254004,0.06516786,1.127283,0.01629376,4,28
46.12034,0.6321523,0.06505113,1.12725,0.01619866,4,28
46.12516,0.6369737,0.06486862,1.127325,0.01601854,4,28
46.13041,0.6422263,0.06494531,1.127429,0.01594019,4,28
46.13726,0.649069,0.06499432,1.127434,0.01596572,4,28
46.14258,0.6543894,0.06499848,1.127468,0.01586727,4,28
46.14742,0.6592326,0.06502963,1.127478,0.01586347,4,28
46.15369,0.665498,0.06509184,1.127612,0.01570546,4,28
46.15937,0.6711795,0.06506196,1.12763,0.01558901,4,28
46.16448,0.6762937,0.06506216,1.127686,0.01545559,4,28
46.17124,0.68305,0.0650778,1.127795,0.01525355,4,28
46.1759,0.6877158,0.0650897,1.127834,0.01517888,4,28
46.18131,0.6931268,0.06512912,1.128038,0.01489961,4,28
46.18729,0.699101,0.06510904,1.128207,0.01463646,4,28
46.19257,0.7043818,0.06511898,1.128318,0.01445972,4,28
46.19838,0.7101995,0.0650588,1.128435,0.01419178,4,28
46.20448,0.7162961,0.06498588,1.128557,0.01396074,4,28
46.20919,0.7210093,0.06496476,1.128653,0.01378835,4,28
46.21408,0.7258924,0.06494083,1.128762,0.01359232,4,28
46.22099,0.7328046,0.06483478,1.128923,0.01327811,4,28
46.22634,0.7381546,0.06479566,1.129039,0.0130661,4,28
46.23234,0.7441547,0.06475114,1.129291,0.0127262,4,28
46.2389,0.7507135,0.06464652,1.129471,0.01240139,4,28
46.24372,0.7555424,0.06459783,1.129604,0.01217591,4,28
46.24908,0.7608928,0.06441114,1.129699,0.01184843,4,28
46.25476,0.7665794,0.0642919,1.129817,0.01137089,4,28
46.26002,0.7718315,0.06421393,1.129926,0.01110009,4,28
46.26574,0.7775515,0.0640954,1.130055,0.01059791,4,28
46.27082,0.7826406,0.06402398,1.130192,0.01010745,4,28
46.27657,0.7883824,0.06393841,1.130315,0.009730089,4,28
46.28165,0.7934721,0.0637938,1.130241,0.009277396,4,28
46.28705,0.7988687,0.06369071,1.130321,0.008864101,4,28
46.29265,0.804466,0.06365816,1.130355,0.008176763,4,28
46.29803,0.809854,0.06358203,1.130415,0.007761329,4,28
46.30381,0.8156281,0.06345115,1.130234,0.006862897,4,28
46.30847,0.8202909,0.06337182,1.130241,0.00639094,4,28
46.31372,0.8255453,0.06325776,1.130112,0.005537063,4,28
46.31944,0.8312597,0.06316447,1.130084,0.004932798,4,28
46.32504,0.8368576,0.06292943,1.129883,0.004093621,4,28
46.33038,0.8421969,0.06279027,1.129733,0.003084332,4,28
46.33628,0.8481029,0.06266534,1.129645,0.002348203,4,28
46.34085,0.8526714,0.06256033,1.129569,0.001723561,4,28
46.34558,0.8573993,0.06245311,1.12949,0.001080066,4,28
46.35003,0.861852,0.06235127,1.129413,0.0004633367,4,28
46.35625,0.8680741,0.06219495,1.129352,-0.0009449311,4,28
46.36237,0.8741893,0.06196696,1.129345,-0.002752423,4,28
46.3672,0.8790181,0.06182422,1.129269,-0.003750987,4,28
46.37291,0.8847356,0.06158266,1.129181,-0.00566775,4,28
46.37879,0.8906155,0.0613621,1.129076,-0.00721018,4,28
46.38337,0.8951984,0.06120953,1.129001,-0.008342389,4,28
46.38879,0.9006181,0.06103036,1.128909,-0.009703316,4,28
46.39359,0.9054186,0.06086317,1.12882,-0.01100588,4,28
46.39816,0.9099872,0.06085946,1.128662,-0.012299,4,28
46.40323,0.9150546,0.06072397,1.128557,-0.01361495,4,28
46.40763,0.9194599,0.06061196,1.128467,-0.01473781,4,28
46.41266,0.9244853,0.06047501,1.128351,-0.01615833,4,28
46.41706,0.9288893,0.06037958,1.128266,-0.01718237,4,28
46.42173,0.9335641,0.06027095,1.128165,-0.01838558,4,28
46.42614,0.9379754,0.06017029,1.128067,-0.01954006,4,28
46.43082,0.9426482,0.05987692,1.127919,-0.0211605,4,28
46.43608,0.9479172,0.06050114,1.128422,-0.01918473,4,28
46.44063,0.9524588,0.06042854,1.128362,-0.02016126,4,28
46.44511,0.9569449,0.06035904,1.128301,-0.02114013,4,28
46.45004,0.9618653,0.0602877,1.128233,-0.02219646,4,28
46.45491,0.9667364,0.06021516,1.128158,-0.02333325,4,28
46.45959,0.9714211,0.06015978,1.128096,-0.02425117,4,28
46.46459,0.9764221,0.06009784,1.128021,-0.02533929,4,28
46.47702,0.9888481,0.06032412,1.127054,-0.03734276,4,28
46.48328,0.9951174,0.06089452,1.127062,-0.03755482,4,28
46.49011,1.001941,0.06144094,1.126555,-0.04452822,4,28
46.4956,1.00743,0.06163382,1.126311,-0.04766463,4,28
46.50228,1.014114,0.06191136,1.126215,-0.05142918,4,28
46.50813,1.019963,0.06221175,1.126182,-0.05409831,4,28
46.51378,1.025614,0.06265587,1.126069,-0.05691676,4,28
46.52066,1.032491,0.06300379,1.125884,-0.06018613,4,28
46.5262,1.038029,0.06332318,1.125934,-0.06250336,4,28
46.53218,1.044011,0.06375087,1.125958,-0.06544945,4,28
46.5389,1.050731,0.0642328,1.125946,-0.06851914,4,28
46.5444,1.05623,0.06461039,1.125874,-0.07116611,4,28
46.54979,1.061617,0.06507392,1.125684,-0.07373465,4,28
46.55602,1.067846,0.06572696,1.125587,-0.07716958,4,28
46.56204,1.07387,0.06619304,1.125472,-0.07984947,4,28
46.56732,1.079152,0.06679384,1.125236,-0.0825531,4,28
46.57387,1.085698,0.06764843,1.124984,-0.08631179,4,28
46.57965,1.091475,0.06828444,1.124664,-0.08914001,4,28
46.58471,1.096534,0.06884904,1.124454,-0.09176262,4,28
46.59064,1.10247,0.06963877,1.124052,-0.09527576,4,28
46.59613,1.107962,0.07018898,1.123664,-0.09803209,4,28
46.60261,1.11444,0.07095722,1.123293,-0.1014744,4,28
46.60798,1.119808,0.07165395,1.122858,-0.1042727,4,28
46.61378,1.125614,0.07253549,1.122346,-0.1076814,4,28
46.62077,1.1326,0.07342403,1.121864,-0.1112356,4,28
46.62615,1.137988,0.07415415,1.121464,-0.114054,4,28
46.63177,1.143603,0.07521743,1.120768,-0.1179637,4,28
46.63894,1.150774,0.07620709,1.120186,-0.1216431,4,28
46.644,1.155834,0.07715151,1.119489,-0.1246432,4,28
46.64945,1.16128,0.07819944,1.118909,-0.1276432,4,28
46.65528,1.167116,0.07943037,1.118156,-0.1312068,4,28
46.66022,1.172047,0.08021144,1.117677,-0.1336442,4,28
46.66535,1.17718,0.08137868,1.117236,-0.1366621,4,28
46.66947,1.181305,0.08217884,1.116793,-0.1389852,4,28
46.67403,1.185861,0.08318932,1.116229,-0.1418569,4,28
46.6806,1.192435,0.08492344,1.115991,-0.1456806,4,28
46.68638,1.19822,0.08618344,1.115435,-0.148955,4,28
46.69149,1.20333,0.08777189,1.115083,-0.1523116,4,28
46.6974,1.209237,0.08952317,1.114907,-0.1553586,4,28
46.70263,1.214467,0.09093047,1.114471,-0.1584159,4,28
46.70803,1.219873,0.09276111,1.114336,-0.1614971,4,28
46.71364,1.225477,0.09460641,1.114123,-0.165141,4,28
46.71909,1.230934,0.09609534,1.113778,-0.1680569,4,28
46.72404,1.235885,0.09783418,1.113913,-0.1711115,4,28
46.72908,1.240921,0.09945254,1.113624,-0.1741208,4,28
46.73372,1.245562,0.1014035,1.113536,-0.1771523,4,28
46.74047,1.252313,0.1037009,1.113319,-0.1806872,4,28
46.74514,1.256979,0.1052943,1.113055,-0.1833369,4,28
46.75002,1.261864,0.1072963,1.11284,-0.1859865,4,28
46.75502,1.266858,0.109766,1.112762,-0.1889062,4,28
46.7595,1.271345,0.1113233,1.112536,-0.1911294,4,28
46.76404,1.275884,0.1131167,1.112239,-0.1936437,4,28
46.76916,1.281004,0.1151571,1.111855,-0.1964479,4,28
46.77374,1.28558,0.117589,1.11221,-0.1989898,4,28
46.77869,1.290534,0.119426,1.111916,-0.2013251,4,28
46.78328,1.295114,0.1213612,1.111566,-0.2037392,4,28
46.78798,1.299823,0.1233728,1.111158,-0.2062011,4,28
46.79276,1.304595,0.122504,1.111618,-0.2038811,4,28
46.79738,1.309219,0.1239712,1.111338,-0.2055797,4,28
46.80252,1.314366,0.127281,1.111635,-0.2066924,4,28
46.80665,1.318492,0.128907,1.1114,-0.2082908,4,28
46.81107,1.322912,0.1353391,1.111367,-0.2130727,4,28
46.81568,1.327518,0.1377176,1.111061,-0.2151101,4,28
46.82021,1.332046,0.140364,1.110658,-0.2173372,4,28
46.8247,1.33654,0.1431444,1.111139,-0.2187432,4,28
46.8291,1.340941,0.1456904,1.110784,-0.2207143,4,28
46.83426,1.346102,0.148189,1.110974,-0.2218122,4,28
46.84161,1.353451,0.1477753,1.111588,-0.2208656,4,28
46.84759,1.359433,0.1504373,1.111341,-0.2226989,4,28
46.85575,1.367592,0.1574298,1.111448,-0.2262432,4,28
46.86251,1.374355,0.1608439,1.111155,-0.2282376,4,28
46.86998,1.381817,0.1642664,1.111235,-0.2299214,4,28
46.87644,1.38828,0.1670712,1.11115,-0.2309494,4,28
46.88345,1.395286,0.1701703,1.110812,-0.2325035,4,28
46.88949,1.401333,0.1718811,1.111248,-0.2330119,4,28
46.89475,1.406594,0.1744039,1.11106,-0.2341858,4,28
46.90098,1.412821,0.1766143,1.111293,-0.2350892,4,28
46.90684,1.418684,0.1788819,1.111501,-0.2358658,4,28
46.91201,1.423851,0.1810163,1.111496,-0.236542,4,28
46.9175,1.429344,0.1831001,1.111418,-0.2373545,4,28
46.92341,1.435253,0.1854924,1.111595,-0.2382147,4,28
46.92906,1.440902,0.1872684,1.111346,-0.2385756,4,28
46.93461,1.446447,0.1897167,1.111183,-0.239391,4,28
46.9409,1.452733,0.1913681,1.111123,-0.23982,4,28
46.94632,1.458153,0.1933403,1.111201,-0.2403934,4,28
46.95171,1.463546,0.1955019,1.11107,-0.2410515,4,28
46.95747,1.469305,0.196701,1.110673,-0.2411991,4,28
46.9628,1.474633,0.1981129,1.110487,-0.2414934,4,28
46.96772,1.479552,0.1996707,1.110284,-0.2418936,4,28
46.97388,1.485719,0.2012793,1.109966,-0.2423214,4,28
46.97938,1.491211,0.2027184,1.109929,-0.2427581,4,28
46.9843,1.496133,0.2042092,1.109721,-0.2431534,4,28
46.99021,1.502041,0.2054528,1.109496,-0.2434081,4,28
46.99496,1.506799,0.2069192,1.109248,-0.2437723,4,28
47.00079,1.512629,0.2081441,1.108847,-0.244125,4,28
47.00629,1.518124,0.2095383,1.108538,-0.2444748,4,28
47.01204,1.523874,0.2108192,1.108207,-0.2448719,4,28
47.01906,1.530897,0.212099,1.107864,-0.2451921,4,28
47.02456,1.53639,0.2131956,1.107582,-0.2454281,4,28
47.02945,1.541283,0.2142169,1.107285,-0.2457299,4,28
47.03563,1.547461,0.2156956,1.106862,-0.2461066,4,28
47.04136,1.55319,0.2165993,1.106351,-0.2462905,4,28
47.04559,1.557422,0.2174924,1.106029,-0.2465056,4,28
47.04981,1.561643,0.2183814,1.105694,-0.2467167,4,28
47.0548,1.566634,0.2195391,1.105233,-0.246987,4,28
47.06004,1.571872,0.2206903,1.104929,-0.2472342,4,28
47.06591,1.577744,0.2205694,1.104836,-0.247064,4,28
47.07178,1.583616,0.2216617,1.10439,-0.2472893,4,28
47.07628,1.588116,0.2223862,1.104079,-0.2474355,4,28
47.08168,1.593513,0.2248673,1.102939,-0.2477923,4,28
47.08679,1.598627,0.2261647,1.102307,-0.2478309,4,28
47.09119,1.603029,0.2272679,1.101764,-0.247984,4,28
47.09749,1.609327,0.2282612,1.100852,-0.2477367,4,28
47.10371,1.615546,0.229618,1.100045,-0.2478279,4,28
47.10857,1.620403,0.2290488,1.099901,-0.2473072,4,28
47.11369,1.625532,0.2309183,1.098237,-0.2469137,4,28
47.12484,1.636682,0.2331203,1.096179,-0.2463981,4,28
47.12988,1.64172,0.2341349,1.095277,-0.2462198,4,28
47.13669,1.648527,0.2355864,1.093926,-0.2459387,4,28
47.14237,1.654212,0.2363908,1.092927,-0.24555,4,28
47.14767,1.659511,0.2362834,1.093045,-0.2455519,4,28
47.15349,1.665333,0.2372805,1.09206,-0.2453106,4,28
47.15834,1.67018,0.2391224,1.090274,-0.2447521,4,28
47.1632,1.675035,0.2400853,1.089274,-0.2444739,4,28
47.16956,1.681396,0.2415361,1.087757,-0.2440376,4,28
47.17398,1.685814,0.2425977,1.086766,-0.243665,4,28
47.17848,1.690321,0.2433963,1.085901,-0.2434023,4,28
47.18362,1.695464,0.2444666,1.0849,-0.2428498,4,28
47.18921,1.701047,0.2456595,1.083745,-0.2423147,4,28
47.1943,1.706144,0.2468078,1.082493,-0.2418394,4,28
47.1995,1.711341,0.2478066,1.081561,-0.2413046,4,28
47.2058,1.717648,0.2492259,1.080275,-0.2406622,4,28
47.21078,1.722625,0.2503243,1.079096,-0.2401456,4,28
47.21614,1.727986,0.2515672,1.078096,-0.2396513,4,28
47.22224,1.734083,0.2528333,1.076745,-0.2390462,4,28
47.22739,1.739239,0.2540221,1.075735,-0.2383349,4,28
47.23248,1.744328,0.2553385,1.074751,-0.2377957,4,28
47.23909,1.750935,0.2565376,1.073593,-0.2371612,4,28
47.24405,1.755892,0.257555,1.072556,-0.2366316,4,28
47.2499,1.761749,0.2588017,1.071561,-0.2361226,4,28
47.25645,1.7683,0.2601612,1.070313,-0.2354029,4,28
47.26209,1.773934,0.261173,1.069338,-0.2349852,4,28
47.26746,1.779305,0.2622149,1.068287,-0.2344576,4,28
47.27359,1.78543,0.2634668,1.066962,-0.2337933,4,28
47.27982,1.791666,0.2641322,1.065994,-0.2332098,4,28
47.28456,1.796409,0.2649985,1.065002,-0.2326945,4,28
47.2895,1.801343,0.265708,1.064376,-0.2322698,4,28
47.29373,1.805578,0.2664743,1.063509,-0.2317971,4,28
47.29961,1.81146,0.2671871,1.062834,-0.2314172,4,28
47.30534,1.817183,0.2679828,1.061974,-0.2309383,4,28
47.31047,1.82232,0.2688578,1.060979,-0.2303884,4,28
47.31627,1.82812,0.2695496,1.06041,-0.2300431,4,28
47.32195,1.833797,0.2703517,1.059513,-0.2295398,4,28
47.32721,1.83906,0.271089,1.05866,-0.2290593,4,28
47.33265,1.844495,0.2716754,1.058121,-0.2286778,4,28
47.33899,1.85083,0.2722019,1.05763,-0.2283609,4,28
47.34406,1.855901,0.2728173,1.056923,-0.2279453,4,28
47.35004,1.861887,0.2726925,1.05744,-0.2282642,4,28
47.35563,1.867474,0.2738467,1.056606,-0.227812,4,28
47.36136,1.873206,0.2744792,1.056023,-0.2274814,4,28
47.36636,1.878209,0.2750933,1.055441,-0.2271516,4,28
47.37205,1.883898,0.2751116,1.055262,-0.2269911,4,28
47.37717,1.889022,0.2755476,1.054825,-0.2267402,4,28
47.38401,1.89586,0.2753708,1.054396,-0.2264579,4,28
47.39183,0.0078278,0.2756656,1.053978,-0.2262425,8,29
47.39713,0.0131196,0.2759074,1.053628,-0.2260385,8,29
47.40343,0.0194227,0.2762264,1.053156,-0.2257609,8,29
47.4083,0.024298,0.276224,1.053326,-0.2258244,8,29
47.41303,0.0290283,0.2758508,1.053661,-0.2260675,8,29
47.41853,0.0345304,0.2759798,1.053465,-0.2259546,8,29
47.42397,0.0399626,0.276118,1.053252,-0.2258307,8,29
47.42916,0.0451556,0.2760117,1.052944,-0.2258594,8,29
47.43408,0.0500754,0.2761065,1.052698,-0.2257561,8,29
47.44053,0.0565231,0.2758153,1.053023,-0.2260933,8,29
47.44538,0.0613735,0.2758457,1.05289,-0.2260646,8,29
47.45084,0.0668387,0.2755647,1.052874,-0.2262158,8,29
47.45874,0.0747353,0.2753811,1.052848,-0.2262792,8,29
47.46534,0.0813396,0.2751988,1.052789,-0.2263127,8,29
47.47039,0.0863881,0.2750823,1.052716,-0.2262813,8,29
47.47591,0.091911,0.2749912,1.052646,-0.2262876,8,29
47.48127,0.09726369,0.274885,1.052716,-0.2262641,8,29
47.48657,0.1025686,0.2747869,1.052677,-0.2262633,8,29
47.49215,0.1081502,0.2746719,1.052812,-0.2262708,8,29
47.49776,0.1137633,0.2748424,1.05289,-0.2264458,8,29
47.50305,0.1190458,0.2748084,1.052908,-0.2264888,8,29
47.50803,0.1240265,0.274588,1.053112,-0.2263384,8,29
47.51295,0.128952,0.2745125,1.053172,-0.2263394,8,29
47.51803,0.1340272,0.2744443,1.053227,-0.2263405,8,29
47.52394,0.1399343,0.2743624,1.053293,-0.2263418,8,29
47.52941,0.1454059,0.2738132,1.05298,-0.2261251,8,29
47.53391,0.1499113,0.2736735,1.052988,-0.2260954,8,29
47.53952,0.1555168,0.2736351,1.05287,-0.2262108,8,29
47.54453,0.1605296,0.2735108,1.052864,-0.2261969,8,29
47.5494,0.1654059,0.2729407,1.052832,-0.2261673,8,29
47.55529,0.1712926,0.2725765,1.052701,-0.2261628,8,29
47.56072,0.1767227,0.2723454,1.052665,-0.2261497,8,29
47.56581,0.1818119,0.2719484,1.052553,-0.2260345,8,29
47.57171,0.1877145,0.2716719,1.052424,-0.2259539,8,29
47.5775,0.1935095,0.2714092,1.052355,-0.2259088,8,29
47.58322,0.199226,0.2713333,1.052374,-0.2258591,8,29
47.58893,0.2049378,0.2713512,1.05249,-0.2257524,8,29
47.59391,0.2099194,0.2711868,1.052482,-0.2256903,8,29
47.59996,0.2159708,0.2711715,1.052544,-0.2255158,8,29
47.60596,0.2219723,0.2710531,1.052485,-0.2253458,8,29
47.61069,0.2266954,0.2709304,1.052476,-0.2252411,8,29
47.61602,0.2320295,0.2708136,1.052266,-0.2251386,8,29
47.62093,0.2369355,0.2706985,1.052215,-0.2250399,8,29
47.62575,0.2417569,0.2705852,1.052166,-0.2249429,8,29
47.63044,0.2464506,0.2704657,1.052113,-0.2248405,8,29
47.63672,0.2527331,0.2703791,1.052081,-0.2246016,8,29
47.64271,0.258721,0.2705249,1.052263,-0.2246238,8,29
47.64848,0.2644896,0.2703176,1.052223,-0.2243672,8,29
47.6544,0.2704134,0.2701906,1.052197,-0.2242055,8,29
47.65954,0.2755518,0.2700962,1.052177,-0.2240852,8,29
47.66434,0.280351,0.2698711,1.052064,-0.2237815,8,29
47.67027,0.2862808,0.2697436,1.05208,-0.2236477,8,29
47.67548,0.2914884,0.2696339,1.052058,-0.2235137,8,29
47.6804,0.2964151,0.2694911,1.052143,-0.2233824,8,29
47.68688,0.3028899,0.2693292,1.052145,-0.2231977,8,29
47.69192,0.3079277,0.2692054,1.052249,-0.2230616,8,29
47.69749,0.3135048,0.2690264,1.052257,-0.2229629,8,29
47.70396,0.3199711,0.2688559,1.052281,-0.2227999,8,29
47.70807,0.3240829,0.2684993,1.052122,-0.2226713,8,29
47.71239,0.3283986,0.2683223,1.052105,-0.2225443,8,29
47.71733,0.3333371,0.2681551,1.052089,-0.2224243,8,29
47.72221,0.3382234,0.2679777,1.052072,-0.2222967,8,29
47.72652,0.3425248,0.2678171,1.052056,-0.2221811,8,29
47.73077,0.3467729,0.267644,1.052039,-0.2220565,8,29
47.73606,0.3520716,0.2674655,1.052021,-0.2219277,8,29
47.74083,0.3568389,0.2668467,1.051627,-0.2216914,8,29
47.74522,0.3612306,0.2666456,1.051576,-0.2215654,8,29
47.74979,0.3658007,0.2664342,1.051523,-0.2214328,8,29
47.7556,0.3716086,0.2668127,1.05202,-0.2216209,8,29
47.76334,0.3793449,0.266562,1.052004,-0.2214579,8,29
47.76873,0.384739,0.2663734,1.051991,-0.2213352,8,29
47.77309,0.3890994,0.2660245,1.052601,-0.2211025,8,29
47.77747,0.3934762,0.2658729,1.052636,-0.2210042,8,29
47.78179,0.3977942,0.2657024,1.052675,-0.2208934,8,29
47.78644,0.4024478,0.2655181,1.052718,-0.2207735,8,29
47.79137,0.4073758,0.2647511,1.053438,-0.2205254,8,29
47.79839,0.4143893,0.2643106,1.053733,-0.2203993,8,29
47.80556,0.42156,0.2636288,1.053936,-0.2201526,8,29
47.81127,0.4272761,0.2631939,1.054124,-0.2199737,8,29
47.81744,0.4334409,0.2628087,1.054289,-0.2198145,8,29
47.82323,0.4392371,0.262053,1.05464,-0.2197134,8,29
47.82961,0.4456196,0.2614032,1.054951,-0.2195616,8,29
47.8362,0.4522096,0.2607724,1.055241,-0.2193796,8,29
47.84238,0.4583852,0.2602503,1.055707,-0.2192969,8,29
47.8486,0.4646085,0.2596962,1.056015,-0.219152,8,29
47.85445,0.4704556,0.2587801,1.056673,-0.2191058,8,29
47.86055,0.476554,0.2582094,1.057027,-0.2190051,8,29
47.86628,0.4822832,0.2574762,1.057688,-0.21896,8,29
47.87261,0.4886139,0.2566291,1.058326,-0.2188983,8,29
47.8782,0.4941972,0.2560551,1.058732,-0.2188253,8,29
47.88349,0.4994891,0.2552892,1.059245,-0.2187138,8,29
47.88948,0.505487,0.2543006,1.059892,-0.218623,8,29
47.89373,0.5097339,0.2536625,1.060322,-0.2185446,8,29
47.89965,0.5156505,0.252743,1.060966,-0.2185816,8,29
47.90611,0.5221153,0.25172,1.061736,-0.2185944,8,29
47.91031,0.5263069,0.2510329,1.06221,-0.2185563,8,29
47.91633,0.5323313,0.2498383,1.062996,-0.2184916,8,29
47.92239,0.5383952,0.2488371,1.064017,-0.2187401,8,29
47.92673,0.5427305,0.2481225,1.06456,-0.2187572,8,29
47.93217,0.5481713,0.2471005,1.0655,-0.2188353,8,29
47.93825,0.5542532,0.2459784,1.066389,-0.2188322,8,29
47.94255,0.55856,0.2452163,1.066984,-0.2188479,8,29
47.94723,0.5632348,0.2443861,1.067622,-0.218862,8,29
47.95323,0.5692402,0.2428166,1.068676,-0.2188841,8,29
47.95868,0.5746882,0.241539,1.069587,-0.2188337,8,29
47.96375,0.5797528,0.2403639,1.070618,-0.2189577,8,29
47.97017,0.5861767,0.2389791,1.071646,-0.2189849,8,29
47.9749,0.5909067,0.237762,1.072916,-0.2191352,8,29
47.98025,0.5962553,0.2366765,1.073768,-0.2191734,8,29
47.98665,0.6026606,0.2350934,1.075021,-0.2191454,8,29
47.99145,0.6074581,0.2336157,1.076142,-0.2191602,8,29
47.99794,0.6139482,0.2318892,1.077578,-0.2191816,8,29
48.00314,0.6191431,0.2305584,1.078585,-0.2191921,8,29
48.0083,0.6243106,0.2291612,1.079952,-0.2192095,8,29
48.01398,0.6299869,0.2276033,1.081452,-0.219249,8,29
48.01957,0.6355705,0.2262676,1.082534,-0.2192539,8,29
48.02519,0.6411951,0.2246883,1.08401,-0.2192688,8,29
48.03082,0.6468211,0.222851,1.085528,-0.2191621,8,29
48.03631,0.6523157,0.2214141,1.086667,-0.2191295,8,29
48.04118,0.6571925,0.2198777,1.087933,-0.2190648,8,29
48.04648,0.6624905,0.2182188,1.089327,-0.2190242,8,29
48.05085,0.6668544,0.2166814,1.090515,-0.2189747,8,29
48.05674,0.672752,0.2151358,1.0922,-0.2189055,8,29
48.06164,0.6776488,0.2136162,1.093422,-0.218842,8,29
48.06647,0.6824743,0.2121608,1.09484,-0.2188684,8,29
48.07223,0.6882399,0.2101768,1.096675,-0.2187739,8,29
48.07792,0.693922,0.2085482,1.097995,-0.2187037,8,29
48.08291,0.698917,0.2069074,1.099265,-0.2186238,8,29
48.08899,0.7049959,0.2048375,1.101128,-0.2181195,8,29
48.09428,0.710283,0.2029034,1.10261,-0.2179264,8,29
48.10098,0.7169805,0.200761,1.104389,-0.2175372,8,29
48.10696,0.72297,0.199046,1.105989,-0.2170245,8,29
48.11262,0.7286263,0.1969622,1.107542,-0.2166766,8,29
48.12005,0.7360565,0.1947255,1.109301,-0.2157886,8,29
48.12617,0.7421732,0.1928674,1.110793,-0.2149992,8,29
48.13185,0.7478522,0.1907355,1.112244,-0.2144217,8,29
48.13834,0.7543497,0.1887159,1.11339,-0.2133545,8,29
48.14301,0.7590136,0.1870816,1.114364,-0.2128244,8,29
48.14886,0.7648659,0.1850879,1.11557,-0.2117523,8,29
48.15518,0.7711858,0.1829719,1.11734,-0.210456,8,29
48.16107,0.7770723,0.1809963,1.118426,-0.2093584,8,29
48.16693,0.7829406,0.1787455,1.119586,-0.2083374,8,29
48.17233,0.7883337,0.1766375,1.120649,-0.2074009,8,29
48.17748,0.7934865,0.1748572,1.121471,-0.2066111,8,29
48.18281,0.7988144,0.1730677,1.122521,-0.2058574,8,29
48.18735,0.8033525,0.171372,1.123241,-0.2051109,8,29
48.19207,0.8080657,0.169402,1.124003,-0.2042433,8,29
48.19846,0.8144542,0.1685,1.125753,-0.2030162,8,29
48.20344,0.8194399,0.1666138,1.126711,-0.2020432,8,29
48.2082,0.8241964,0.1651722,1.128058,-0.200732,8,29
48.21402,0.8300126,0.1635425,1.128999,-0.199249,8,29
48.21947,0.8354709,0.1618212,1.129889,-0.1981394,8,29
48.2244,0.8403921,0.1607527,1.13051,-0.1969357,8,29
48.22926,0.8452583,0.1598134,1.131326,-0.1956461,8,29
48.23402,0.8500122,0.1581828,1.1322,-0.1943234,8,29
48.23963,0.855625,0.1567465,1.132904,-0.1931675,8,29
48.24436,0.860357,0.1553306,1.13354,-0.1920353,8,29
48.24872,0.8647215,0.15395,1.134107,-0.1909373,8,29
48.25537,0.8713707,0.1548572,1.134706,-0.1900893,8,29
48.26032,0.8763166,0.1538681,1.135263,-0.1891118,8,29
48.26548,0.8814761,0.1515695,1.136616,-0.1862976,8,29
48.2717,0.8876949,0.1496715,1.137426,-0.1841083,8,29
48.27703,0.8930285,0.1483144,1.138058,-0.1826264,8,29
48.28213,0.8981265,0.1475207,1.138836,-0.1812304,8,29
48.28814,0.9041389,0.1465123,1.139562,-0.1794522,8,29
48.29302,0.9090195,0.1452664,1.140209,-0.1778438,8,29
48.2977,0.9136954,0.1442824,1.140678,-0.1765824,8,29
48.3028,0.9187953,0.1430508,1.141215,-0.1750132,8,29
48.30734,0.9233434,0.1424995,1.141528,-0.1738034,8,29
48.31192,0.9279228,0.1422262,1.142283,-0.1724366,8,29
48.31784,0.9338455,0.1410681,1.142855,-0.1706902,8,29
48.32356,0.939563,0.1400105,1.143323,-0.1691086,8,29
48.32801,0.9440128,0.1414751,1.143132,-0.1697578,8,29
48.33361,0.9496145,0.1402028,1.14421,-0.1663161,8,29
48.33989,0.9558905,0.1393512,1.144725,-0.1645578,8,29
48.34599,0.9619935,0.1386134,1.145208,-0.1626741,8,29
48.35155,0.9675574,0.1380503,1.145862,-0.1611199,8,29
48.35745,0.9734567,0.1377018,1.146639,-0.1600699,8,29
48.36267,0.9786795,0.1372979,1.147291,-0.159011,8,29
48.36966,0.9856604,0.1365276,1.148011,-0.1572043,8,29
48.37465,0.9906594,0.1359081,1.148553,-0.1557694,8,29
48.38117,0.997173,0.1353462,1.149275,-0.1545922,8,29
48.38651,1.002516,0.1347633,1.149784,-0.1532895,8,29
48.39177,1.007774,0.1341099,1.150321,-0.1518453,8,29
48.39775,1.01376,0.1343892,1.150218,-0.1525101,8,29
48.4091,1.0251,0.1326246,1.151979,-0.1484114,8,29
48.41428,1.030284,0.1321718,1.152526,-0.1473746,8,29
48.41966,1.035662,0.1316312,1.153019,-0.1461775,8,29
48.42474,1.04074,0.1310783,1.1535,-0.1449668,8,29
48.43015,1.046148,0.1304776,1.153998,-0.1436658,8,29
48.43534,1.051344,0.1298171,1.154515,-0.1422512,8,29
48.44164,1.057643,0.1295154,1.155265,-0.1417923,8,29
48.4469,1.062908,0.1289585,1.155734,-0.1406454,8,29
48.45224,1.06825,0.1283209,1.156245,-0.1393461,8,29
48.45809,1.074092,0.1294724,1.155729,-0.141659,8,29
48.46376,1.079767,0.1280619,1.15727,-0.1386179,8,29
48.47001,1.086017,0.1274284,1.158051,-0.1372882,8,29
48.4754,1.091407,0.1270363,1.158408,-0.1366486,8,29
48.48119,1.097198,0.1266752,1.15863,-0.1359839,8,29
48.48704,1.103046,0.1261237,1.159132,-0.1348921,8,29
48.4922,1.108207,0.1257248,1.159366,-0.1341881,8,29
48.4973,1.113303,0.1253123,1.159706,-0.1333901,8,29
48.50349,1.119499,0.1247527,1.160152,-0.1323126,8,29
48.5085,1.1245,0.1245472,1.160267,-0.1319654,8,29
48.514,1.130005,0.1244742,1.159819,-0.1320291,8,29
48.51931,1.135318,0.1241364,1.160015,-0.1314061,8,29
48.52336,1.139361,0.1238542,1.160175,-0.1308853,8,29
48.52768,1.143678,0.1235411,1.160346,-0.1303068,8,29
48.53257,1.148574,0.1224504,1.160369,-0.1286078,8,29
48.53867,1.154675,0.121943,1.160535,-0.12771,8,29
48.54277,1.158776,0.1215697,1.160651,-0.1270459,8,29
48.54802,1.164025,0.121563,1.160058,-0.1275161,8,29
48.55283,1.168829,0.1211432,1.160119,-0.1268216,8,29
48.5576,1.173604,0.1208004,1.160163,-0.12625,8,29
48.56219,1.178187,0.1202883,1.159778,-0.1260896,8,29
48.5674,1.183398,0.1198605,1.159776,-0.1254578,8,29
48.57218,1.18818,0.1194438,1.159767,-0.1248363,8,29
48.57706,1.193055,0.1190687,1.159752,-0.1242714,8,29
48.58251,1.198509,0.1182795,1.159629,-0.1243071,8,29
48.58847,1.204466,0.1165683,1.159603,-0.1236317,8,29
48.59307,1.209075,0.1158907,1.159567,-0.123081,8,29
48.59907,1.215067,0.1154127,1.159735,-0.1231028,8,29
48.60487,1.220873,0.1148746,1.159903,-0.1231091,8,29
48.60991,1.225912,0.1143,1.159944,-0.1228126,8,29
48.61631,1.232307,0.1136376,1.160214,-0.1227699,8,29
48.62226,1.238255,0.1131916,1.160421,-0.1227652,8,29
48.62729,1.243289,0.1126749,1.160527,-0.1225964,8,29
48.63278,1.248773,0.1121403,1.160689,-0.1225691,8,29
48.63844,1.254436,0.1117083,1.160807,-0.1225742,8,29
48.64295,1.258947,0.1112763,1.160905,-0.1224842,8,29
48.64818,1.264181,0.1108663,1.161024,-0.1224948,8,29
48.65311,1.269104,0.1103601,1.161141,-0.1224117,8,29
48.65924,1.275233,0.1099309,1.161321,-0.1224561,8,29
48.66451,1.280506,0.1095282,1.161453,-0.1225009,8,29
48.67057,1.286571,0.1090218,1.161504,-0.1225173,8,29
48.67606,1.292052,0.1085996,1.161596,-0.122501,8,29
48.68172,1.297716,0.1081373,1.161694,-0.1224822,8,29
48.68699,1.302984,0.1078327,1.161675,-0.1224717,8,29
48.69177,1.307766,0.1075616,1.161722,-0.1224236,8,29
48.69727,1.313269,0.1072968,1.161818,-0.1223707,8,29
48.7025,1.318492,0.1069401,1.16189,-0.1223394,8,29
48.70736,1.323351,0.1066449,1.161948,-0.1222876,8,29
48.71272,1.328715,0.1062231,1.161952,-0.1221829,8,29
48.71916,1.335153,0.1058176,1.162008,-0.1221225,8,29
48.72399,1.339982,0.1054232,1.161949,-0.1219791,8,29
48.72858,1.344574,0.1050497,1.161963,-0.1218459,8,29
48.73386,1.349849,0.1046038,1.161988,-0.1217376,8,29
48.7403,1.356295,0.1042028,1.162053,-0.1215195,8,29
48.7452,1.361193,0.103854,1.16208,-0.1214091,8,29
48.7499,1.365891,0.1035088,1.162106,-0.1212993,8,29
48.75591,1.371894,0.1032287,1.162247,-0.1208725,8,29
48.76173,1.377716,0.1028795,1.162298,-0.1206914,8,29
48.76663,1.382621,0.1026185,1.16241,-0.1203552,8,29
48.77241,1.388401,0.1022644,1.162525,-0.1199705,8,29
48.77771,1.393695,0.1019729,1.16259,-0.1197481,8,29
48.78286,1.398848,0.1016188,1.162539,-0.1192952,8,29
48.78869,1.404681,0.1013093,1.162524,-0.1188158,8,29
48.79394,1.409928,0.1009763,1.162554,-0.1184672,8,29
48.79908,1.415073,0.1007818,1.16259,-0.1180395,8,29
48.80462,1.420605,0.1004653,1.162616,-0.1174201,8,29
48.80937,1.425364,0.1001959,1.162642,-0.1170372,8,29
48.81435,1.430346,0.09987772,1.162599,-0.1163838,8,29
48.82009,1.436084,0.0995767,1.16261,-0.1159077,8,29
48.82486,1.440852,0.09921139,1.162355,-0.115173,8,29
48.82978,1.445777,0.09893513,1.16222,-0.1145261,8,29
48.83495,1.450948,0.098603,1.162144,-0.1139142,8,29
48.83997,1.455959,0.09832946,1.162052,-0.1131685,8,29
48.84433,1.46032,0.09806897,1.161985,-0.1126399,8,29
48.84954,1.465531,0.09775638,1.161903,-0.1120035,8,29
48.85548,1.47147,0.09738059,1.161802,-0.1112356,8,29
48.86078,1.476774,0.09709368,1.161723,-0.1106471,8,29
48.86637,1.482368,0.09693089,1.161842,-0.1098295,8,29
48.87118,1.487177,0.09663939,1.161781,-0.1091659,8,29
48.87691,1.492903,0.09709173,1.161741,-0.1095312,8,29
48.88235,1.498345,0.09625171,1.161236,-0.1071846,8,29
48.88861,1.504609,0.09580944,1.161092,-0.1059421,8,29
48.8942,1.51019,0.09538246,1.160915,-0.1047707,8,29
48.90029,1.516282,0.09517467,1.160757,-0.1039125,8,29
48.90588,1.521878,0.09490995,1.160621,-0.1030432,8,29
48.91066,1.526649,0.09460424,1.160472,-0.1021189,8,29
48.9164,1.532399,0.09449004,1.160549,-0.1014588,8,29
48.92185,1.537845,0.0940788,1.160455,-0.100564,8,29
48.92706,1.543055,0.09378192,1.160354,-0.09969744,8,29
48.93227,1.548259,0.09340075,1.160198,-0.09870081,8,29
48.93786,1.553852,0.09320118,1.160059,-0.0978303,8,29
48.94354,1.559535,0.09290262,1.159929,-0.09689255,8,29
48.94877,1.564764,0.09274433,1.159773,-0.0960243,8,29
48.95443,1.570416,0.09247364,1.159578,-0.09493703,8,29
48.96021,1.576195,0.09223199,1.159435,-0.09405465,8,29
48.96498,1.580972,0.09200744,1.159299,-0.09322953,8,29
48.97042,1.586406,0.09182995,1.159088,-0.09208937,8,29
48.97647,1.592459,0.09159943,1.158922,-0.09110948,8,29
48.98198,1.597965,0.09141219,1.158715,-0.09002645,8,29
48.98749,1.603477,0.09115337,1.158463,-0.08894527,8,29
48.99305,1.609043,0.09090716,1.158245,-0.08783315,8,29
48.99849,1.614481,0.09069702,1.157964,-0.0869386,8,29
49.0047,1.620686,0.09042244,1.157543,-0.08569595,8,29
49.0097,1.62569,0.0902149,1.157293,-0.08475371,8,29
49.0148,1.630789,0.08995768,1.157039,-0.08359748,8,29
49.02224,1.638233,0.0896614,1.156687,-0.08223876,8,29
49.02766,1.643654,0.08926818,1.156366,-0.08111605,8,29
49.03344,1.649425,0.08898902,1.156108,-0.07989819,8,29
49.0446,1.660589,0.08857801,1.155747,-0.07769626,8,29
49.04922,1.665215,0.08838342,1.155543,-0.07679039,8,29
49.05547,1.671458,0.08794685,1.155486,-0.07532617,8,29
49.06146,1.677452,0.08768399,1.155293,-0.07421104,8,29
49.0669,1.682887,0.08748639,1.155429,-0.07333931,8,29
49.07275,1.688733,0.08724179,1.155436,-0.0719927,8,29
49.07795,1.693931,0.08702895,1.155356,-0.07101421,8,29
49.08342,1.699409,0.08683385,1.155572,-0.06983462,8,29
49.08926,1.705246,0.08659959,1.15574,-0.06862025,8,29
49.09442,1.710407,0.08637185,1.155764,-0.06748836,8,29
49.10023,1.716221,0.08625378,1.155807,-0.06635703,8,29
49.10634,1.722326,0.08609648,1.155954,-0.06500177,8,29
49.11225,1.728241,0.08585905,1.156051,-0.06362785,8,29
49.11909,1.735077,0.08564115,1.15612,-0.06230111,8,29
49.12381,1.7398,0.08549706,1.156307,-0.06126515,8,29
49.12873,1.744725,0.0853261,1.15639,-0.06018838,8,29
49.13493,1.750922,0.08508223,1.156626,-0.05877708,8,29
49.14053,1.756523,0.08485842,1.15682,-0.05764668,8,29
49.14556,1.761551,0.08467228,1.156945,-0.05655336,8,29
49.15154,1.767527,0.08445156,1.157197,-0.05504612,8,29
49.15697,1.772958,0.08428808,1.157346,-0.05381873,8,29
49.16188,1.777872,0.08411101,1.157488,-0.05269105,8,29
49.16702,1.783003,0.08390836,1.157626,-0.05149761,8,29
49.17287,1.788863,0.08369058,1.15779,-0.05000572,8,29
49.17795,1.793942,0.0835233,1.15792,-0.04892693,8,29
49.18323,1.79922,0.08333139,1.157806,-0.04742678,8,29
49.1888,1.804787,0.08313195,1.157825,-0.04594748,8,29
49.1944,1.810393,0.08291407,1.157905,-0.04443113,8,29
49.19968,1.815672,0.08265639,1.158076,-0.04329512,8,29
49.20491,1.820899,0.0823691,1.158178,-0.04195785,8,29
49.2097,1.825685,0.08216047,1.158264,-0.0407626,8,29
49.21469,1.830677,0.08174135,1.158222,-0.03913177,8,29
49.22095,1.836935,0.0813827,1.158177,-0.03760854,8,29
49.22573,1.841714,0.08111949,1.158208,-0.03634813,8,29
49.23024,1.846224,0.08087198,1.158238,-0.03516557,8,29
49.23544,1.851422,0.08065366,1.158098,-0.03362304,8,29
49.24144,1.857425,0.08046973,1.158002,-0.03220934,8,29
49.24657,1.862554,0.08036268,1.157899,-0.0309622,8,29
49.25191,1.867899,0.08012169,1.157849,-0.02945381,8,29
49.25826,1.874239,0.08007999,1.157667,-0.02793278,8,29
49.26327,1.879251,0.08017062,1.157439,-0.02654817,8,29
49.26958,1.885562,0.08003844,1.157299,-0.0248875,8,29
49.27533,1.891309,0.08010343,1.157047,-0.02330507,8,29
49.28088,1.896858,0.08003546,1.156909,-0.02197304,8,29
49.28712,1.903108,0.08003353,1.156684,-0.02046607,8,29
49.29251,1.908491,0.07997391,1.156512,-0.01898574,8,29
49.29847,1.914454,0.08029762,1.156629,-0.01934996,8,29
49.3056,1.921584,0.08050159,1.156335,-0.01675642,8,29
49.31021,1.926195,0.0805463,1.156204,-0.01557374,8,29
49.31633,1.932317,0.08090825,1.156067,-0.01386029,8,29
49.32338,1.939358,0.08104423,1.155955,-0.01248265,8,29
49.32893,1.944917,0.08110575,1.155935,-0.01158503,8,29
49.33532,1.951309,0.08123624,1.155809,-0.01005481,8,29
49.34161,1.957591,0.08120909,1.15587,-0.009185262,8,29
49.34679,1.962776,0.08127818,1.155811,-0.008135214,8,29
49.35189,1.96788,0.0811798,1.155916,-0.007498533,8,29
49.35734,1.973328,0.08118156,1.15583,-0.006828032,8,29
49.36309,1.979076,0.08114997,1.15575,-0.005891297,8,29
49.36939,1.985378,0.08116667,1.155692,-0.004822757,8,29
49.3748,1.990782,0.08131006,1.155814,-0.004119914,8,29
49.38067,1.996652,0.08135448,1.155805,-0.00324253,8,29
49.38576,2.001743,0.08139585,1.155797,-0.002438322,8,29
49.39052,2.006504,0.08143934,1.155789,-0.00160592,8,29
49.39727,2.013253,0.08166312,1.155849,-0.0008664168,8,29
49.40239,2.018373,0.08173133,1.155853,-7.248297E-05,8,29
49.40746,2.023447,0.08200774,1.155675,-0.001230482,8,29
49.41341,2.029396,0.08212048,1.155654,-0.0004781298,8,29
49.42036,2.036345,0.08283821,1.15538,0.001768451,8,29
49.42607,2.04205,0.08317403,1.155211,0.002476308,8,29
49.43177,2.047748,0.08343592,1.155174,0.002900634,8,29
49.43846,2.054434,0.08367573,1.155093,0.003378224,8,29
49.44329,2.059265,0.08387755,1.15503,0.00394173,8,29
49.44896,2.064941,0.0840119,1.154815,0.004425354,8,29
49.45409,2.070067,0.08406022,1.154705,0.004828207,8,29
49.45894,2.07492,0.08418719,1.154623,0.005249191,8,29
49.46425,2.080225,0.08429798,1.154474,0.005654134,8,29
49.47067,2.086644,0.08449679,1.154413,0.006058294,8,29
49.47686,2.09284,0.08465121,1.154319,0.006505556,8,29
49.48218,2.098156,0.08470911,1.154248,0.006736413,8,29
49.48799,2.103966,0.08483507,1.154158,0.007089891,8,29
49.49316,2.109137,0.0849667,1.154068,0.00747684,8,29
49.49885,2.114825,0.08514299,1.153967,0.007792398,8,29
49.50465,2.120625,0.08530903,1.153829,0.008130677,8,29
49.50976,2.125738,0.08544626,1.153732,0.00846263,8,29
49.51516,2.131141,0.08561311,1.153595,0.008725304,8,29
49.52227,2.138251,0.08578738,1.153428,0.009028591,8,29
49.52689,2.14287,0.08591394,1.153326,0.009287897,8,29
49.53255,2.14853,0.08606149,1.153183,0.009546611,8,29
49.53867,2.154644,0.08619251,1.153052,0.009794679,8,29
49.54369,2.159665,0.08632139,1.152939,0.01004585,8,29
49.54883,2.164807,0.08645488,1.152821,0.01030497,8,29
49.55557,2.171546,0.08648687,1.152563,0.01053017,8,29
49.56209,2.178061,0.0866085,1.152408,0.01079764,8,29
49.56853,2.184502,0.08672362,1.152351,0.0109848,8,29
49.57406,2.190037,0.08681594,1.152369,0.01111012,8,29
49.57978,2.195761,0.08691455,1.152286,0.01129883,8,29
49.58562,2.201603,0.08691375,1.152325,0.01140082,8,29
49.59081,2.206784,0.08682637,1.152291,0.01147037,8,29
49.59688,2.212861,0.08677017,1.152254,0.01160142,8,29
49.60295,2.218936,0.0867879,1.1522,0.01176169,8,29
49.60872,2.224698,0.08686002,1.152253,0.01185195,8,29
49.61463,2.230614,0.08695687,1.152345,0.01192513,8,29
49.62051,2.236495,0.08700017,1.152349,0.01203562,8,29
49.62578,2.241761,0.08707098,1.152423,0.01205639,8,29
49.63159,2.24757,0.08709214,1.152428,0.01211626,8,29
49.63834,2.254325,0.08713918,1.152444,0.01220909,8,29
49.64413,2.260116,0.087069,1.152425,0.01225524,8,29
49.64909,2.265068,0.08703598,1.152434,0.01227925,8,29
49.65551,2.271494,0.08709601,1.152503,0.01226674,8,29
49.66093,2.276906,0.08711357,1.152524,0.01230338,8,29
49.66596,2.281937,0.0871316,1.152545,0.01234099,8,29
49.67248,2.28846,0.08725176,1.152704,0.01209384,8,29
49.67802,2.294001,0.08728775,1.152749,0.01207465,8,29
49.68345,2.299426,0.08732292,1.152823,0.0119738,8,29
49.68937,2.305347,0.08733701,1.152858,0.01188802,8,29
49.69523,2.311207,0.08737364,1.152915,0.01183069,8,29
49.70586,2.321839,0.08733416,1.152939,0.0115195,8,29
49.70991,2.325891,0.08734459,1.152965,0.01145017,8,29
49.71477,2.33075,0.08736492,1.152969,0.01120131,8,29
49.72037,2.336345,0.08738058,1.152997,0.01107093,8,29
49.72584,2.341819,0.08744042,1.152997,0.01073088,8,29
49.73076,2.346737,0.08746548,1.153018,0.0105566,8,29
49.73633,2.352311,0.0874895,1.153039,0.01038982,8,29
49.74179,2.357764,0.08751573,1.153061,0.01020818,8,29
49.74718,2.363163,0.08751833,1.152959,0.009707861,8,29
49.75208,2.368053,0.08746541,1.152918,0.009335369,8,29
49.75756,2.373536,0.08745985,1.152967,0.008376956,8,29
49.76263,2.37861,0.08743269,1.152974,0.007585935,8,29
49.76847,2.384449,0.08743247,1.152984,0.007031888,8,29
49.77377,2.389744,0.08744901,1.152982,0.00615488,8,29
49.77877,2.394744,0.08739608,1.153038,0.005293958,8,29
49.78446,2.400439,0.08738457,1.153058,0.004566528,8,29
49.78917,2.405149,0.0872307,1.153004,0.003776561,8,29
49.7942,2.410182,0.08718359,1.153003,0.003022023,8,29
49.79967,2.415652,0.08711097,1.153033,0.00205642,8,29
49.80507,2.421049,0.08695876,1.153025,0.0008707941,8,29
49.81051,2.426487,0.08687413,1.153025,-0.0001202635,8,29
49.8167,2.432681,0.08674739,1.15305,-0.001460593,8,29
49.82253,2.438503,0.08672469,1.153136,-0.002863895,8,29
49.82781,2.443785,0.08665904,1.153157,-0.003922775,8,29
49.83262,2.4486,0.08647084,1.153196,-0.005338047,8,29
49.83781,2.453784,0.08639227,1.153215,-0.006332096,8,29
49.84226,2.458237,0.08631826,1.153232,-0.007288881,8,29
49.84723,2.463213,0.08623709,1.153249,-0.008362636,8,29
49.85282,2.468799,0.0860755,1.153337,-0.01018849,8,29
49.85816,2.474144,0.08599336,1.15336,-0.01127579,8,29
49.86332,2.479307,0.08600571,1.153104,-0.01135097,8,29
49.86864,2.484625,0.08592565,1.153095,-0.01244234,8,29
49.87323,2.48921,0.08578184,1.153103,-0.01614092,8,29
49.87835,2.494329,0.08570689,1.153094,-0.0174622,8,29
49.88315,2.499132,0.08563039,1.153081,-0.01884513,8,29
49.88822,2.504201,0.08555251,1.153066,-0.02029169,8,29
49.89293,2.508918,0.0854741,1.153048,-0.02179061,8,29
49.89793,2.513917,0.08540744,1.15303,-0.02310193,8,29
49.90374,2.519732,0.08532543,1.153004,-0.0247656,8,29
49.90825,2.524237,0.08526343,1.152982,-0.02606387,8,29
49.91293,2.528915,0.08519524,1.152955,-0.02753617,8,29
49.9187,2.534692,0.08512621,1.152923,-0.02907847,8,29
49.92382,2.539814,0.08486596,1.152943,-0.03177623,8,29
49.92953,2.545519,0.0847826,1.152906,-0.03350611,8,29
49.93575,2.551737,0.08547591,1.152309,-0.02707552,8,29
49.94128,2.55727,0.08499815,1.15137,-0.03718522,8,29
49.94625,2.56224,0.08486339,1.151132,-0.04017261,8,29
49.95193,2.567917,0.08470256,1.150834,-0.04381886,8,29
49.95753,2.573525,0.08424947,1.15021,-0.04770463,8,29
49.96346,2.579449,0.084281,1.149971,-0.04823436,8,29
49.97049,2.586479,0.08415332,1.149636,-0.0510883,8,29
49.97636,2.592346,0.0840335,1.149356,-0.05355455,8,29
49.98251,2.598494,0.08378767,1.149115,-0.05558895,8,29
49.98809,2.604083,0.08364049,1.148837,-0.05796981,8,29
49.99398,2.609968,0.08357174,1.148472,-0.06012908,8,29
50.00081,2.616795,0.08354973,1.148124,-0.06245536,8,29
50.00668,2.622663,0.08351486,1.147803,-0.06469244,8,29
50.01221,2.628197,0.08342865,1.147475,-0.06703442,8,29
50.01927,2.635253,0.08338039,1.147065,-0.06949639,8,29
50.02488,2.640862,0.08336914,1.146602,-0.07167879,8,29
50.03046,2.646446,0.08320557,1.145843,-0.07385749,8,29
50.03791,2.653891,0.08311311,1.145108,-0.0763919,8,29
50.04339,2.659378,0.08303729,1.144611,-0.07845527,8,29
50.04875,2.664739,0.08307599,1.143996,-0.08037983,8,29
50.05471,2.670696,0.0830286,1.143186,-0.08254756,8,29
50.06043,2.676419,0.08298459,1.14263,-0.08445653,8,29
50.06516,2.68115,0.08294629,1.142136,-0.08614603,8,29
50.07141,2.687403,0.08304533,1.141138,-0.08796063,8,29
50.07691,2.692896,0.08303443,1.140568,-0.08961706,8,29
50.08226,2.698243,0.08304361,1.140019,-0.09122393,8,29
50.08823,2.704222,0.08303487,1.139345,-0.09318963,8,29
50.09365,2.709642,0.08304463,1.138785,-0.09495123,8,29
50.09869,2.714675,0.08304078,1.138292,-0.09641188,8,29
50.10505,2.721035,0.08311472,1.137978,-0.09818111,8,29
50.11013,2.726118,0.0831266,1.137506,-0.09975262,8,29
50.11539,2.731382,0.08314022,1.136976,-0.1015199,8,29
50.12211,2.738101,0.08309662,1.136534,-0.10313,8,29
50.12746,2.743457,0.08310005,1.136059,-0.1047437,8,29
50.13338,2.749372,0.0828764,1.136077,-0.1044098,8,29
50.13974,2.755729,0.08272861,1.135122,-0.1067385,8,29
50.14457,2.760558,0.08267743,1.134651,-0.1081124,8,29
50.15017,2.766165,0.08260172,1.134046,-0.1094948,8,29
50.15594,2.771938,0.08245398,1.133387,-0.1105578,8,29
50.16126,2.777253,0.08238146,1.132894,-0.1117589,8,29
50.16754,2.783537,0.08236744,1.1321,-0.1124578,8,29
50.17257,2.78857,0.08220941,1.131441,-0.1129991,8,29
50.17789,2.793891,0.08213096,1.130901,-0.1139038,8,29
50.18431,2.800308,0.08203939,1.130216,-0.1146484,8,29
50.19207,2.808062,0.08201719,1.129329,-0.1153368,8,29
50.19876,0.0066965,0.08194371,1.128651,-0.1162172,2,30
50.20424,0.0121763,0.08192764,1.128114,-0.1161903,2,30
50.20881,0.0167413,0.08188179,1.127619,-0.1166958,2,30
50.21428,0.0222155,0.08183562,1.12703,-0.1169382,2,30
50.2197,0.0276329,0.08178797,1.126502,-0.1174004,2,30
50.22476,0.0326933,0.08168621,1.125909,-0.1175346,2,30
50.22989,0.0378227,0.08143687,1.125115,-0.117271,2,30
50.23579,0.0437255,0.08130048,1.124348,-0.1175741,2,30
50.2416,0.0495301,0.08116288,1.12383,-0.1173963,2,30
50.24712,0.0550535,0.08098001,1.123229,-0.1171901,2,30
50.2519,0.0598288,0.0808483,1.122639,-0.1172565,2,30
50.25721,0.0651463,0.08079427,1.122082,-0.1170599,2,30
50.26264,0.0705741,0.08071125,1.121412,-0.1167565,2,30
50.26818,0.0761169,0.08059887,1.120778,-0.1166846,2,30
50.27305,0.08098181,0.0804338,1.120066,-0.1160319,2,30
50.27955,0.0874854,0.08031245,1.11938,-0.1154334,2,30
50.28474,0.09267861,0.08019672,1.11877,-0.1151457,2,30
50.28975,0.09768241,0.08009042,1.118272,-0.1145959,2,30
50.29504,0.1029783,0.07996203,1.117618,-0.1142105,2,30
50.30072,0.1086525,0.07993045,1.117188,-0.1136173,2,30
50.30638,0.1143124,0.07998031,1.116705,-0.1128763,2,30
50.31147,0.1194054,0.07991277,1.116135,-0.112377,2,30
50.31759,0.1255273,0.07984346,1.115559,-0.1118762,2,30
50.32348,0.1314174,0.07991641,1.11514,-0.1108445,2,30
50.33113,0.1390644,0.07974815,1.115194,-0.1102189,2,30
50.33892,0.1468515,0.07950095,1.114376,-0.1085571,2,30
50.3446,0.1525359,0.07939557,1.113879,-0.1077499,2,30
50.3504,0.1583397,0.07927369,1.113302,-0.1068254,2,30
50.362,0.169942,0.07910246,1.112515,-0.1046895,2,30
50.36782,0.1757611,0.07923867,1.112815,-0.1044983,2,30
50.37342,0.1813614,0.07916758,1.112423,-0.1036528,2,30
50.37843,0.1863705,0.07911338,1.112122,-0.1030128,2,30
50.3839,0.1918375,0.07907216,1.111474,-0.1004864,2,30
50.3891,0.1970434,0.07901412,1.11108,-0.09948823,2,30
50.39416,0.2020964,0.07895146,1.110652,-0.09841827,2,30
50.40111,0.2090464,0.07896759,1.110981,-0.09816593,2,30
50.40672,0.2146596,0.07916568,1.111007,-0.09680878,2,30
50.41199,0.2199317,0.07925279,1.110551,-0.0941671,2,30
50.41844,0.2263821,0.07926966,1.110201,-0.09260659,2,30
50.42333,0.2312733,0.07940393,1.10997,-0.09104662,2,30
50.42835,0.2362945,0.07944634,1.10968,-0.08966407,2,30
50.43416,0.2421027,0.07965783,1.10944,-0.08795378,2,30
50.44032,0.248263,0.07976298,1.109117,-0.08648808,2,30
50.44633,0.2542724,0.07999235,1.108748,-0.08481088,2,30
50.45262,0.2605577,0.08014569,1.108366,-0.08299643,2,30
50.4581,0.2660391,0.08028296,1.108161,-0.08158308,2,30
50.46342,0.27136,0.08031214,1.108023,-0.08005986,2,30
50.46926,0.2772048,0.08042454,1.107751,-0.07849199,2,30
50.47365,0.281588,0.08052266,1.107514,-0.07715626,2,30
50.48008,0.2880146,0.0804211,1.107048,-0.07501874,2,30
50.48574,0.2936752,0.08049227,1.106726,-0.07333314,2,30
50.49115,0.2990844,0.08052987,1.106581,-0.0716095,2,30
50.49637,0.304308,0.08058684,1.106344,-0.07019323,2,30
50.50148,0.3094174,0.08065282,1.106079,-0.06863472,2,30
50.50706,0.3150012,0.08085399,1.106005,-0.06690695,2,30
50.51286,0.3208002,0.08096465,1.105726,-0.06503737,2,30
50.51885,0.3267913,0.08106702,1.105474,-0.06337653,2,30
50.52437,0.3323074,0.08084214,1.105889,-0.06366909,2,30
50.52971,0.3376476,0.08090242,1.105724,-0.06229847,2,30
50.53547,0.3434057,0.08089578,1.105498,-0.05765547,2,30
50.54173,0.3496713,0.08090609,1.105753,-0.05765277,2,30
50.5465,0.3544392,0.08119566,1.105612,-0.05457597,2,30
50.55233,0.3602689,0.08132672,1.105468,-0.05224896,2,30
50.55839,0.3663338,0.08161869,1.105374,-0.05003678,2,30
50.56357,0.3715141,0.08214142,1.104967,-0.04515613,2,30
50.57072,0.3786579,0.08211896,1.104988,-0.04540333,2,30
50.5762,0.3841435,0.082238,1.104661,-0.04382148,2,30
50.58097,0.3889098,0.08239794,1.104495,-0.0420904,2,30
50.5863,0.3942437,0.0825949,1.104506,-0.04058508,2,30
50.59095,0.3988916,0.08276889,1.104369,-0.03887577,2,30
50.59674,0.4046875,0.08272749,1.104647,-0.03898048,2,30
50.60243,0.4103782,0.08288673,1.104562,-0.03735788,2,30
50.60746,0.415411,0.0832413,1.104524,-0.03398809,2,30
50.61283,0.4207809,0.08347124,1.104435,-0.03176105,2,30
50.61925,0.4271916,0.08370788,1.104349,-0.02952261,2,30
50.6244,0.4323426,0.08392172,1.10437,-0.02802186,2,30
50.63049,0.4384322,0.08419104,1.104373,-0.02607577,2,30
50.63586,0.4438098,0.08439356,1.104338,-0.02443545,2,30
50.6405,0.448444,0.08458357,1.104392,-0.02318005,2,30
50.64562,0.4535621,0.08480158,1.104376,-0.02152251,2,30
50.65133,0.4592745,0.08505162,1.104465,-0.01981641,2,30
50.65648,0.464421,0.08526351,1.104469,-0.01828554,2,30
50.66219,0.4701379,0.08515258,1.104437,-0.01677593,2,30
50.66792,0.4758598,0.08531467,1.104432,-0.01504672,2,30
50.673,0.4809487,0.08530933,1.104282,-0.01346947,2,30
50.67754,0.4854836,0.08540285,1.104249,-0.01220369,2,30
50.68206,0.4900075,0.0855065,1.104214,-0.01084104,2,30
50.68784,0.4957866,0.08548242,1.104092,-0.009436309,2,30
50.69273,0.5006678,0.08558015,1.104033,-0.007878192,2,30
50.69839,0.5063372,0.08562019,1.104121,-0.008228,2,30
50.70476,0.5127023,0.08572506,1.104077,-0.006712452,2,30
50.71192,0.519864,0.08598377,1.104028,-0.003122021,2,30
50.71914,0.5270827,0.08613359,1.103981,-0.001100257,2,30
50.72458,0.5325236,0.08615078,1.104057,-0.001664467,2,30
50.72915,0.5370988,0.08623917,1.10404,-0.0005649514,2,30
50.73546,0.543408,0.0865366,1.104171,0.00229273,2,30
50.74103,0.5489752,0.08669344,1.104293,0.003347781,2,30
50.74589,0.5538333,0.08677142,1.104378,0.004006352,2,30
50.75117,0.5591218,0.08691227,1.104434,0.005362801,2,30
50.75615,0.5641014,0.08682416,1.104477,0.00599727,2,30
50.76063,0.5685778,0.08689523,1.10452,0.006974921,2,30
50.76578,0.5737312,0.08690011,1.104476,0.007769194,2,30
50.77187,0.5798159,0.08693641,1.104432,0.008761205,2,30
50.77738,0.5853271,0.08699049,1.104442,0.0097089,2,30
50.78326,0.5912037,0.08707859,1.104387,0.01056616,2,30
50.78916,0.5971057,0.08721729,1.10438,0.01129007,2,30
50.7942,0.6021506,0.08730163,1.104376,0.01219323,2,30
50.8001,0.6080481,0.08738577,1.104373,0.01308117,2,30
50.80515,0.6130984,0.08746531,1.10437,0.01390905,2,30
50.81005,0.6180057,0.08754241,1.104367,0.01470125,2,30
50.81551,0.6234612,0.08757703,1.104254,0.01523794,2,30
50.82083,0.6287841,0.08764981,1.104237,0.01599477,2,30
50.82521,0.6331666,0.08771442,1.104222,0.01665862,2,30
50.83059,0.6385409,0.08767384,1.10407,0.01598949,2,30
50.83627,0.6442255,0.08775714,1.10403,0.0167735,2,30
50.84078,0.6487336,0.08783045,1.103995,0.01745491,2,30
50.84654,0.6544889,0.08806793,1.104029,0.01750849,2,30
50.85227,0.660221,0.08820193,1.104001,0.01823311,2,30
50.8574,0.6653448,0.08823702,1.103949,0.0183751,2,30
50.86203,0.6699805,0.08832477,1.103922,0.01883693,2,30
50.8672,0.6751511,0.08832256,1.103833,0.01904671,2,30
50.87261,0.6805632,0.08839843,1.103842,0.01922553,2,30
50.8783,0.6862518,0.08847394,1.103811,0.01960333,2,30
50.884,0.6919454,0.08857192,1.103899,0.01970946,2,30
50.88947,0.6974244,0.08865264,1.103894,0.02002957,2,30
50.89458,0.7025369,0.08870713,1.10396,0.0201274,2,30
50.9009,0.7088555,0.08868171,1.10398,0.02032647,2,30
50.90642,0.7143716,0.08865399,1.103966,0.02050531,2,30
50.91235,0.7203082,0.0886605,1.103976,0.02068699,2,30
50.91832,0.7262725,0.08868483,1.103981,0.02089271,2,30
50.92318,0.7311352,0.0887071,1.103987,0.02107915,2,30
50.92807,0.7360188,0.08873057,1.103992,0.02127356,2,30
50.93344,0.7413979,0.08872204,1.104039,0.02134513,2,30
50.93958,0.7475356,0.08878253,1.104127,0.02108621,2,30
50.94473,0.7526855,0.08880694,1.10415,0.02119753,2,30
50.9494,0.75735,0.08885246,1.104205,0.02125985,2,30
50.95525,0.7632046,0.08888932,1.104243,0.02138794,2,30
50.96114,0.769085,0.08890059,1.104223,0.02140673,2,30
50.96697,0.7749218,0.08893129,1.104197,0.02141513,2,30
50.97276,0.7807145,0.08897445,1.104226,0.02134907,2,30
50.97819,0.7861392,0.08900145,1.104239,0.02138061,2,30
50.98384,0.7917966,0.08900943,1.104282,0.02129126,2,30
50.98968,0.7976317,0.08900857,1.104343,0.02118897,2,30
50.99408,0.802027,0.08902507,1.104371,0.02117173,2,30
51.00084,0.8087921,0.08893692,1.1044,0.02107588,2,30
51.00902,0.816974,0.08879487,1.104428,0.02097038,2,30
51.01439,0.822336,0.08872713,1.104491,0.02086598,2,30
51.02012,0.828069,0.08868626,1.104525,0.02080786,2,30
51.02494,0.8328868,0.08864331,1.10463,0.02064503,2,30
51.03002,0.8379701,0.08858704,1.104712,0.02044608,2,30
51.03476,0.8427098,0.08854169,1.104769,0.0203356,2,30
51.04053,0.8484839,0.08851026,1.10483,0.02012959,2,30
51.04548,0.8534257,0.08847016,1.104885,0.020004,2,30
51.05203,0.8599794,0.08848547,1.104878,0.01974,2,30
51.05736,0.865309,0.08849089,1.104862,0.01956845,2,30
51.06267,0.8706192,0.08851407,1.104872,0.01937818,2,30
51.06839,0.8763447,0.08850373,1.104898,0.01920049,2,30
51.07281,0.8807662,0.08849465,1.104921,0.01904419,2,30
51.07856,0.8865067,0.0885027,1.104956,0.01881443,2,30
51.08334,0.8912897,0.08849699,1.10498,0.01865239,2,30
51.08832,0.8962701,0.08849096,1.105006,0.018481,2,30
51.09355,0.9015007,0.08839148,1.104952,0.01811232,2,30
51.09983,0.9077796,0.08835784,1.104868,0.01801647,2,30
51.10526,0.9132107,0.08827884,1.104812,0.01748073,2,30
51.11003,0.9179773,0.08824664,1.1048,0.01723613,2,30
51.11567,0.9236099,0.08808383,1.104726,0.01676184,2,30
51.12156,0.9295025,0.08792046,1.104635,0.01638282,2,30
51.12658,0.9345192,0.08783782,1.104595,0.01607729,2,30
51.13208,0.9400256,0.08772065,1.104532,0.01560459,2,30
51.13822,0.9461656,0.08760342,1.104485,0.01514537,2,30
51.14423,0.9521794,0.08749419,1.104434,0.01472488,2,30
51.14913,0.9570783,0.08740453,1.104392,0.01437865,2,30
51.1552,0.9631494,0.08726523,1.104322,0.01361406,2,30
51.16068,0.9686187,0.08716872,1.104276,0.01319974,2,30
51.16549,0.9734293,0.08707462,1.104232,0.01279475,2,30
51.17223,0.9801748,0.08706856,1.104255,0.01182832,2,30
51.17841,0.9863579,0.08699276,1.104226,0.01127939,2,30
51.18396,0.991905,0.08703849,1.104293,0.01048374,2,30
51.18876,0.9967076,0.08699708,1.104287,0.009959396,2,30
51.19424,1.002181,0.08687611,1.10431,0.009062968,2,30
51.20077,1.008712,0.08677637,1.104329,0.008112196,2,30
51.20609,1.014036,0.0867514,1.104326,0.007220838,2,30
51.21034,1.018282,0.08670098,1.104328,0.006554615,2,30
51.21629,1.024229,0.08668293,1.104372,0.005532235,2,30
51.22213,1.030075,0.08663338,1.104385,0.004678395,2,30
51.22753,1.035473,0.0866439,1.104364,0.003422901,2,30
51.23314,1.041088,0.08654435,1.104318,0.002200104,2,30
51.23968,1.047624,0.08647228,1.104384,0.0009833574,2,30
51.24486,1.052803,0.08642258,1.104396,3.368407E-05,2,30
51.2499,1.057842,0.08634587,1.104424,-0.001137607,2,30
51.25551,1.063458,0.0863203,1.104638,-0.002678342,2,30
51.26079,1.068735,0.08627735,1.104696,-0.003715243,2,30
51.26566,1.073601,0.08611195,1.104674,-0.004804693,2,30
51.27049,1.07844,0.08607131,1.104947,-0.006347787,2,30
51.2753,1.083244,0.0860183,1.105034,-0.007374614,2,30
51.28007,1.088016,0.08602011,1.105315,-0.008780535,2,30
51.28523,1.093181,0.08597463,1.105462,-0.01004503,2,30
51.29092,1.098871,0.08589316,1.105656,-0.01180712,2,30
51.29639,1.104338,0.08580896,1.105918,-0.01317327,2,30
51.3021,1.110048,0.08574356,1.106122,-0.01469028,2,30
51.30735,1.115305,0.08559141,1.106377,-0.01619207,2,30
51.31242,1.120376,0.08556078,1.106639,-0.01785946,2,30
51.31876,1.126709,0.08548769,1.106876,-0.01947267,2,30
51.32434,1.132297,0.08556677,1.107149,-0.0211568,2,30
51.32869,1.136641,0.08554029,1.107335,-0.02239341,2,30
51.33315,1.141104,0.08551554,1.107507,-0.02401655,2,30
51.339,1.146952,0.08543245,1.107619,-0.02567142,2,30
51.34434,1.152288,0.08539021,1.10781,-0.02725506,2,30
51.34883,1.156781,0.08535525,1.107972,-0.02860375,2,30
51.35483,1.162779,0.08527007,1.108072,-0.0307054,2,30
51.36084,1.168792,0.08522306,1.108244,-0.03238233,2,30
51.36673,1.174685,0.08524428,1.108277,-0.03265777,2,30
51.37318,1.181132,0.08520363,1.108651,-0.03639986,2,30
51.37933,1.187277,0.08508254,1.108926,-0.03874093,2,30
51.38549,1.193442,0.08501828,1.109166,-0.0410223,2,30
51.39145,1.199403,0.08490161,1.109338,-0.04340094,2,30
51.39702,1.204973,0.08467205,1.109584,-0.04530708,2,30
51.40319,1.211147,0.08455436,1.10982,-0.04758975,2,30
51.40855,1.216507,0.08435904,1.109976,-0.04955412,2,30
51.4136,1.221557,0.08421805,1.110259,-0.05147301,2,30
51.42006,1.228006,0.0840838,1.110501,-0.05367731,2,30
51.42464,1.23259,0.08398674,1.110682,-0.05533851,2,30
51.42992,1.23787,0.08381426,1.111063,-0.05731417,2,30
51.43593,1.243883,0.08366527,1.111367,-0.05970873,2,30
51.44158,1.249529,0.08352533,1.111632,-0.06162171,2,30
51.44656,1.254514,0.08344645,1.111917,-0.06344384,2,30
51.45186,1.259813,0.08332746,1.112203,-0.06557501,2,30
51.45733,1.265281,0.0831952,1.112537,-0.06743476,2,30
51.4619,1.269854,0.08310138,1.112778,-0.06911656,2,30
51.46831,1.276257,0.08292439,1.113137,-0.07155394,2,30
51.47409,1.282043,0.0827685,1.113444,-0.07389704,2,30
51.48005,1.287995,0.0826161,1.113726,-0.07591663,2,30
51.48509,1.293043,0.08250189,1.113987,-0.0778102,2,30
51.48994,1.29789,0.08228235,1.114188,-0.07951067,2,30
51.49433,1.302282,0.08215667,1.114421,-0.08127932,2,30
51.49977,1.307721,0.08202997,1.114664,-0.08314556,2,30
51.50548,1.313429,0.0818933,1.114936,-0.08526711,2,30
51.51104,1.318994,0.08165474,1.115209,-0.08727215,2,30
51.51775,1.3257,0.08162522,1.115455,-0.08731017,2,30
51.52267,1.33062,0.08151378,1.115682,-0.08882138,2,30
51.52779,1.335736,0.08140206,1.115918,-0.09039859,2,30
51.53384,1.341788,0.08080695,1.116669,-0.09530181,2,30
51.53971,1.347654,0.08069075,1.116648,-0.09497908,2,30
51.54543,1.353377,0.08050912,1.116927,-0.09681624,2,30
51.55022,1.358173,0.08000312,1.117493,-0.1002472,2,30
51.5561,1.36405,0.07971632,1.117917,-0.1024063,2,30
51.56184,1.36979,0.07948323,1.11825,-0.1044417,2,30
51.56762,1.375568,0.07925563,1.118639,-0.1059775,2,30
51.57351,1.381456,0.07890423,1.119033,-0.1077064,2,30
51.57951,1.387452,0.07859792,1.119185,-0.1090798,2,30
51.58474,1.392689,0.07835062,1.119464,-0.1107145,2,30
51.58979,1.397732,0.07803299,1.119636,-0.1118196,2,30
51.59494,1.402884,0.07775397,1.11991,-0.1134668,2,30
51.60168,1.409624,0.07752217,1.120237,-0.1148463,2,30
51.60685,1.414789,0.07730385,1.120465,-0.1159292,2,30
51.61108,1.419028,0.0770941,1.120692,-0.1171718,2,30
51.61731,1.425256,0.07693738,1.121153,-0.1183946,2,30
51.62279,1.430735,0.07667705,1.121526,-0.1194683,2,30
51.62786,1.435804,0.0764707,1.12182,-0.1206701,2,30
51.63326,1.441205,0.07618277,1.122136,-0.1215709,2,30
51.63916,1.447108,0.07595671,1.122445,-0.1227509,2,30
51.64469,1.452634,0.07573221,1.122758,-0.1239522,2,30
51.65718,1.465122,0.07516666,1.123353,-0.1242763,2,30
51.6623,1.470242,0.07497228,1.123604,-0.1249958,2,30
51.66855,1.476494,0.074247,1.124514,-0.1266544,2,30
51.67395,1.481889,0.07379445,1.124847,-0.1272448,2,30
51.67955,1.487494,0.07354721,1.125133,-0.127483,2,30
51.68581,1.493753,0.07318211,1.125549,-0.1283036,2,30
51.69077,1.498711,0.07300384,1.125705,-0.1284005,2,30
51.6982,1.506143,0.0727342,1.126002,-0.1286858,2,30
51.70581,0.0076096,0.07241166,1.126387,-0.1289948,4,31
51.71043,0.0122342,0.07217842,1.126654,-0.1293524,4,31
51.71627,0.0180662,0.0719346,1.126936,-0.1297303,4,31
51.72169,0.0234859,0.07168891,1.127222,-0.1301153,4,31
51.72756,0.0293596,0.07142609,1.127532,-0.130532,4,31
51.73337,0.0351694,0.07119876,1.127995,-0.130303,4,31
51.73985,0.0416446,0.07146579,1.12765,-0.128981,4,31
51.74499,0.046785,0.0712987,1.127861,-0.1290872,4,31
51.75102,0.0528186,0.07082821,1.12878,-0.1285752,4,31
51.75632,0.058116,0.07088099,1.129318,-0.128117,4,31
51.76106,0.062854,0.0707335,1.12968,-0.128006,4,31
51.76639,0.0681834,0.0707275,1.129962,-0.1274212,4,31
51.77187,0.0736618,0.07055172,1.130263,-0.126766,4,31
51.77792,0.0797193,0.0704084,1.130626,-0.1264294,4,31
51.78508,0.08687299,0.07021397,1.131031,-0.1256215,4,31
51.79125,0.0930499,0.07006747,1.131168,-0.1246721,4,31
51.79655,0.0983447,0.06994596,1.131417,-0.1242239,4,31
51.80191,0.1037072,0.06980258,1.131712,-0.1236981,4,31
51.80695,0.1087426,0.06987282,1.131852,-0.1229141,4,31
51.81198,0.1137752,0.06976704,1.132118,-0.1223483,4,31
51.81767,0.1194614,0.0696642,1.132378,-0.121802,4,31
51.82293,0.124725,0.06952745,1.132151,-0.1213405,4,31
51.82725,0.1290464,0.06943849,1.132318,-0.1208943,4,31
51.83155,0.1333436,0.06934199,1.1325,-0.1204127,4,31
51.83809,0.1398836,0.06884613,1.132575,-0.1189614,4,31
51.84351,0.145305,0.06868903,1.132763,-0.1183089,4,31
51.8481,0.1499034,0.06855364,1.132925,-0.1177489,4,31
51.85409,0.1558872,0.06787111,1.13371,-0.1146453,4,31
51.8594,0.1612013,0.06764215,1.133996,-0.1136475,4,31
51.86486,0.1666625,0.06737885,1.134434,-0.1122942,4,31
51.87086,0.1726649,0.06704386,1.134776,-0.1108742,4,31
51.87605,0.177851,0.06681496,1.135062,-0.109858,4,31
51.88212,0.183921,0.06640449,1.135357,-0.1084694,4,31
51.8888,0.1905998,0.06603669,1.135723,-0.1070355,4,31
51.89379,0.1955867,0.06573221,1.136043,-0.1058127,4,31
51.90083,0.2026281,0.06540505,1.13638,-0.1043512,4,31
51.90629,0.2080923,0.06511109,1.136601,-0.1030398,4,31
51.91147,0.2132701,0.06480049,1.136904,-0.101746,4,31
51.91821,0.2200108,0.0643894,1.137046,-0.100183,4,31
51.9237,0.2255017,0.06400768,1.136949,-0.0986677,4,31
51.92919,0.2309901,0.06367806,1.137076,-0.09721756,4,31
51.93499,0.236796,0.06329924,1.137255,-0.09565733,4,31
51.94038,0.2421804,0.06307185,1.137273,-0.09426515,4,31
51.94547,0.2472774,0.06277773,1.137393,-0.0929545,4,31
51.95147,0.2532764,0.06247281,1.137499,-0.09114626,4,31
51.95684,0.2586407,0.06229874,1.137441,-0.0897014,4,31
51.96207,0.263871,0.06202822,1.137519,-0.08828203,4,31
51.968,0.2698075,0.06156109,1.137557,-0.08653657,4,31
51.97301,0.2748115,0.06123257,1.137614,-0.08490397,4,31
51.9789,0.2807023,0.06091731,1.137682,-0.08339839,4,31
51.98498,0.2867832,0.06079424,1.13758,-0.08148478,4,31
51.99046,0.292267,0.06060653,1.137673,-0.07970526,4,31
51.99605,0.2978527,0.06051013,1.137665,-0.07811635,4,31
52.00102,0.3028228,0.06031647,1.137693,-0.07662518,4,31
52.00616,0.3079686,0.06012266,1.137721,-0.07513469,4,31
52.01093,0.3127282,0.05991865,1.137749,-0.0735677,4,31
52.01575,0.3175495,0.05974936,1.137773,-0.07226896,4,31
52.02174,0.3235429,0.05985622,1.137661,-0.07033358,4,31
52.02728,0.3290805,0.05969289,1.137667,-0.06865585,4,31
52.03181,0.333608,0.05954966,1.13767,-0.0671806,4,31
52.03831,0.3401099,0.0596667,1.137479,-0.0674304,4,31
52.04333,0.3451305,0.05954958,1.137463,-0.06611338,4,31
52.04889,0.3506884,0.05956317,1.13724,-0.06520718,4,31
52.05458,0.3563848,0.05943737,1.137194,-0.06365874,4,31
52.06004,0.3618404,0.05933756,1.137156,-0.06241791,4,31
52.06562,0.3674281,0.05896397,1.136901,-0.05550621,4,31
52.07183,0.3736366,0.05878067,1.136796,-0.05266605,4,31
52.07722,0.3790239,0.05864738,1.136714,-0.05056559,4,31
52.08311,0.3849148,0.05888395,1.136521,-0.05132,4,31
52.08924,0.39105,0.05890066,1.136224,-0.04703169,4,31
52.09422,0.3960214,0.05882874,1.136092,-0.04471394,4,31
52.10068,0.4024816,0.05885514,1.136084,-0.04540159,4,31
52.10621,0.4080124,0.05880283,1.135921,-0.04193746,4,31
52.11099,0.4127958,0.05874951,1.135786,-0.03961032,4,31
52.11754,0.4193453,0.05874275,1.135709,-0.03750423,4,31
52.1222,0.4240062,0.05871196,1.1356,-0.03557841,4,31
52.12796,0.4297638,0.05866932,1.135486,-0.03393259,4,31
52.13393,0.4357323,0.05863453,1.135334,-0.03148191,4,31
52.14031,0.442115,0.05879017,1.135391,-0.03011846,4,31
52.14551,0.4473143,0.05880393,1.135301,-0.02828565,4,31
52.15136,0.4531572,0.05889066,1.135183,-0.02638209,4,31
52.15702,0.4588166,0.0589524,1.135198,-0.02482074,4,31
52.16217,0.4639705,0.05899201,1.135124,-0.02312668,4,31
52.16791,0.4697087,0.05914105,1.135156,-0.02142179,4,31
52.17357,0.4753735,0.05925372,1.135109,-0.01961453,4,31
52.17876,0.4805604,0.05932141,1.135062,-0.01812471,4,31
52.18472,0.4865205,0.05934459,1.134936,-0.01633028,4,31
52.19072,0.4925255,0.059465,1.134925,-0.01461866,4,31
52.19647,0.4982747,0.05954461,1.134874,-0.01301692,4,31
52.20207,0.5038745,0.0595622,1.134679,-0.01151299,4,31
52.20734,0.5091457,0.05957336,1.134627,-0.01036112,4,31
52.21342,0.5152249,0.05957079,1.134457,-0.00870223,4,31
52.21974,0.5215417,0.05961671,1.134352,-0.007169645,4,31
52.22461,0.5264127,0.05965621,1.134127,-0.006066661,4,31
52.22964,0.531438,0.05967173,1.134052,-0.004992254,4,31
52.23528,0.5370744,0.05971973,1.133913,-0.00345023,4,31
52.24208,0.543879,0.05979079,1.133841,-0.002155207,4,31
52.24707,0.5488686,0.05983835,1.133739,-0.0009594746,4,31
52.25327,0.5550632,0.06001035,1.133695,0.0003266037,4,31
52.25934,0.5611376,0.06017412,1.133619,0.001308162,4,31
52.26503,0.5668311,0.06027288,1.133523,0.002519418,4,31
52.27133,0.5731238,0.06042715,1.133422,0.00364821,4,31
52.27654,0.5783336,0.06051821,1.133343,0.004602492,4,31
52.28204,0.5838326,0.06061078,1.133451,0.004187677,4,31
52.28812,0.589917,0.060947,1.133425,0.005856968,4,31
52.29315,0.5949442,0.06111063,1.133374,0.006925877,4,31
52.29834,0.600135,0.06124964,1.133335,0.00757093,4,31
52.30323,0.6050193,0.06139743,1.13329,0.008467,4,31
52.30795,0.6097435,0.06148893,1.13309,0.008989457,4,31
52.31985,0.6216474,0.06175765,1.13276,0.01068787,4,31
52.32494,0.6267378,0.06186349,1.132658,0.01104521,4,31
52.32985,0.6316408,0.06199152,1.132551,0.01174912,4,31
52.33498,0.6367744,0.06213491,1.132431,0.01252667,4,31
52.34021,0.6420062,0.06225902,1.132327,0.01319079,4,31
52.34665,0.6484502,0.06242705,1.13219,0.0137419,4,31
52.35255,0.6543504,0.06259643,1.132051,0.01457324,4,31
52.3582,0.6599914,0.06257239,1.13209,0.01339904,4,31
52.36415,0.6659517,0.06271408,1.131975,0.01398014,4,31
52.36952,0.6713185,0.06316089,1.131516,0.01537997,4,31
52.37516,0.6769623,0.06337605,1.131455,0.01582003,4,31
52.38117,0.6829669,0.06357491,1.131306,0.01645766,4,31
52.3863,0.6880929,0.06376073,1.131168,0.01704852,4,31
52.39154,0.6933405,0.06383486,1.131062,0.01716269,4,31
52.39698,0.6987734,0.06399947,1.130933,0.01766349,4,31
52.40239,0.704192,0.06417838,1.130794,0.01820382,4,31
52.4081,0.7098935,0.06387596,1.130763,0.01745531,4,31
52.41285,0.7146452,0.0639888,1.130644,0.01781607,4,31
52.4183,0.7200977,0.06410282,1.130525,0.01817804,4,31
52.42411,0.7259114,0.06406756,1.130227,0.01817557,4,31
52.42965,0.7314444,0.06417816,1.130058,0.01853152,4,31
52.43515,0.7369447,0.06434261,1.130036,0.01861282,4,31
52.4416,0.7434019,0.06444157,1.130062,0.01862389,4,31
52.44765,0.7494521,0.06438638,1.13,0.01871949,4,31
52.45319,0.7549875,0.06446084,1.129907,0.01892201,4,31
52.45861,0.7604125,0.06452117,1.129832,0.01908534,4,31
52.4632,0.764998,0.06458058,1.129759,0.0192456,4,31
52.46947,0.7712666,0.06449702,1.129757,0.01914229,4,31
52.47463,0.7764311,0.06444926,1.129738,0.0188664,4,31
52.48028,0.7820823,0.06461386,1.129734,0.01885273,4,31
52.48664,0.7884471,0.06468911,1.129678,0.01891518,4,31
52.49195,0.7937564,0.06472959,1.12955,0.01888383,4,31
52.49777,0.7995701,0.0646753,1.129512,0.01887498,4,31
52.50349,0.8052914,0.06470813,1.12945,0.01890028,4,31
52.50832,0.8101184,0.06463689,1.129411,0.01882636,4,31
52.51858,0.8203811,0.064529,1.129375,0.01867558,4,31
52.52404,0.8258388,0.06448134,1.129403,0.0185012,4,31
52.52975,0.8315588,0.06445561,1.129376,0.01843365,4,31
52.5358,0.8376076,0.06444575,1.129434,0.0181991,4,31
52.5417,0.8434995,0.06438854,1.129426,0.0179458,4,31
52.54714,0.8489439,0.06423695,1.129408,0.01774001,4,31
52.55267,0.8544713,0.06417085,1.129396,0.01757444,4,31
52.5586,0.8604028,0.06397084,1.129318,0.01738041,4,31
52.56346,0.8652635,0.06385335,1.12932,0.01717155,4,31
52.56808,0.8698803,0.06376882,1.129304,0.01702238,4,31
52.57322,0.8750188,0.06363622,1.129341,0.01667563,4,31
52.57921,0.8810157,0.0635271,1.129334,0.01645568,4,31
52.58481,0.8866153,0.06344578,1.129467,0.01601992,4,31
52.58994,0.8917423,0.06317478,1.129387,0.01579683,4,31
52.59563,0.8974389,0.06301057,1.129385,0.01550287,4,31
52.60127,0.9030715,0.06274961,1.129363,0.01512281,4,31
52.6065,0.9083,0.06242848,1.129447,0.01474778,4,31
52.61217,0.913969,0.06211337,1.129536,0.01431674,4,31
52.61798,0.9197831,0.06188536,1.12957,0.01398537,4,31
52.62354,0.9253406,0.06165255,1.129604,0.0136457,4,31
52.62898,0.9307804,0.06142932,1.129637,0.0133187,4,31
52.63377,0.9355748,0.0612001,1.12967,0.01298159,4,31
52.64009,0.9418972,0.06123356,1.129956,0.0123873,4,31
52.64543,0.9472306,0.06104948,1.130023,0.0120264,4,31
52.65057,0.9523723,0.06045167,1.130117,0.01093498,4,31
52.6567,0.9585053,0.06008417,1.13013,0.01018436,4,31
52.66211,0.9639098,0.05992326,1.130187,0.00956801,4,31
52.66805,0.9698442,0.05964703,1.130248,0.008935086,4,31
52.67369,0.9754848,0.05950776,1.130351,0.008084577,4,31
52.6794,0.9812002,0.05936229,1.130419,0.007420011,4,31
52.68568,0.9874837,0.05912945,1.130494,0.006670225,4,31
52.69152,0.993324,0.05892119,1.130576,0.005757801,4,31
52.6972,0.9990045,0.05865662,1.130548,0.004894372,4,31
52.70256,1.00436,0.05844168,1.13059,0.004149836,4,31
52.70816,1.009966,0.05825714,1.130615,0.003375825,4,31
52.71384,1.015643,0.05814946,1.130795,0.002316575,4,31
52.7199,1.021703,0.0579703,1.130867,0.00148524,4,31
52.72593,1.027733,0.05778117,1.130942,0.0005955063,4,31
52.73119,1.03299,0.05782889,1.1314,-0.0007236414,4,31
52.73809,1.039891,0.05763301,1.131665,-0.002033889,4,31
52.74257,1.044376,0.05752103,1.1318,-0.002819624,4,31
52.74837,1.050172,0.05734534,1.132089,-0.004056484,4,31
52.75433,1.056136,0.05728226,1.132445,-0.005476829,4,31
52.75972,1.061532,0.05718172,1.132642,-0.0064268,4,31
52.76606,1.06787,0.05704597,1.13291,-0.007737525,4,31
52.77251,1.074317,0.05729431,1.133271,-0.009496398,4,31
52.77821,1.080021,0.05726441,1.133484,-0.01058747,4,31
52.78342,1.085223,0.05723365,1.133711,-0.01177387,4,31
52.78913,1.090935,0.05720528,1.133929,-0.01293575,4,31
52.79467,1.096479,0.05717665,1.13416,-0.01418761,4,31
52.80009,1.101905,0.05734024,1.134568,-0.0155201,4,31
52.80449,1.106303,0.05734145,1.134763,-0.01650681,4,31
52.80916,1.110967,0.05734408,1.134963,-0.01753442,4,31
52.81512,1.11693,0.05780109,1.134778,-0.01949842,4,31
52.82169,1.123497,0.05774994,1.134826,-0.02184931,4,31
52.82644,1.128244,0.0577889,1.134974,-0.02340861,4,31
52.83267,1.134481,0.05757135,1.134888,-0.0257145,4,31
52.83904,1.140845,0.05746918,1.134845,-0.02746337,4,31
52.84436,1.146172,0.05743485,1.134904,-0.02920004,4,31
52.85055,1.152358,0.05748187,1.134921,-0.03107244,4,31
52.85643,1.158244,0.05748484,1.135012,-0.0327954,4,31
52.86186,1.163671,0.057478,1.135067,-0.03449681,4,31
52.86735,1.169161,0.05742132,1.135108,-0.03639556,4,31
52.87297,1.174788,0.05737736,1.135072,-0.03861666,4,31
52.87888,1.180698,0.05730387,1.135001,-0.04047093,4,31
52.88483,1.18665,0.05726759,1.134999,-0.0424713,4,31
52.89047,1.192285,0.05715821,1.134872,-0.044614,4,31
52.8965,1.198318,0.05707652,1.134631,-0.04644334,4,31
52.90182,1.203639,0.05702536,1.134546,-0.04820186,4,31
52.90704,1.208858,0.05702137,1.13466,-0.05031635,4,31
52.91171,1.213523,0.05698673,1.134619,-0.05213503,4,31
52.9182,1.220011,0.05701577,1.134777,-0.0545074,4,31
52.92341,1.22522,0.05691983,1.134978,-0.05677126,4,31
52.92789,1.229701,0.05689414,1.135016,-0.05846709,4,31
52.93421,1.23602,0.0566083,1.135179,-0.06119903,4,31
52.94009,1.241896,0.05622522,1.135504,-0.06334646,4,31
52.94492,1.246734,0.05609253,1.135623,-0.06526905,4,31
52.95191,1.253718,0.05572571,1.135917,-0.06837647,4,31
52.95762,1.259428,0.05542631,1.136264,-0.07055905,4,31
52.96273,1.264538,0.05524364,1.136444,-0.07258896,4,31
52.96845,1.270256,0.05509682,1.136849,-0.07502253,4,31
52.97339,1.2752,0.05500957,1.137196,-0.07734758,4,31
52.9828,1.284609,0.05463905,1.13761,-0.08115147,4,31
52.99136,1.293173,0.05447023,1.137887,-0.08468959,4,31
52.99649,1.298304,0.05435902,1.138067,-0.08658257,4,31
53.00183,1.303639,0.0542153,1.138112,-0.08872305,4,31
53.00756,1.309374,0.05425616,1.138227,-0.09104726,4,31
53.01312,1.314929,0.05419787,1.138403,-0.09346905,4,31
53.01875,1.320562,0.05413563,1.138545,-0.09556711,4,31
53.02435,1.326155,0.05421734,1.138538,-0.09770311,4,31
53.0299,1.331709,0.05422009,1.138371,-0.09962545,4,31
53.03496,1.336771,0.05420842,1.138408,-0.1017776,4,31
53.04032,1.342126,0.05444063,1.13821,-0.1033764,4,31
53.04538,1.347184,0.05449129,1.138192,-0.1052642,4,31
53.05078,1.35259,0.05476956,1.138134,-0.1071808,4,31
53.05687,1.358683,0.05505432,1.138031,-0.1090527,4,31
53.06238,1.364188,0.05538466,1.137873,-0.110836,4,31
53.06758,1.369389,0.05557725,1.137799,-0.1126315,4,31
53.07274,1.374549,0.05601985,1.137634,-0.1144626,4,31
53.07858,1.380394,0.05646675,1.137428,-0.1160359,4,31
53.0839,1.385714,0.05676989,1.137306,-0.1177309,4,31
53.08898,1.39079,0.05707253,1.137186,-0.1193895,4,31
53.09417,1.395976,0.05754535,1.137168,-0.1210873,4,31
53.1002,1.402002,0.05804485,1.137215,-0.1226664,4,31
53.1064,1.408206,0.05869548,1.137232,-0.1245187,4,31
53.11078,1.412585,0.05908477,1.137194,-0.1259932,4,31
53.11718,1.418988,0.05964889,1.137255,-0.1274934,4,31
53.12235,1.424158,0.06016567,1.13748,-0.1288894,4,31
53.1269,1.428705,0.06058085,1.137516,-0.1302331,4,31
53.13304,1.434848,0.06119984,1.137809,-0.1318941,4,31
53.13903,1.440843,0.06170482,1.137909,-0.1334367,4,31
53.14425,1.446055,0.06226227,1.138214,-0.1345943,4,31
53.1504,1.452212,0.06288538,1.138384,-0.1363481,4,31
53.15536,1.457175,0.06331952,1.138502,-0.137561,4,31
53.15969,1.461498,0.06373732,1.138615,-0.1387215,4,31
53.16542,1.467227,0.06428143,1.139182,-0.1399094,4,31
53.17168,1.473496,0.06383061,1.139356,-0.1384742,4,31
53.17709,1.478907,0.06419257,1.13953,-0.1394344,4,31
53.18428,1.486093,0.0655207,1.140371,-0.1429506,4,31
53.1891,1.490913,0.06590503,1.140661,-0.144005,4,31
53.19461,1.496426,0.06648893,1.141004,-0.1455498,4,31
53.20113,1.50294,0.06688592,1.141228,-0.1463043,4,31
53.20618,1.507993,0.06726765,1.141427,-0.1468784,4,31
53.21143,1.513237,0.06779247,1.141726,-0.1480881,4,31
53.21799,1.519802,0.06820165,1.141862,-0.1486841,4,31
53.22338,1.525191,0.06858381,1.141802,-0.1491852,4,31
53.22911,1.530924,0.0688076,1.141724,-0.1497097,4,31
53.23401,1.535821,0.06917804,1.141821,-0.1504586,4,31
53.24109,1.542901,0.06952872,1.141728,-0.1509376,4,31
53.24766,0.0065687,0.06995484,1.141682,-0.1514603,6,32
53.25289,0.0117983,0.07032111,1.141707,-0.1520726,6,32
53.25807,0.0169799,0.0706303,1.141729,-0.1525879,6,32
53.26367,0.0225765,0.07085359,1.141375,-0.152639,6,32
53.26925,0.0281563,0.07118924,1.14132,-0.1531204,6,32
53.27478,0.0336888,0.07158354,1.141055,-0.1532994,6,32
53.28054,0.0394441,0.07189503,1.140873,-0.1534603,6,32
53.2864,0.0453072,0.07225098,1.140744,-0.1538236,6,32
53.29164,0.0505462,0.07259268,1.140457,-0.1539064,6,32
53.29721,0.0561186,0.07290851,1.140308,-0.1541731,6,32
53.30318,0.0620859,0.0734584,1.140227,-0.1543436,6,32
53.30811,0.0670176,0.07378205,1.140019,-0.1543311,6,32
53.31277,0.0716771,0.07408537,1.139968,-0.1543535,6,32
53.31938,0.07829221,0.07449071,1.139819,-0.1545314,6,32
53.32471,0.0836169,0.07481886,1.139682,-0.1544676,6,32
53.32911,0.0880207,0.07517,1.139611,-0.1543845,6,32
53.334,0.0929106,0.07553889,1.139487,-0.1544462,6,32
53.33994,0.0988512,0.07596198,1.139452,-0.1542932,6,32
53.34711,0.106027,0.0765544,1.139407,-0.1540855,6,32
53.35315,0.1120621,0.07704209,1.139311,-0.1540311,6,32
53.3584,0.1173137,0.07755622,1.13936,-0.1538333,6,32
53.36318,0.122088,0.07787059,1.139434,-0.1536714,6,32
53.36872,0.1276251,0.07830454,1.139411,-0.1535646,6,32
53.374,0.1329126,0.07857753,1.139435,-0.1533,6,32
53.37913,0.1380378,0.07884292,1.139458,-0.1530255,6,32
53.38473,0.1436349,0.07921961,1.139455,-0.1528398,6,32
53.39012,0.1490269,0.07960473,1.139658,-0.1525672,6,32
53.39542,0.1543291,0.08000315,1.139706,-0.1523505,6,32
53.40187,0.1607822,0.08058362,1.139948,-0.152029,6,32
53.40689,0.1658005,0.08108993,1.140113,-0.1516594,6,32
53.41217,0.1710741,0.08157553,1.140196,-0.1511778,6,32
53.41845,0.1773571,0.08205133,1.1403,-0.1508403,6,32
53.42311,0.1820194,0.08238567,1.140328,-0.1502868,6,32
53.42772,0.1866271,0.08275601,1.140399,-0.1499599,6,32
53.43312,0.1920329,0.08324991,1.140493,-0.1495256,6,32
53.43831,0.1972183,0.08361147,1.140561,-0.1492089,6,32
53.4433,0.2022109,0.08401344,1.140636,-0.1488581,6,32
53.45042,0.2093253,0.08459279,1.140657,-0.1479538,6,32
53.45594,0.214851,0.08500623,1.140723,-0.1475474,6,32
53.46127,0.2201746,0.084541,1.140653,-0.1477148,6,32
53.46672,0.2256272,0.08583584,1.140821,-0.1460357,6,32
53.47179,0.2306915,0.08645722,1.140867,-0.1451092,6,32
53.47704,0.2359402,0.08697472,1.14093,-0.1444561,6,32
53.48293,0.24183,0.08756775,1.14079,-0.1435543,6,32
53.48818,0.2470875,0.08800316,1.140717,-0.1428027,6,32
53.4929,0.2518066,0.08852655,1.140712,-0.1420734,6,32
53.49874,0.2576499,0.08920962,1.140851,-0.1413326,6,32
53.50516,0.2640639,0.08978303,1.140845,-0.1403113,6,32
53.51067,0.269574,0.09041217,1.140863,-0.1394196,6,32
53.51655,0.2754561,0.09096131,1.140795,-0.1385717,6,32
53.5225,0.2814038,0.09163053,1.14074,-0.137577,6,32
53.52792,0.2868258,0.09220923,1.140721,-0.1367449,6,32
53.53387,0.2927777,0.09288613,1.140553,-0.1355463,6,32
53.54045,0.2993673,0.09359285,1.140362,-0.1344647,6,32
53.54598,0.3048955,0.09421135,1.140216,-0.1334813,6,32
53.55169,0.3106011,0.09490588,1.140098,-0.1324286,6,32
53.5577,0.3166139,0.09553061,1.139889,-0.1314275,6,32
53.56322,0.3221326,0.09603515,1.139592,-0.130405,6,32
53.56828,0.3271902,0.09657302,1.139433,-0.1295331,6,32
53.5738,0.3327086,0.09714009,1.139046,-0.128449,6,32
53.57947,0.3383824,0.09764469,1.138759,-0.1274489,6,32
53.58541,0.3443193,0.09827357,1.138489,-0.126364,6,32
53.59027,0.3491881,0.09884186,1.138206,-0.12546,6,32
53.59629,0.3552017,0.09943713,1.137942,-0.1244701,6,32
53.60289,0.3618035,0.1001627,1.137708,-0.1233012,6,32
53.60836,0.3672691,0.1008115,1.137468,-0.1223409,6,32
53.6138,0.3727147,0.1013862,1.137151,-0.1213408,6,32
53.62002,0.3789318,0.1020059,1.136876,-0.1203446,6,32
53.62482,0.3837361,0.1024308,1.136564,-0.1195219,6,32
53.63005,0.3889654,0.1029619,1.136361,-0.1186738,6,32
53.63555,0.394463,0.1035983,1.136062,-0.117644,6,32
53.64454,0.4034455,0.1044637,1.135737,-0.1163263,6,32
53.65025,0.4091637,0.1050679,1.135471,-0.1153901,6,32
53.6546,0.4135097,0.1055935,1.135238,-0.1145873,6,32
53.66001,0.4189191,0.106115,1.135007,-0.1138012,6,32
53.66569,0.4246002,0.106664,1.134851,-0.1128836,6,32
53.67103,0.4299436,0.1072907,1.134583,-0.11195,6,32
53.6768,0.435708,0.1062705,1.135096,-0.1129892,6,32
53.68324,0.4421493,0.1074559,1.134627,-0.1107045,6,32
53.68841,0.4473183,0.1077407,1.134455,-0.1097798,6,32
53.69355,0.4524634,0.1082707,1.134226,-0.1087396,6,32
53.6995,0.4584152,0.1085224,1.134072,-0.1078538,6,32
53.70483,0.4637453,0.1086925,1.134098,-0.1072169,6,32
53.70939,0.4683003,0.1090154,1.133973,-0.1064708,6,32
53.7143,0.4732133,0.1091261,1.133826,-0.1056917,6,32
53.71979,0.4787034,0.1094252,1.133686,-0.1048943,6,32
53.72541,0.484318,0.1095698,1.133537,-0.1040666,6,32
53.73055,0.4894562,0.1096311,1.13345,-0.1031006,6,32
53.73653,0.4954425,0.1098659,1.133311,-0.1022162,6,32
53.74084,0.4997539,0.109997,1.13343,-0.1015543,6,32
53.74533,0.5042429,0.1100714,1.133597,-0.100926,6,32
53.75084,0.5097566,0.1102815,1.133577,-0.1000072,6,32
53.75621,0.5151248,0.1104587,1.133558,-0.09924641,6,32
53.76143,0.5203487,0.1104632,1.133575,-0.09840286,6,32
53.76718,0.526095,0.1106355,1.133561,-0.09750497,6,32
53.77261,0.5315238,0.1106695,1.133668,-0.09650736,6,32
53.77808,0.5369933,0.1107981,1.133675,-0.09571947,6,32
53.7847,0.5436194,0.1106038,1.133685,-0.09550722,6,32
53.78995,0.5488678,0.1106905,1.133693,-0.09478764,6,32
53.79544,0.5543557,0.1106426,1.133785,-0.09268509,6,32
53.80094,0.5598571,0.110697,1.133807,-0.09178023,6,32
53.80546,0.5643761,0.1106746,1.133672,-0.0908518,6,32
53.80956,0.568473,0.1107076,1.133662,-0.0900766,6,32
53.81496,0.573869,0.1105738,1.13359,-0.08894485,6,32
53.82135,0.580266,0.110522,1.133554,-0.08780289,6,32
53.82554,0.5844517,0.1105143,1.133533,-0.08700797,6,32
53.8309,0.5898131,0.1104808,1.133561,-0.08579692,6,32
53.8371,0.5960144,0.1104669,1.133548,-0.08469114,6,32
53.84222,0.6011305,0.1104565,1.133537,-0.08371338,6,32
53.8482,0.6071128,0.1099539,1.133428,-0.0823198,6,32
53.85376,0.612677,0.1098263,1.13339,-0.08108427,6,32
53.85917,0.6180812,0.1096182,1.133274,-0.07997724,6,32
53.86451,0.6234205,0.109544,1.133202,-0.07877439,6,32
53.87004,0.6289476,0.1094191,1.133145,-0.07759017,6,32
53.87551,0.6344169,0.109389,1.133186,-0.0762242,6,32
53.88125,0.6401596,0.1093966,1.13326,-0.07503097,6,32
53.88723,0.6461361,0.1093154,1.133255,-0.07371495,6,32
53.89194,0.6508479,0.1092795,1.133312,-0.07245586,6,32
53.89745,0.6563656,0.1092341,1.133331,-0.07116503,6,32
53.90316,0.6620672,0.1091684,1.133345,-0.06982842,6,32
53.90813,0.6670381,0.1090245,1.13347,-0.06871209,6,32
53.91417,0.6730778,0.1089238,1.133409,-0.0670099,6,32
53.92045,0.6793635,0.1088363,1.133426,-0.06561923,6,32
53.9253,0.6842145,0.1087044,1.133484,-0.06436719,6,32
53.93056,0.6894704,0.1086401,1.133595,-0.06300666,6,32
53.93636,0.6952718,0.1085562,1.133647,-0.06171405,6,32
53.94201,0.7009225,0.1084699,1.133712,-0.06017186,6,32
53.94812,0.7070329,0.1084122,1.133722,-0.05846483,6,32
53.95476,0.7136689,0.1082229,1.133694,-0.05648821,6,32
53.96084,0.7197468,0.1081248,1.13372,-0.05503096,6,32
53.96664,0.7255529,0.1079232,1.133785,-0.05336794,6,32
53.97203,0.7309384,0.1077983,1.133929,-0.05165727,6,32
53.977,0.7359099,0.1077004,1.13398,-0.0503959,6,32
53.98289,0.7418024,0.1076967,1.134181,-0.048656,6,32
53.98849,0.747404,0.1076454,1.134281,-0.04700261,6,32
53.99358,0.7524939,0.1075662,1.13438,-0.04540513,6,32
54.00009,0.7589986,0.1075041,1.134421,-0.04356305,6,32
54.00647,0.7653825,0.1074731,1.13448,-0.04152901,6,32
54.01241,0.7713234,0.1074952,1.134478,-0.03942063,6,32
54.01851,0.7774204,0.1074643,1.134533,-0.03766797,6,32
54.02417,0.7830807,0.1074812,1.13444,-0.03574684,6,32
54.02955,0.7884647,0.1073969,1.134527,-0.03411621,6,32
54.03569,0.794599,0.1073594,1.134577,-0.03204697,6,32
54.04171,0.8006194,0.107347,1.134586,-0.03049411,6,32
54.04733,0.8062451,0.1072393,1.134537,-0.02883045,6,32
54.05329,0.8122007,0.1071887,1.134557,-0.0268494,6,32
54.05883,0.8177394,0.107098,1.134429,-0.02530693,6,32
54.06417,0.8230877,0.1071366,1.134286,-0.02357023,6,32
54.07053,0.8294412,0.1071045,1.134237,-0.02142783,6,32
54.07674,0.8356496,0.10727,1.1341,-0.01983112,6,32
54.08273,0.8416391,0.1072718,1.133912,-0.01793618,6,32
54.08905,0.847967,0.1072729,1.133632,-0.01631351,6,32
54.09416,0.8530727,0.1072883,1.133498,-0.01465434,6,32
54.10103,0.8599452,0.107383,1.133208,-0.01291468,6,32
54.10676,0.8656736,0.1075251,1.13302,-0.01128509,6,32
54.11138,0.8702934,0.1075846,1.13287,-0.009801302,6,32
54.11692,0.8758334,0.1076637,1.132787,-0.008456532,6,32
54.12193,0.8808394,0.1076415,1.132722,-0.007176869,6,32
54.12709,0.886007,0.1076887,1.132604,-0.005740922,6,32
54.13336,0.8922753,0.1077545,1.132456,-0.003879085,6,32
54.13911,0.8980286,0.1073725,1.132283,-0.002767272,6,32
54.14477,0.9036834,0.1073364,1.132136,-0.001238126,6,32
54.15063,0.9095419,0.1071583,1.132035,0.0001703873,6,32
54.15708,0.9159974,0.1070927,1.1319,0.001668364,6,32
54.16267,0.9215808,0.1068521,1.13174,0.002727211,6,32
54.16776,0.9266765,0.1067679,1.131615,0.003943425,6,32
54.17279,0.931706,0.1068538,1.131467,0.005061924,6,32
54.17855,0.9374689,0.1068079,1.131332,0.006323557,6,32
54.18441,0.9433291,0.1069208,1.131254,0.007305771,6,32
54.18964,0.948551,0.1071059,1.131149,0.008165438,6,32
54.19523,0.9541436,0.1073169,1.130996,0.009136193,6,32
54.20085,0.9597614,0.1073974,1.130882,0.01012204,6,32
54.20664,0.9655549,0.1075969,1.130775,0.01094956,6,32
54.21115,0.9700675,0.1077031,1.130668,0.01186195,6,32
54.21746,0.9763693,0.107904,1.130678,0.01254826,6,32
54.22287,0.9817833,0.1080383,1.130726,0.01317485,6,32
54.22754,0.9864515,0.1081527,1.130682,0.01388693,6,32
54.23348,0.9923949,0.1082867,1.130786,0.01445399,6,32
54.23972,0.9986271,0.1083821,1.130992,0.01496358,6,32
54.24437,1.003277,0.1084865,1.131027,0.01555148,6,32
54.25039,1.009303,0.1085505,1.131105,0.01605555,6,32
54.25591,1.014819,0.1084329,1.131053,0.0165138,6,32
54.26041,1.019324,0.1084756,1.131074,0.01700659,6,32
54.26704,1.02595,0.1084442,1.131209,0.01749022,6,32
54.27221,1.031123,0.1084771,1.131209,0.01787777,6,32
54.27766,1.036573,0.1085047,1.131241,0.01831535,6,32
54.28348,1.042392,0.1085405,1.131284,0.01887097,6,32
54.29279,1.051697,0.1083897,1.131292,0.01914002,6,32
54.30041,1.059318,0.1083825,1.131277,0.01953995,6,32
54.30675,1.065657,0.1083995,1.131279,0.01985288,6,32
54.31229,1.071199,0.108399,1.13129,0.02021703,6,32
54.31836,1.077267,0.1083989,1.131302,0.02056455,6,32
54.32319,1.082097,0.1084053,1.131295,0.02065161,6,32
54.32776,1.086672,0.1084062,1.131302,0.02090481,6,32
54.33384,1.092754,0.1083902,1.1313,0.02070594,6,32
54.33908,1.097987,0.1083362,1.131274,0.02098246,6,32
54.34429,1.103197,0.1083221,1.131272,0.02121534,6,32
54.35018,1.109085,0.108238,1.131193,0.02138116,6,32
54.35551,1.114415,0.1081451,1.131101,0.0214819,6,32
54.36093,1.119835,0.1081038,1.131067,0.0216543,6,32
54.3667,1.125611,0.1080547,1.13102,0.02167751,6,32
54.37225,1.131153,0.1080142,1.130983,0.02169192,6,32
54.37801,1.136921,0.1079722,1.130947,0.02180102,6,32
54.38432,1.143232,0.1079054,1.130887,0.02178423,6,32
54.38963,1.148542,0.1078222,1.130774,0.02176165,6,32
54.394,1.152914,0.1077719,1.130721,0.02181185,6,32
54.40002,1.158931,0.107704,1.13064,0.0217611,6,32
54.40596,1.164868,0.107639,1.130569,0.02179657,6,32
54.41081,1.169726,0.1075827,1.130508,0.02182739,6,32
54.41656,1.175476,0.107526,1.130446,0.02185844,6,32
54.42271,1.181631,0.1074867,1.130377,0.02167693,6,32
54.42731,1.186223,0.1074409,1.130324,0.02167811,6,32
54.43347,1.192389,0.1076735,1.130449,0.02122966,6,32
54.43974,1.198657,0.1077098,1.130324,0.02070381,6,32
54.44479,1.203705,0.1077019,1.130268,0.02055487,6,32
54.45103,1.209949,0.107746,1.130212,0.02009942,6,32
54.45708,1.215999,0.1077579,1.130221,0.01967198,6,32
54.46194,1.220855,0.1077624,1.130183,0.01943096,6,32
54.46854,1.227462,0.1078557,1.130296,0.01885437,6,32
54.47387,1.232789,0.1079228,1.130431,0.018303,6,32
54.4803,1.239218,0.1079592,1.130459,0.01789624,6,32
54.48628,1.245201,0.1080828,1.130668,0.01718996,6,32
54.49153,1.250455,0.1080916,1.130714,0.016561,6,32
54.4971,1.256019,0.1081297,1.130767,0.01612434,6,32
54.50301,1.261936,0.1082119,1.130882,0.01520133,6,32
54.50787,1.266791,0.1082275,1.130926,0.01448772,6,32
54.51403,1.272957,0.1083037,1.13106,0.01345916,6,32
54.52026,1.279186,0.1083546,1.131141,0.01274537,6,32
54.52523,1.284148,0.1084959,1.131267,0.01172705,6,32
54.53068,1.289604,0.1085442,1.131332,0.01056165,6,32
54.53714,1.296066,0.108666,1.131368,0.00933706,6,32
54.54232,1.301246,0.1087385,1.131428,0.008474533,6,32
54.54772,1.306643,0.1087635,1.131411,0.007339567,6,32
54.55307,1.311995,0.1088329,1.131458,0.006302055,6,32
54.55848,1.317399,0.1088364,1.131611,0.00484613,6,32
54.56396,1.322882,0.1089005,1.131741,0.00329309,6,32
54.57067,1.329593,0.1088903,1.131866,0.001434132,6,32
54.57608,1.335002,0.1089212,1.131947,0.0002857782,6,32
54.58168,1.340598,0.1088516,1.131945,-0.001311354,6,32
54.58818,1.347106,0.1087519,1.132162,-0.003342237,6,32
54.5937,1.352617,0.1087325,1.13228,-0.004946135,6,32
54.60009,1.359007,0.108715,1.132398,-0.006520282,6,32
54.60629,1.365207,0.1084602,1.132611,-0.008787408,6,32
54.61158,1.370499,0.1083746,1.132839,-0.01090726,6,32
54.61753,1.376455,0.1082066,1.133078,-0.01295855,6,32
54.62287,1.381796,0.1081252,1.133245,-0.01468676,6,32
54.62757,1.386492,0.1079755,1.133433,-0.01650985,6,32
54.63316,1.392086,0.1076967,1.133625,-0.01876691,6,32
54.63808,1.397012,0.1075859,1.133775,-0.02032927,6,32
54.64286,1.40179,0.1074713,1.133935,-0.02196858,6,32
54.64725,1.40618,0.1073291,1.13401,-0.02360144,6,32
54.65193,1.410856,0.1072005,1.134173,-0.02540249,6,32
54.65664,1.415567,0.1070972,1.134307,-0.02686805,6,32
54.66119,1.42011,0.1069862,1.134454,-0.02846356,6,32
54.66601,1.424933,0.1068722,1.13461,-0.0301259,6,32
54.67038,1.429301,0.1067583,1.134769,-0.03181192,6,32
54.6754,1.434322,0.1066533,1.13492,-0.03338884,6,32
54.6803,1.43923,0.1065402,1.135087,-0.03511369,6,32
54.68591,1.444836,0.1064149,1.135277,-0.03705691,6,32
54.68985,1.448778,0.1063284,1.135412,-0.03841943,6,32
54.69426,1.453186,0.1062214,1.135583,-0.0401306,6,32
54.69954,1.458464,0.1061192,1.135751,-0.04179297,6,32
54.70385,1.462777,0.1060278,1.135905,-0.04330186,6,32
54.70814,1.467065,0.1059387,1.136058,-0.0447963,6,32
54.71254,1.471469,0.1056745,1.136735,-0.04741408,6,32
54.71746,1.476381,0.1055729,1.136925,-0.0490104,6,32
54.72182,1.480739,0.1054742,1.137114,-0.05057917,6,32
54.72862,1.487539,0.1052901,1.136648,-0.04308189,6,32
54.73539,1.494307,0.1041258,1.137607,-0.0516243,6,32
54.74188,1.500802,0.1023545,1.138912,-0.06239671,6,32
54.74829,1.50721,0.1014926,1.139274,-0.06681868,6,32
54.75498,1.5139,0.1008478,1.139317,-0.07027764,6,32
54.76156,1.520474,0.1002374,1.139648,-0.07414638,6,32
54.7674,1.526316,0.09965199,1.139973,-0.07792589,6,32
54.7734,1.532314,0.09929501,1.140179,-0.07951441,6,32
54.77873,1.537651,0.0988438,1.140427,-0.0823503,6,32
54.78494,1.543856,0.09907697,1.140361,-0.08006869,6,32
54.79084,1.549754,0.0983137,1.140937,-0.08425964,6,32
54.79648,1.555399,0.09788323,1.141211,-0.08676264,6,32
54.8026,1.561522,0.09742781,1.141521,-0.089191,6,32
54.80837,1.56729,0.09715457,1.141672,-0.09114732,6,32
54.8139,1.572819,0.0968439,1.141784,-0.0930739,6,32
54.82049,1.57941,0.09643985,1.142017,-0.09556046,6,32
54.82507,1.583993,0.09614148,1.142191,-0.09742647,6,32
54.83011,1.589027,0.09562518,1.141923,-0.09834202,6,32
54.83556,1.594475,0.09519652,1.142041,-0.1004873,6,32
54.84115,1.600071,0.09488168,1.141991,-0.101933,6,32
54.84564,1.604559,0.09450149,1.1418,-0.1030966,6,32
54.85126,1.61018,0.09406427,1.141803,-0.1050656,6,32
54.85688,1.615799,0.09362481,1.141824,-0.106507,6,32
54.86166,1.620577,0.09326227,1.141828,-0.1080463,6,32
54.86692,1.625838,0.09260964,1.141949,-0.1093813,6,32
54.87211,1.631031,0.09204292,1.142,-0.1108189,6,32
54.8778,1.636717,0.09158157,1.142035,-0.1123488,6,32
54.88382,1.642741,0.09099628,1.142051,-0.1137291,6,32
54.88924,1.648156,0.09027676,1.142223,-0.1148872,6,32
54.89383,1.652749,0.08976895,1.142285,-0.1162178,6,32
54.90052,1.659438,0.08903574,1.142529,-0.1175715,6,32
54.90542,1.664335,0.08853322,1.142622,-0.1187911,6,32
54.91087,1.669786,0.08791439,1.142983,-0.1200757,6,32
54.91798,1.676902,0.08712911,1.143175,-0.1214366,6,32
54.92361,1.682527,0.08655572,1.143346,-0.1223455,6,32
54.92897,1.687892,0.08607992,1.14361,-0.1233182,6,32
54.93546,1.694372,0.08538921,1.143847,-0.1247526,6,32
54.94117,1.700091,0.08486061,1.144035,-0.1254244,6,32
54.95183,1.710748,0.08385951,1.144535,-0.1274282,6,32
54.95633,1.715251,0.08347737,1.144693,-0.1281853,6,32
54.96177,1.720689,0.08297125,1.144902,-0.1291984,6,32
54.96671,1.725626,0.08244224,1.145118,-0.1297264,6,32
54.97264,1.731559,0.08235405,1.145073,-0.1294304,6,32
54.97819,1.737108,0.08194477,1.14523,-0.1301178,6,32
54.98343,1.742348,0.08095677,1.145532,-0.131484,6,32
54.98874,1.74766,0.08039485,1.145698,-0.132041,6,32
54.9938,1.752723,0.07980996,1.145896,-0.1328807,6,32
55.00076,1.759677,0.07933285,1.146049,-0.1333564,6,32
55.00603,1.764944,0.07890175,1.146188,-0.1337439,6,32
55.01193,1.770848,0.07831518,1.146384,-0.1344873,6,32
55.0178,1.776714,0.07790985,1.146487,-0.1348383,6,32
55.02297,1.781887,0.07745394,1.146634,-0.1353884,6,32
55.02771,1.786622,0.07703417,1.146769,-0.1358985,6,32
55.03442,1.793339,0.07640609,1.146916,-0.1363225,6,32
55.04165,0.0072285,0.07639058,1.146899,-0.136004,7,33
55.04645,0.0120277,0.07566147,1.147094,-0.1364983,7,33
55.0523,0.01788,0.07508358,1.147259,-0.1369998,7,33
55.05789,0.0234664,0.0746078,1.147338,-0.1371736,7,33
55.06327,0.0288474,0.074113,1.147421,-0.1372952,7,33
55.06939,0.0349717,0.07354967,1.147553,-0.137651,7,33
55.07459,0.0401711,0.07305018,1.147662,-0.1376786,7,33
55.07999,0.0455742,0.07263655,1.147806,-0.1376548,7,33
55.08619,0.0517744,0.07208075,1.14795,-0.1378672,7,33
55.09147,0.0570538,0.07151993,1.148083,-0.1377963,7,33
55.09688,0.0624585,0.07117561,1.148206,-0.137763,7,33
55.1027,0.0682741,0.07066559,1.148346,-0.1378611,7,33
55.10764,0.07321619,0.07036581,1.148464,-0.1377454,7,33
55.1128,0.07837979,0.06990647,1.148594,-0.1375991,7,33
55.11988,0.0854546,0.06937569,1.148749,-0.137595,7,33
55.12498,0.09056,0.06897475,1.14885,-0.1372945,7,33
55.13055,0.09612329,0.0684731,1.148993,-0.1372161,7,33
55.13684,0.102419,0.06805959,1.149154,-0.1367761,7,33
55.14315,0.1087284,0.06767044,1.149297,-0.1363934,7,33
55.14955,0.1151305,0.06719852,1.149406,-0.1359974,7,33
55.15415,0.1197263,0.06682777,1.149515,-0.1357914,7,33
55.15924,0.1248242,0.06655982,1.149596,-0.1353613,7,33
55.16414,0.1297174,0.06619503,1.149704,-0.1351029,7,33
55.17019,0.1357731,0.06587089,1.149718,-0.1344962,7,33
55.17558,0.1411627,0.06547933,1.149704,-0.1338221,7,33
55.18154,0.1471212,0.06509545,1.149775,-0.1334048,7,33
55.18708,0.1526622,0.06476758,1.149864,-0.1327982,7,33
55.1925,0.1580799,0.06429207,1.149801,-0.1321272,7,33
55.1979,0.1634727,0.06394207,1.149839,-0.1316839,7,33
55.20372,0.1692997,0.06340136,1.149743,-0.1307717,7,33
55.20857,0.1741486,0.06304663,1.149751,-0.1302778,7,33
55.21404,0.1796184,0.06259441,1.149673,-0.1294399,7,33
55.2195,0.1850761,0.06222145,1.149662,-0.1288761,7,33
55.22485,0.1904226,0.06187312,1.149524,-0.1280243,7,33
55.22948,0.1950481,0.06175783,1.149532,-0.1273393,7,33
55.23518,0.2007519,0.06136757,1.149497,-0.1265316,7,33
55.24107,0.2066377,0.06102796,1.149466,-0.1258316,7,33
55.24584,0.2114109,0.06077129,1.149493,-0.1250806,7,33
55.25146,0.2170379,0.06046441,1.149415,-0.1239675,7,33
55.25718,0.2227515,0.06021971,1.149408,-0.1230279,7,33
55.26149,0.2270634,0.05997095,1.149386,-0.1223522,7,33
55.26696,0.2325365,0.05973542,1.149426,-0.1213912,7,33
55.27223,0.2378031,0.05950193,1.149491,-0.1203764,7,33
55.27659,0.2421623,0.05930547,1.149495,-0.119739,7,33
55.28299,0.2485585,0.05907416,1.149688,-0.1186692,7,33
55.2889,0.2544712,0.05880051,1.149739,-0.1177045,7,33
55.29373,0.2593002,0.05864909,1.150122,-0.1168768,7,33
55.29967,0.2652359,0.0584129,1.150238,-0.1159816,7,33
55.30452,0.2700833,0.0582052,1.150339,-0.1151943,7,33
55.30955,0.2751147,0.05798675,1.150444,-0.1143662,7,33
55.31532,0.2808879,0.05777225,1.151023,-0.1131514,7,33
55.32177,0.2873426,0.05788304,1.151196,-0.1136778,7,33
55.32682,0.2923923,0.05771491,1.151354,-0.1130059,7,33
55.3322,0.2977631,0.05750237,1.151552,-0.1121546,7,33
55.33897,0.3045367,0.05675778,1.152804,-0.1087089,7,33
55.344,0.3095658,0.05649454,1.153158,-0.1075637,7,33
55.35025,0.3158128,0.05609244,1.153609,-0.1063351,7,33
55.35542,0.3209828,0.05577188,1.15402,-0.105069,7,33
55.3605,0.3260701,0.0553428,1.154161,-0.1042484,7,33
55.36558,0.3311456,0.0548696,1.154224,-0.1031733,7,33
55.36985,0.33541,0.0545708,1.154454,-0.1022591,7,33
55.37535,0.3409184,0.05420655,1.154611,-0.1009785,7,33
55.38095,0.3465188,0.05398607,1.154679,-0.09960571,7,33
55.38643,0.3519915,0.053649,1.154894,-0.0983768,7,33
55.39156,0.3571213,0.05375448,1.154844,-0.09692694,7,33
55.39703,0.3625872,0.05368039,1.154861,-0.0955153,7,33
55.40216,0.3677186,0.05348572,1.154985,-0.09421715,7,33
55.40767,0.3732301,0.05332026,1.154785,-0.09258205,7,33
55.41255,0.3781123,0.05313383,1.15484,-0.091217,7,33
55.41853,0.38409,0.05293289,1.154903,-0.08974479,7,33
55.42408,0.3896443,0.05272786,1.154614,-0.08794765,7,33
55.42912,0.3946758,0.05275149,1.154505,-0.08776721,7,33
55.43487,0.4004304,0.05256695,1.154485,-0.08628955,7,33
55.4412,0.4067557,0.05219988,1.154532,-0.08313549,7,33
55.44585,0.4114129,0.0520297,1.154532,-0.08171639,7,33
55.45134,0.4169037,0.05187445,1.15447,-0.07952709,7,33
55.45761,0.4231656,0.05167953,1.154456,-0.0776741,7,33
55.46256,0.4281178,0.05170888,1.154152,-0.07605612,7,33
55.46817,0.4337342,0.05156652,1.154072,-0.07426128,7,33
55.474,0.4395548,0.05158169,1.153994,-0.07223969,7,33
55.47955,0.4451044,0.05165871,1.153962,-0.07061909,7,33
55.48513,0.4506904,0.05160912,1.153897,-0.06885163,7,33
55.49085,0.456407,0.05174851,1.153914,-0.06695696,7,33
55.4964,0.4619597,0.05171442,1.153833,-0.06525216,7,33
55.50255,0.4681064,0.05170645,1.153767,-0.06326458,7,33
55.50818,0.4737377,0.05167472,1.15374,-0.06138372,7,33
55.51301,0.4785691,0.05179874,1.153725,-0.05956396,7,33
55.51872,0.4842815,0.05182735,1.153681,-0.05777842,7,33
55.52427,0.4898252,0.05200676,1.15389,-0.05603014,7,33
55.52942,0.4949783,0.0521315,1.154097,-0.05431562,7,33
55.53477,0.5003315,0.05222376,1.15417,-0.05240353,7,33
55.54034,0.5059032,0.05244777,1.154382,-0.05081628,7,33
55.5462,0.5117589,0.05243064,1.154535,-0.04881376,7,33
55.55151,0.5170731,0.05252331,1.154658,-0.04690961,7,33
55.55723,0.5227928,0.05244287,1.154806,-0.04519887,7,33
55.56277,0.5283337,0.05246859,1.154971,-0.04340223,7,33
55.56839,0.53395,0.05251755,1.155109,-0.04159878,7,33
55.57381,0.5393673,0.05257715,1.155224,-0.03976959,7,33
55.57913,0.544691,0.05270206,1.155383,-0.03822017,7,33
55.5847,0.5502598,0.05278128,1.155532,-0.0364422,7,33
55.58919,0.5547445,0.05284969,1.155655,-0.03499883,7,33
55.59768,0.5632417,0.05308736,1.155965,-0.03209524,7,33
55.60341,0.5689693,0.05315941,1.156041,-0.03044723,7,33
55.6082,0.5737582,0.05328292,1.156023,-0.0290277,7,33
55.6147,0.5802635,0.05336664,1.155921,-0.02683553,7,33
55.62039,0.5859531,0.05346078,1.155974,-0.02525981,7,33
55.62559,0.5911551,0.0535626,1.156031,-0.02363721,7,33
55.63086,0.5964178,0.05367986,1.156095,-0.02185895,7,33
55.63737,0.6029298,0.05387738,1.15597,-0.02006147,7,33
55.64169,0.6072529,0.0539816,1.156,-0.01873095,7,33
55.6465,0.6120625,0.05388572,1.155897,-0.02068608,7,33
55.65207,0.6176321,0.05399712,1.155918,-0.01924321,7,33
55.6579,0.6234615,0.05430122,1.155813,-0.01509432,7,33
55.66323,0.6287955,0.05447162,1.155823,-0.01322854,7,33
55.66853,0.6340927,0.05462778,1.155828,-0.01135626,7,33
55.67387,0.6394288,0.05480899,1.155841,-0.009261213,7,33
55.68,0.6455586,0.05510771,1.155757,-0.008918274,7,33
55.68586,0.6514197,0.05532061,1.155746,-0.007207289,7,33
55.69116,0.656723,0.05561696,1.155568,-0.006101914,7,33
55.69638,0.6619447,0.05589808,1.155395,-0.005040988,7,33
55.70208,0.6676487,0.0561574,1.15531,-0.003572039,7,33
55.70749,0.6730533,0.05653987,1.155179,-0.002424754,7,33
55.71228,0.677849,0.05681649,1.155091,-0.001119819,7,33
55.71822,0.6837793,0.05722372,1.15503,-5.879626E-05,7,33
55.72351,0.6890764,0.05760775,1.154973,0.0009103864,7,33
55.72912,0.6946843,0.05795871,1.154932,0.001942873,7,33
55.73535,0.7009121,0.05837914,1.154852,0.003377791,7,33
55.74128,0.7068402,0.05873447,1.154779,0.004284121,7,33
55.74693,0.7124854,0.05909654,1.154711,0.005429026,7,33
55.75288,0.7184362,0.05942013,1.154518,0.006590847,7,33
55.75842,0.7239825,0.05970895,1.154406,0.007316511,7,33
55.76394,0.7294947,0.06000064,1.154225,0.008111153,7,33
55.77069,0.7362541,0.06055571,1.154083,0.009168342,7,33
55.77604,0.7415988,0.06086936,1.153984,0.009956762,7,33
55.78122,0.7467738,0.06120944,1.153877,0.01080404,7,33
55.78629,0.7518498,0.06154172,1.153774,0.01162442,7,33
55.79088,0.7564341,0.06187496,1.15367,0.01243992,7,33
55.79643,0.7619858,0.06240118,1.15364,0.01293502,7,33
55.80219,0.7677454,0.06281506,1.153532,0.01381518,7,33
55.80764,0.7731936,0.06225279,1.153539,0.01258043,7,33
55.81278,0.7783375,0.06295071,1.153239,0.01394524,7,33
55.81966,0.7852146,0.06340822,1.153071,0.01488018,7,33
55.82503,0.7905845,0.06367041,1.15299,0.01518119,7,33
55.83054,0.7960913,0.06385883,1.152936,0.01541634,7,33
55.83654,0.8020937,0.06416524,1.15283,0.01596498,7,33
55.84233,0.8078895,0.06409972,1.152693,0.01605044,7,33
55.84808,0.8136383,0.06433753,1.152575,0.01652015,7,33
55.85415,0.8197119,0.06390619,1.152324,0.0164586,7,33
55.86004,0.8256013,0.06398667,1.152197,0.01675957,7,33
55.86636,0.8319187,0.06408254,1.152047,0.01711463,7,33
55.87195,0.837508,0.0640333,1.151982,0.01693058,7,33
55.87637,0.8419263,0.06407667,1.1519,0.01707413,7,33
55.88092,0.8464819,0.0641254,1.15181,0.01723479,7,33
55.8861,0.8516598,0.06418295,1.151703,0.01742367,7,33
55.89209,0.8576512,0.06419411,1.151704,0.01721308,7,33
55.89761,0.8631736,0.06423935,1.151623,0.01732505,7,33
55.90345,0.8690154,0.06401825,1.151468,0.01714015,7,33
55.90888,0.8744401,0.06403156,1.151371,0.01722178,7,33
55.91411,0.8796737,0.06400614,1.150956,0.01708398,7,33
55.92067,0.8862308,0.06406347,1.150875,0.01696976,7,33
55.92635,0.891906,0.06408652,1.150743,0.01695901,7,33
55.9319,0.8974605,0.06407806,1.15071,0.01682958,7,33
55.93771,0.9032724,0.06409121,1.150617,0.01679537,7,33
55.94273,0.9082924,0.06396569,1.150507,0.01669977,7,33
55.94797,0.9135263,0.06389685,1.150382,0.01657788,7,33
55.95303,0.9185894,0.06386758,1.150269,0.01650851,7,33
55.95779,0.9233552,0.06389033,1.150321,0.01639612,7,33
55.96217,0.9277299,0.06387477,1.150254,0.01632741,7,33
55.96774,0.933299,0.06394631,1.150401,0.01615966,7,33
55.97308,0.9386415,0.06395811,1.150527,0.01593923,7,33
55.97834,0.9438973,0.06396123,1.150533,0.01582306,7,33
55.98414,0.9496957,0.06384064,1.150558,0.01571889,7,33
55.98945,0.9550057,0.06373522,1.15061,0.01557529,7,33
55.99405,0.9596044,0.06369442,1.15063,0.01545644,7,33
56.00084,0.966399,0.06360928,1.150851,0.01504494,7,33
56.00597,0.9715312,0.06353568,1.15105,0.01471482,7,33
56.01067,0.9762229,0.0634791,1.151146,0.01449428,7,33
56.01711,0.9826683,0.06343648,1.151241,0.01423154,7,33
56.02276,0.9883189,0.06338121,1.151496,0.01389028,7,33
56.02798,0.9935322,0.06332962,1.151627,0.01364145,7,33
56.03434,0.9998965,0.06320223,1.151872,0.01330299,7,33
56.04012,1.005678,0.06311508,1.151969,0.01301932,7,33
56.04605,1.011607,0.06303819,1.15212,0.01272879,7,33
56.05206,1.017614,0.06297649,1.152268,0.0122056,7,33
56.05878,1.024335,0.06295333,1.152408,0.01169854,7,33
56.06447,1.030026,0.06297667,1.15258,0.01126148,7,33
56.06971,1.035268,0.06294364,1.152715,0.01090949,7,33
56.07587,1.041426,0.06299878,1.153012,0.01033567,7,33
56.08214,1.047694,0.06294105,1.153186,0.009730808,7,33
56.08702,1.052581,0.06292064,1.153334,0.009337839,7,33
56.09259,1.058151,0.0628018,1.153407,0.008731864,7,33
56.0974,1.062952,0.06276816,1.15352,0.008358028,7,33
56.10402,1.069574,0.06261126,1.153725,0.007601764,7,33
56.10918,1.07473,0.0625537,1.153863,0.007129654,7,33
56.11426,1.079811,0.06259359,1.153965,0.006710265,7,33
56.11991,1.08546,0.06255271,1.15409,0.006272156,7,33
56.12552,1.091071,0.06240372,1.154481,0.004654471,7,33
56.13054,1.096086,0.06233697,1.154674,0.003910992,7,33
56.13628,1.101835,0.06216792,1.15485,0.002727602,7,33
56.14132,1.106866,0.06197973,1.154963,0.001770839,7,33
56.14664,1.112193,0.061857,1.155132,0.0007862896,7,33
56.15206,1.117612,0.06173411,1.155319,-0.0002052486,7,33
56.15771,1.123266,0.0615726,1.155442,-0.001406059,7,33
56.1631,1.128648,0.06142852,1.155593,-0.002708171,7,33
56.16851,1.13406,0.06130173,1.155749,-0.003779229,7,33
56.17399,1.139543,0.06109844,1.155936,-0.005291,7,33
56.17997,1.145517,0.06095251,1.156062,-0.006678127,7,33
56.18565,1.151206,0.06080854,1.156216,-0.007937457,7,33
56.19029,1.155844,0.06066615,1.156314,-0.009258617,7,33
56.1963,1.161847,0.06047954,1.156276,-0.01066883,7,33
56.20234,1.167884,0.06031391,1.156373,-0.01210586,7,33
56.20715,1.1727,0.06024906,1.15633,-0.01347407,7,33
56.21302,1.178572,0.06001273,1.156262,-0.01530547,7,33
56.2197,1.185252,0.05984461,1.156283,-0.01690395,7,33
56.22475,1.190298,0.0597252,1.156242,-0.0186251,7,33
56.23038,1.195929,0.05943498,1.15613,-0.02059964,7,33
56.23645,1.201997,0.05926032,1.156103,-0.02222174,7,33
56.24199,1.20754,0.0587994,1.15582,-0.02398346,7,33
56.24761,1.21316,0.05848756,1.155594,-0.0258684,7,33
56.25285,1.218399,0.05822106,1.155469,-0.02768182,7,33
56.26495,1.230499,0.05772414,1.154908,-0.03198016,7,33
56.26944,1.234988,0.05754888,1.154772,-0.03333348,7,33
56.27459,1.24014,0.05718189,1.15429,-0.03533939,7,33
56.28017,1.245726,0.05682219,1.1538,-0.03718925,7,33
56.28526,1.25081,0.05655766,1.15351,-0.03894392,7,33
56.29085,1.2564,0.05619886,1.152777,-0.04129577,7,33
56.29657,1.262118,0.05592464,1.152183,-0.04327112,7,33
56.30194,1.267494,0.05564659,1.151742,-0.04520756,7,33
56.30689,1.272446,0.05539828,1.151343,-0.04698014,7,33
56.3116,1.277156,0.05512735,1.150901,-0.04896449,7,33
56.31759,1.283146,0.0548995,1.150431,-0.05104541,7,33
56.32269,1.288247,0.05465559,1.150011,-0.05297387,7,33
56.32811,1.29366,0.0548978,1.150041,-0.05278444,7,33
56.33379,1.299344,0.05446303,1.149156,-0.05732251,7,33
56.33965,1.305204,0.05422311,1.148778,-0.06002948,7,33
56.34483,1.310388,0.05400289,1.148346,-0.06235112,7,33
56.35115,1.316707,0.0537414,1.148105,-0.0653263,7,33
56.35735,1.322909,0.05372237,1.147928,-0.06769983,7,33
56.36345,1.329008,0.05375866,1.147827,-0.07032446,7,33
56.36946,1.335017,0.05365631,1.14756,-0.07286435,7,33
56.37403,1.339583,0.05353984,1.14743,-0.07503568,7,33
56.37915,1.344711,0.0534628,1.147237,-0.07708512,7,33
56.38487,1.350424,0.05335232,1.147009,-0.07951517,7,33
56.39034,1.355893,0.0533212,1.146689,-0.08197549,7,33
56.39513,1.360679,0.05327151,1.1465,-0.08382137,7,33
56.40143,1.366981,0.05348431,1.14625,-0.08645816,7,33
56.40667,1.372225,0.0535946,1.145927,-0.08859709,7,33
56.41209,1.377641,0.05376052,1.145714,-0.09101157,7,33
56.41844,1.383995,0.05384279,1.145458,-0.0934402,7,33
56.42365,1.389204,0.0538652,1.145251,-0.09545408,7,33
56.42955,1.395104,0.0539159,1.144954,-0.09780537,7,33
56.43469,1.400242,0.05398634,1.144709,-0.1000489,7,33
56.44028,1.405835,0.05399334,1.14437,-0.1017866,7,33
56.44524,1.410796,0.05405084,1.14413,-0.1037306,7,33
56.45131,1.416867,0.05425473,1.143937,-0.1059995,7,33
56.45655,1.422101,0.05434055,1.143737,-0.1078043,7,33
56.46301,1.428566,0.05468428,1.143837,-0.1101958,7,33
56.46872,1.434277,0.05499717,1.143934,-0.1121443,7,33
56.47432,1.439879,0.05523064,1.143942,-0.1140813,7,33
56.48041,1.445963,0.0554896,1.143925,-0.115765,7,33
56.48565,1.451204,0.0556935,1.143867,-0.1175415,7,33
56.49058,1.456138,0.05598699,1.143863,-0.118934,7,33
56.4964,1.461952,0.05629818,1.143958,-0.1203111,7,33
56.50163,1.467189,0.05654647,1.14395,-0.1218931,7,33
56.50717,1.472723,0.05691347,1.144141,-0.1232446,7,33
56.51219,1.477748,0.05720348,1.144179,-0.1248167,7,33
56.51748,1.483038,0.0574755,1.144215,-0.1262608,7,33
56.52354,1.489096,0.05802761,1.144423,-0.127369,7,33
56.52894,1.494493,0.05836738,1.144488,-0.12882,7,33
56.53385,1.499401,0.05871676,1.144554,-0.1302869,7,33
56.53967,1.505217,0.05897775,1.144922,-0.1310099,7,33
56.54477,1.510319,0.05930298,1.145025,-0.132301,7,33
56.55016,1.515709,0.05919819,1.144881,-0.1296512,7,33
56.55554,1.52109,0.06042584,1.14526,-0.1316713,7,33
56.56074,1.526292,0.06087776,1.145394,-0.1327109,7,33
56.5662,1.531748,0.06162646,1.145664,-0.1331621,7,33
56.57129,1.536844,0.06220973,1.145847,-0.1342018,7,33
56.57685,1.542406,0.06276044,1.146019,-0.1351775,7,33
56.5821,1.547651,0.06331463,1.146192,-0.1361536,7,33
56.58892,1.554474,0.06329819,1.146546,-0.1338858,7,33
56.59528,0.0063537,0.06387531,1.146793,-0.1344995,8,34
56.60299,0.0140665,0.0653251,1.147659,-0.1348556,8,34
56.60809,0.019162,0.06609359,1.148139,-0.1346322,8,34
56.6135,0.0245777,0.06680086,1.148437,-0.1342906,8,34
56.619,0.0300772,0.06742001,1.148748,-0.1344069,8,34
56.62346,0.034537,0.06795826,1.149018,-0.1345076,8,34
56.62778,0.0388517,0.06849781,1.149288,-0.1346082,8,34
56.63368,0.0447586,0.06927578,1.149676,-0.1347525,8,34
56.63938,0.0504554,0.06980499,1.149796,-0.1338308,8,34
56.64373,0.0548106,0.07035257,1.15005,-0.1338121,8,34
56.65001,0.0610904,0.0701225,1.149913,-0.1329606,8,34
56.65523,0.0663049,0.07080247,1.150198,-0.1319524,8,34
56.66013,0.0712022,0.07125136,1.150401,-0.1317466,8,34
56.66627,0.0773494,0.07285219,1.151136,-0.1303365,8,34
56.67315,0.0842219,0.07394549,1.151696,-0.1291748,8,34
56.67983,0.090907,0.07480522,1.152101,-0.1284996,8,34
56.68602,0.0970985,0.0755405,1.15231,-0.1273834,8,34
56.69136,0.1024412,0.07630619,1.152588,-0.126429,8,34
56.69683,0.1079118,0.07695261,1.152908,-0.1256269,8,34
56.70248,0.1135575,0.07772341,1.15324,-0.1248197,8,34
56.70787,0.1189456,0.07829473,1.153517,-0.1238803,8,34
56.71296,0.124043,0.07881076,1.153866,-0.1228397,8,34
56.71844,0.1295222,0.07941302,1.154159,-0.122042,8,34
56.72379,0.1348752,0.07986528,1.154451,-0.1210856,8,34
56.72892,0.1399979,0.08025017,1.154622,-0.1199521,8,34
56.73474,0.1458207,0.08089482,1.154945,-0.1188401,8,34
56.7402,0.1512812,0.08142654,1.155214,-0.1179544,8,34
56.74585,0.1569401,0.08202076,1.15551,-0.1169472,8,34
56.75135,0.1624321,0.0825177,1.155828,-0.1155155,8,34
56.7571,0.1681878,0.08275726,1.156173,-0.1143141,8,34
56.76345,0.1745382,0.08310544,1.156539,-0.1129324,8,34
56.76896,0.1800472,0.08353571,1.156849,-0.1118065,8,34
56.77473,0.1858173,0.08377553,1.157226,-0.1103993,8,34
56.78138,0.1924682,0.08405023,1.157591,-0.1091119,8,34
56.78709,0.1981716,0.08438972,1.157905,-0.1079747,8,34
56.79312,0.2042065,0.08467539,1.157995,-0.106142,8,34
56.79979,0.2108689,0.08494059,1.158355,-0.1046015,8,34
56.80562,0.2166999,0.08526408,1.158651,-0.1032264,8,34
56.81096,0.2220357,0.08539923,1.158741,-0.1017613,8,34
56.81677,0.227848,0.08557576,1.158671,-0.1002535,8,34
56.82203,0.2331044,0.08583832,1.158632,-0.0987584,8,34
56.82673,0.2378025,0.08606376,1.158732,-0.09753466,8,34
56.83225,0.2433303,0.08631503,1.158742,-0.09582034,8,34
56.8378,0.248875,0.08655939,1.158826,-0.0944486,8,34
56.84251,0.2535832,0.0867855,1.158901,-0.09320071,8,34
56.84699,0.2580638,0.08700614,1.158973,-0.09200199,8,34
56.8535,0.26457,0.08742273,1.158975,-0.08989979,8,34
56.85941,0.2704855,0.0871832,1.1589,-0.08987282,8,34
56.86501,0.2760863,0.08740556,1.158952,-0.08850341,8,34
56.87075,0.2818283,0.08763429,1.158783,-0.08485198,8,34
56.87607,0.287147,0.08782305,1.158786,-0.08337303,8,34
56.88239,0.2934633,0.08809023,1.158786,-0.08133516,8,34
56.88765,0.298729,0.08755491,1.158695,-0.08172411,8,34
56.89207,0.3031446,0.08763376,1.158612,-0.07865281,8,34
56.89796,0.3090308,0.08775964,1.158581,-0.07678294,8,34
56.90371,0.3147813,0.08791117,1.158613,-0.07502756,8,34
56.90855,0.3196271,0.08771957,1.158384,-0.07350612,8,34
56.9198,0.3308721,0.08768965,1.158146,-0.06990769,8,34
56.92929,0.3403722,0.08782342,1.157959,-0.06713243,8,34
56.93488,0.3459625,0.08788235,1.157859,-0.06531838,8,34
56.94062,0.3517043,0.08789384,1.157816,-0.06366383,8,34
56.9472,0.3582788,0.08796186,1.157712,-0.06160996,8,34
56.95298,0.36406,0.08795994,1.157767,-0.0617976,8,34
56.95867,0.3697481,0.08801837,1.157517,-0.05857147,8,34
56.96425,0.3753283,0.08807721,1.157404,-0.05670059,8,34
56.96984,0.3809155,0.08809051,1.157248,-0.05461439,8,34
56.97488,0.3859622,0.0881339,1.157201,-0.05300353,8,34
56.9808,0.3918735,0.08822189,1.157248,-0.05151895,8,34
56.98636,0.3974397,0.08829182,1.157178,-0.04972127,8,34
56.99161,0.4026895,0.08844843,1.157174,-0.04813117,8,34
56.99772,0.4087986,0.08841762,1.157105,-0.04662699,8,34
57.00303,0.4141114,0.08848103,1.157046,-0.04501281,8,34
57.00879,0.4198712,0.0884503,1.15701,-0.04341795,8,34
57.0139,0.4249827,0.0885188,1.156907,-0.04166789,8,34
57.02049,0.4315712,0.08857757,1.156838,-0.03996298,8,34
57.02571,0.4367851,0.088572,1.15679,-0.03835435,8,34
57.03068,0.44176,0.08872001,1.156862,-0.03667829,8,34
57.03653,0.4476036,0.08879407,1.156838,-0.03506768,8,34
57.04166,0.4527433,0.08877523,1.15696,-0.03366863,8,34
57.04655,0.4576251,0.08882939,1.156968,-0.03223007,8,34
57.05202,0.463102,0.08890288,1.15698,-0.03043048,8,34
57.05773,0.4688053,0.08872996,1.157026,-0.02915324,8,34
57.06237,0.4734527,0.08875784,1.15704,-0.02780344,8,34
57.06841,0.4794913,0.08879968,1.15706,-0.02605002,8,34
57.07331,0.4843908,0.0888409,1.157078,-0.02453706,8,34
57.0784,0.4894759,0.08857162,1.157089,-0.0257543,8,34
57.08416,0.4952412,0.08858134,1.157108,-0.02437615,8,34
57.08914,0.5002176,0.08859318,1.157125,-0.02322397,8,34
57.09409,0.5051735,0.08847074,1.157302,-0.02206016,8,34
57.09997,0.5110527,0.08847094,1.157339,-0.02078526,8,34
57.10469,0.5157734,0.08847437,1.157372,-0.0196797,8,34
57.10942,0.5204964,0.08848096,1.157407,-0.0185553,8,34
57.11507,0.5261489,0.08794116,1.157543,-0.01682264,8,34
57.12099,0.5320644,0.08772631,1.15761,-0.01408852,8,34
57.12607,0.5371453,0.08763558,1.157659,-0.01252803,8,34
57.13095,0.5420272,0.08753938,1.157715,-0.0107819,8,34
57.13605,0.5471274,0.08742485,1.157572,-0.009805564,8,34
57.14103,0.5521096,0.0874962,1.157419,-0.008856457,8,34
57.14708,0.5581529,0.08742932,1.157395,-0.007181685,8,34
57.15208,0.5631571,0.08746026,1.157327,-0.006167054,8,34
57.15731,0.5683876,0.08745446,1.157107,-0.00524402,8,34
57.1622,0.5732828,0.08750339,1.157062,-0.004408702,8,34
57.16777,0.5788513,0.08749446,1.156992,-0.003149305,8,34
57.17297,0.5840427,0.0874921,1.156703,-0.001899883,8,34
57.17808,0.5891595,0.08748958,1.156601,-0.0008379146,8,34
57.1842,0.595276,0.08762366,1.156461,0.0003305674,8,34
57.19024,0.6013148,0.087763,1.156336,0.001316287,8,34
57.1958,0.6068748,0.08784678,1.156194,0.002407636,8,34
57.20277,0.6138446,0.08792049,1.156056,0.003643304,8,34
57.20757,0.6186444,0.0879794,1.155952,0.004585639,8,34
57.21333,0.6244032,0.08810386,1.155752,0.005470555,8,34
57.22044,0.6315219,0.08820056,1.155596,0.006686721,8,34
57.22632,0.6374005,0.08826081,1.155607,0.006272104,8,34
57.23296,0.6440404,0.08836081,1.155466,0.007310383,8,34
57.23896,0.6500426,0.08881145,1.155256,0.008781452,8,34
57.24434,0.6554225,0.08896387,1.155131,0.009684339,8,34
57.24984,0.6609239,0.08918244,1.15506,0.01021224,8,34
57.25503,0.6661112,0.08927571,1.154949,0.0108166,8,34
57.26045,0.6715317,0.08940615,1.154851,0.0114766,8,34
57.26636,0.6774371,0.08955587,1.154761,0.01192122,8,34
57.2716,0.6826838,0.08968315,1.154671,0.01234984,8,34
57.27674,0.6878251,0.08980373,1.154587,0.01285895,8,34
57.28256,0.6936423,0.08993956,1.154585,0.01321103,8,34
57.28812,0.699201,0.09008179,1.154509,0.01375184,8,34
57.29305,0.7041305,0.09014577,1.154499,0.01397695,8,34
57.29963,0.7107157,0.09022087,1.154414,0.01431004,8,34
57.30535,0.7164298,0.09025113,1.154323,0.01465677,8,34
57.31114,0.7222201,0.0903578,1.154238,0.01513526,8,34
57.31854,0.7296262,0.0903843,1.154135,0.01543263,8,34
57.32364,0.7347231,0.09036601,1.154085,0.01554704,8,34
57.32895,0.74003,0.09036326,1.154029,0.01567947,8,34
57.335,0.7460853,0.09040857,1.153949,0.01599476,8,34
57.34025,0.7513398,0.09044126,1.153892,0.0162193,8,34
57.34615,0.7572335,0.09041908,1.153765,0.01634393,8,34
57.35265,0.7637344,0.09044253,1.153583,0.01649714,8,34
57.35796,0.7690456,0.09048965,1.153455,0.01654454,8,34
57.36337,0.7744627,0.09060896,1.15339,0.01658588,8,34
57.369,0.7800843,0.09066408,1.153293,0.01672899,8,34
57.37493,0.78602,0.09081946,1.153208,0.01672403,8,34
57.38107,0.7921591,0.09087861,1.153103,0.01668936,8,34
57.38607,0.7971596,0.09093526,1.153029,0.01674373,8,34
57.39117,0.8022633,0.09095319,1.152956,0.0166679,8,34
57.39852,0.8096048,0.09096003,1.152897,0.01661666,8,34
57.40371,0.8147933,0.09099936,1.152827,0.01662724,8,34
57.40819,0.8192779,0.09096729,1.152837,0.01653753,8,34
57.41297,0.8240548,0.09095189,1.152866,0.01639407,8,34
57.41826,0.8293471,0.09096555,1.152835,0.01635435,8,34
57.42402,0.8351084,0.09091558,1.152864,0.0161174,8,34
57.42888,0.83997,0.09091553,1.152846,0.0160371,8,34
57.43423,0.845319,0.09087437,1.152905,0.01575428,8,34
57.44007,0.8511577,0.09084225,1.152986,0.01551787,8,34
57.44561,0.8566965,0.09080697,1.153129,0.01528427,8,34
57.45038,0.8614721,0.09078795,1.153178,0.01511649,8,34
57.45555,0.8666422,0.09081049,1.153319,0.01486942,8,34
57.45973,0.8708194,0.09080297,1.153377,0.01471609,8,34
57.46538,0.8764735,0.09075143,1.153482,0.01441113,8,34
57.47037,0.8814636,0.09072591,1.153589,0.01401745,8,34
57.47599,0.8870863,0.09070649,1.153671,0.01376913,8,34
57.48135,0.8924382,0.09063825,1.153787,0.01330669,8,34
57.48679,0.8978855,0.09061486,1.15388,0.01291911,8,34
57.49187,0.9029615,0.09058421,1.153976,0.01257364,8,34
57.4981,0.9091926,0.09065416,1.154142,0.01212083,8,34
57.50454,0.9156291,0.09073302,1.154343,0.01162005,8,34
57.50986,0.9209505,0.09075031,1.154471,0.01123858,8,34
57.51632,0.9274125,0.09070981,1.154636,0.01057327,8,34
57.52229,0.9333797,0.09067741,1.154759,0.009991676,8,34
57.52826,0.9393591,0.09067167,1.154898,0.009481244,8,34
57.53431,0.9454086,0.09059246,1.15503,0.008839577,8,34
57.54045,0.951546,0.09046752,1.155128,0.008211747,8,34
57.54589,0.9569821,0.09038081,1.155201,0.00756349,8,34
57.55085,0.9619406,0.09032626,1.155303,0.007023498,8,34
57.55597,0.967064,0.09027417,1.15543,0.006442409,8,34
57.5612,0.9722947,0.09022024,1.155538,0.005886726,8,34
57.56675,0.9778504,0.09018402,1.15561,0.004963338,8,34
57.57616,0.9872561,0.0899682,1.155815,0.003626958,8,34
57.5822,0.9932994,0.08994694,1.155933,0.002761453,8,34
57.5869,0.9979976,0.08989283,1.156026,0.002131622,8,34
57.59211,1.00321,0.08988646,1.156141,0.001325559,8,34
57.5993,1.010396,0.08997056,1.15646,0.0001053512,8,34
57.6043,1.015396,0.08995778,1.156594,-0.0006256066,8,34
57.60915,1.020245,0.08994611,1.156724,-0.001349635,8,34
57.61565,1.026745,0.09000364,1.157159,-0.002892159,8,34
57.62165,1.032746,0.089979,1.15713,-0.003164515,8,34
57.62729,1.038379,0.08997473,1.157289,-0.0039948,8,34
57.63332,1.044413,0.08991627,1.157724,-0.006297387,8,34
57.63914,1.050236,0.08983716,1.157839,-0.007598799,8,34
57.64441,1.055506,0.08980847,1.158015,-0.008712262,8,34
57.65024,1.06133,0.08977783,1.158211,-0.009962443,8,34
57.65633,1.067423,0.08966861,1.158453,-0.01167463,8,34
57.66236,1.073449,0.0895956,1.158354,-0.01186766,8,34
57.6675,1.07859,0.08955302,1.158483,-0.01283628,8,34
57.67308,1.084167,0.0893859,1.158575,-0.0154139,8,34
57.67941,1.090497,0.08914298,1.158536,-0.01694524,8,34
57.68488,1.095967,0.08902788,1.158614,-0.01834571,8,34
57.69134,1.10243,0.08882186,1.158492,-0.02006893,8,34
57.69731,1.1084,0.08874758,1.158384,-0.02138647,8,34
57.70315,1.114245,0.08862919,1.158378,-0.02283778,8,34
57.70818,1.119275,0.08859193,1.158257,-0.02410349,8,34
57.71315,1.124246,0.08849128,1.15815,-0.02559341,8,34
57.71886,1.129954,0.08840006,1.158102,-0.0269317,8,34
57.724,1.135091,0.08826617,1.158,-0.0283241,8,34
57.72874,1.139829,0.08817614,1.157946,-0.02955776,8,34
57.7341,1.145188,0.08805267,1.157697,-0.031017,8,34
57.74012,1.151206,0.0879476,1.157596,-0.03244671,8,34
57.74502,1.156112,0.08784642,1.15753,-0.03402223,8,34
57.75054,1.161629,0.08764341,1.157428,-0.0356397,8,34
57.75618,1.167275,0.08756922,1.157405,-0.03708849,8,34
57.76086,1.171955,0.0874784,1.157343,-0.03834265,8,34
57.76744,1.178532,0.08735332,1.157256,-0.04013467,8,34
57.77263,1.183725,0.08719114,1.157431,-0.04194701,8,34
57.77758,1.188676,0.08683511,1.157228,-0.04329534,8,34
57.78353,1.194623,0.08666258,1.15717,-0.04498452,8,34
57.78877,1.19986,0.08617938,1.157287,-0.04707009,8,34
57.79343,1.204524,0.08597432,1.157271,-0.04865395,8,34
57.79987,1.210954,0.0857309,1.157416,-0.04880673,8,34
57.80513,1.216216,0.08551615,1.157423,-0.05021077,8,34
57.81006,1.221148,0.08496321,1.157761,-0.05367426,8,34
57.81604,1.227132,0.08462682,1.157856,-0.05588579,8,34
57.82161,1.232693,0.0841223,1.158026,-0.05800434,8,34
57.82729,1.238378,0.08377995,1.158132,-0.06007167,8,34
57.83282,1.243909,0.08333808,1.158135,-0.06191728,8,34
57.83801,1.249102,0.08342935,1.158016,-0.06132029,8,34
57.8433,1.254388,0.0831604,1.158064,-0.06282388,8,34
57.84928,1.260365,0.08258168,1.158158,-0.06625517,8,34
57.85443,1.265516,0.08218361,1.158164,-0.06830417,8,34
57.86049,1.271578,0.08182742,1.15821,-0.07032496,8,34
57.86662,1.277704,0.08145329,1.158133,-0.07222267,8,34
57.87141,1.282502,0.08120587,1.158046,-0.07377307,8,34
57.87739,1.28848,0.08087839,1.158033,-0.07566515,8,34
57.88255,1.293635,0.08058365,1.15802,-0.07739409,8,34
57.88798,1.299067,0.08047336,1.157676,-0.07857578,8,34
57.89352,1.30461,0.08017258,1.15758,-0.08047222,8,34
57.90047,1.311562,0.0799422,1.157445,-0.08241819,8,34
57.90606,1.31715,0.07969235,1.157349,-0.08413982,8,34
57.91008,1.321172,0.07941059,1.157276,-0.08526197,8,34
57.9159,1.326989,0.07900259,1.157058,-0.08717786,8,34
57.92089,1.331985,0.07877076,1.156961,-0.08852711,8,34
57.92597,1.337062,0.07850508,1.15685,-0.09008992,8,34
57.93246,1.343547,0.0781558,1.156701,-0.09217244,8,34
57.93853,1.349619,0.07824441,1.156444,-0.09187868,8,34
57.94366,1.354747,0.07803987,1.156317,-0.09312716,8,34
57.94934,1.360435,0.07781127,1.156174,-0.09453902,8,34
57.95436,1.365453,0.07725986,1.15537,-0.09772868,8,34
57.96013,1.371224,0.07699163,1.155106,-0.09934244,8,34
57.96635,1.377437,0.07662636,1.154595,-0.1008072,8,34
57.9708,1.381888,0.0763758,1.154161,-0.1018238,8,34
57.97537,1.38646,0.07615765,1.153889,-0.1029489,8,34
57.98066,1.391747,0.07590275,1.153389,-0.1040459,8,34
57.98685,1.397937,0.07558781,1.152946,-0.105618,8,34
57.99224,1.403324,0.07535055,1.152359,-0.1067623,8,34
57.99837,1.409462,0.07506483,1.1519,-0.1081915,8,34
58.00432,1.415409,0.07473673,1.151233,-0.109056,8,34
58.00957,1.420655,0.07447479,1.150782,-0.1102181,8,34
58.01597,1.42706,0.07390582,1.150021,-0.1114697,8,34
58.02097,1.43206,0.07363816,1.149603,-0.1124271,8,34
58.02662,1.437709,0.07331312,1.148765,-0.1132206,8,34
58.03191,1.443002,0.07295689,1.148134,-0.1144195,8,34
58.03817,1.449262,0.0726224,1.147758,-0.1150843,8,34
58.04278,1.453866,0.07235953,1.147318,-0.1159115,8,34
58.04817,1.45926,0.07212963,1.14682,-0.1166261,8,34
58.05311,1.464198,0.07185221,1.146331,-0.1175047,8,34
58.05989,1.470977,0.07150982,1.145742,-0.1183306,8,34
58.06666,0.006772,0.07102454,1.145087,-0.1192355,4,35
58.07178,0.011892,0.07064801,1.144636,-0.1200081,4,35
58.07704,0.0171579,0.07035107,1.144195,-0.1207392,4,35
58.08328,0.0233962,0.0698486,1.143573,-0.1213365,4,35
58.08871,0.0288333,0.06964216,1.143251,-0.1219026,4,35
58.09293,0.0330522,0.06937006,1.142863,-0.1224981,4,35
58.09879,0.0389106,0.06909816,1.142518,-0.123041,4,35
58.10305,0.0431643,0.06885418,1.14218,-0.1235685,4,35
58.10833,0.048452,0.06848829,1.141777,-0.1241038,4,35
58.1137,0.0538231,0.06814323,1.141129,-0.1245295,4,35
58.11924,0.0593575,0.06784379,1.140693,-0.1250688,4,35
58.12463,0.0647467,0.0674978,1.140235,-0.1252695,4,35
58.13028,0.0704012,0.06712746,1.139711,-0.1258337,4,35
58.13698,0.0770943,0.06676453,1.139402,-0.1260335,4,35
58.14139,0.0815097,0.06644302,1.139293,-0.1263161,4,35
58.14618,0.0863026,0.06613408,1.13893,-0.1265762,4,35
58.15202,0.0921356,0.06573521,1.13849,-0.1270304,4,35
58.15912,0.0992437,0.06541991,1.137966,-0.1270204,4,35
58.16609,0.1062114,0.06516229,1.137672,-0.1271464,4,35
58.17128,0.1114033,0.06487938,1.137395,-0.1270244,4,35
58.17628,0.1164026,0.06465118,1.137134,-0.1271368,4,35
58.18233,0.1224501,0.06429219,1.136953,-0.1270407,4,35
58.18715,0.1272693,0.06403024,1.136703,-0.1271136,4,35
58.19151,0.1316334,0.06377142,1.136456,-0.127187,4,35
58.19758,0.1377009,0.06351528,1.136421,-0.127202,4,35
58.20245,0.1425727,0.06327011,1.136221,-0.1272636,4,35
58.20806,0.1481789,0.0634542,1.136474,-0.1266393,4,35
58.21407,0.1541833,0.06287771,1.136063,-0.1259708,4,35
58.22292,0.1630384,0.06243907,1.135688,-0.1252539,4,35
58.2278,0.167916,0.06217086,1.13548,-0.1249865,4,35
58.23405,0.1741645,0.06189268,1.135288,-0.1242154,4,35
58.23988,0.179996,0.0618438,1.135249,-0.1236132,4,35
58.24518,0.1853003,0.0616208,1.135079,-0.1231766,4,35
58.25042,0.1905435,0.06161237,1.13512,-0.1224062,4,35
58.25593,0.1960486,0.06159836,1.135191,-0.121715,4,35
58.2611,0.2012195,0.06146558,1.135116,-0.1211755,4,35
58.26682,0.2069358,0.06137432,1.1351,-0.1201787,4,35
58.27258,0.2127038,0.06115979,1.134969,-0.1190056,4,35
58.27862,0.2187389,0.06101366,1.134888,-0.1182327,4,35
58.28418,0.224301,0.06069269,1.134995,-0.1171375,4,35
58.2896,0.2297273,0.06059777,1.135064,-0.1160337,4,35
58.29458,0.2347061,0.06044158,1.135051,-0.1151499,4,35
58.30025,0.240371,0.06029049,1.135037,-0.1142897,4,35
58.30547,0.2455905,0.0603116,1.135089,-0.1129741,4,35
58.31099,0.2511117,0.06017647,1.135084,-0.1119047,4,35
58.31589,0.2560155,0.06007564,1.135079,-0.1110989,4,35
58.32186,0.2619845,0.05998878,1.13503,-0.1105136,4,35
58.3267,0.2668249,0.05988551,1.13502,-0.1096953,4,35
58.33241,0.2725365,0.05955058,1.135064,-0.1077168,4,35
58.33792,0.2780427,0.05925523,1.135143,-0.1047767,4,35
58.34315,0.2832807,0.05907562,1.135161,-0.1032461,4,35
58.34904,0.2891722,0.0589736,1.135121,-0.1010604,4,35
58.35435,0.2944759,0.05888201,1.13504,-0.09917019,4,35
58.35983,0.2999527,0.05875938,1.135021,-0.09762552,4,35
58.36579,0.3059174,0.05856835,1.134993,-0.09570517,4,35
58.37051,0.3106341,0.05843375,1.134972,-0.0940661,4,35
58.37578,0.3159049,0.05823734,1.134752,-0.09234852,4,35
58.38143,0.3215538,0.05819378,1.134532,-0.09029756,4,35
58.38631,0.3264333,0.05808543,1.134446,-0.088695,4,35
58.39154,0.3316682,0.0581375,1.134466,-0.08669513,4,35
58.398,0.3381259,0.05805291,1.13439,-0.08466971,4,35
58.40397,0.344097,0.05797397,1.134316,-0.08265093,4,35
58.40939,0.3495166,0.05820401,1.134219,-0.08060335,4,35
58.41488,0.3550026,0.058186,1.134132,-0.07828718,4,35
58.42072,0.3608485,0.05812577,1.133996,-0.07842664,4,35
58.42523,0.3653564,0.05810995,1.13393,-0.07708772,4,35
58.43058,0.3707121,0.0580664,1.133423,-0.07213712,4,35
58.43605,0.3761821,0.05805805,1.133286,-0.07020438,4,35
58.44073,0.3808631,0.05805552,1.133147,-0.06824881,4,35
58.44678,0.3869064,0.0583972,1.133019,-0.06646143,4,35
58.4525,0.39263,0.05847556,1.132833,-0.0637624,4,35
58.45762,0.3977509,0.0586048,1.132561,-0.06168142,4,35
58.4635,0.4036278,0.05871566,1.132335,-0.05920871,4,35
58.46882,0.4089521,0.05881802,1.132141,-0.05690964,4,35
58.47399,0.4141158,0.05883485,1.132028,-0.05501446,4,35
58.48067,0.4208032,0.05895038,1.132077,-0.05298605,4,35
58.48555,0.4256777,0.0590414,1.131975,-0.05110373,4,35
58.49056,0.4306868,0.05902233,1.131845,-0.04908954,4,35
58.49632,0.4364517,0.05910376,1.131734,-0.04707798,4,35
58.50234,0.4424729,0.05898426,1.131685,-0.04486707,4,35
58.508,0.4481354,0.05884352,1.13161,-0.04298031,4,35
58.51345,0.4535806,0.05887191,1.13152,-0.04094175,4,35
58.51867,0.4587975,0.05888898,1.131441,-0.03915998,4,35
58.5242,0.4643345,0.05898948,1.131406,-0.03736481,4,35
58.52929,0.4694234,0.05903477,1.131336,-0.03552383,4,35
58.53493,0.4750567,0.05906623,1.131323,-0.03352489,4,35
58.54063,0.4807609,0.05909909,1.131371,-0.0318837,4,35
58.54569,0.485822,0.05914631,1.13134,-0.03014859,4,35
58.55138,0.4915046,0.05907955,1.131407,-0.02802149,4,35
58.55695,0.4970809,0.05910906,1.131397,-0.02634318,4,35
58.56258,0.5027077,0.05892083,1.131308,-0.02465113,4,35
58.56785,0.5079794,0.05890639,1.131282,-0.02293316,4,35
58.57384,0.5139694,0.0588856,1.131194,-0.02093481,4,35
58.57959,0.5197212,0.05894401,1.131249,-0.01941905,4,35
58.58533,0.525457,0.05895515,1.131235,-0.01760327,4,35
58.59085,0.5309817,0.05908823,1.131371,-0.01602389,4,35
58.59631,0.536442,0.05900593,1.131229,-0.01439353,4,35
58.60244,0.5425686,0.05902033,1.13121,-0.01248998,4,35
58.60796,0.5480914,0.05883609,1.131152,-0.0108122,4,35
58.61292,0.5530444,0.05880909,1.131131,-0.009137526,4,35
58.61853,0.5586588,0.0587873,1.131115,-0.007524207,4,35
58.62357,0.5636954,0.0587705,1.131103,-0.005997103,4,35
58.62934,0.5694689,0.0585319,1.131225,-0.006599292,4,35
58.63473,0.5748605,0.05847082,1.131229,-0.005178578,4,35
58.64057,0.5807049,0.05841791,1.131235,-0.003877193,4,35
58.64699,0.5871222,0.05819513,1.131365,-0.0006996617,4,35
58.65322,0.5933551,0.05809234,1.131406,0.001255982,4,35
58.6591,0.5992323,0.05802944,1.131375,0.002417494,4,35
58.66502,0.6051568,0.0580527,1.131336,0.003732514,4,35
58.67035,0.6104875,0.05799996,1.131346,0.005206499,4,35
58.67599,0.6161205,0.05816682,1.131343,0.006142188,4,35
58.68135,0.6214846,0.05840956,1.131292,0.007218201,4,35
58.68682,0.6269533,0.05846603,1.131287,0.008462504,4,35
58.69218,0.632309,0.05876581,1.131287,0.00948349,4,35
58.69771,0.6378436,0.05883206,1.131127,0.01047492,4,35
58.70262,0.642754,0.05892247,1.131091,0.01150284,4,35
58.70747,0.6476038,0.05904945,1.130872,0.01245211,4,35
58.71181,0.651947,0.05919932,1.130772,0.01329722,4,35
58.7174,0.6575285,0.05931839,1.130687,0.01432511,4,35
58.72261,0.662748,0.05952729,1.130727,0.01509498,4,35
58.72758,0.6677197,0.05966739,1.130674,0.01604936,4,35
58.73341,0.6735406,0.05992731,1.130623,0.0168784,4,35
58.73931,0.6794455,0.06002314,1.13063,0.01755909,4,35
58.74426,0.6843927,0.06016129,1.130596,0.01835493,4,35
58.75015,0.6902871,0.06032851,1.130557,0.01930855,4,35
58.75573,0.6958605,0.06046871,1.130259,0.02012498,4,35
58.76099,0.701124,0.06060253,1.130188,0.02088019,4,35
58.76642,0.7065557,0.06064722,1.130278,0.02027865,4,35
58.77109,0.7112205,0.06086114,1.130129,0.02133224,4,35
58.77571,0.715839,0.06098248,1.130067,0.02191357,4,35
58.78159,0.7217205,0.06118953,1.13008,0.02244366,4,35
58.78651,0.726638,0.06134368,1.130029,0.02307386,4,35
58.79192,0.7320507,0.06141064,1.129949,0.02342698,4,35
58.79832,0.7384567,0.0614199,1.129789,0.02382305,4,35
58.80385,0.7439805,0.06153338,1.129703,0.02438546,4,35
58.80822,0.7483552,0.06156005,1.129526,0.0245683,4,35
58.81347,0.7535983,0.06168022,1.129386,0.02484405,4,35
58.81878,0.7589152,0.06177163,1.129284,0.02522809,4,35
58.82394,0.7640716,0.0618939,1.129186,0.02536792,4,35
58.82967,0.7698057,0.06200873,1.129068,0.02575468,4,35
58.83535,0.7754838,0.06215468,1.128936,0.02593078,4,35
58.84085,0.7809803,0.06222127,1.128737,0.02605539,4,35
58.846,0.7861292,0.06220927,1.128498,0.02619387,4,35
58.85189,0.7920229,0.06229874,1.128302,0.02648464,4,35
58.86057,0.8006998,0.06230165,1.128028,0.02663405,4,35
58.86594,0.8060661,0.06235389,1.127861,0.02682996,4,35
58.87088,0.8110109,0.0624083,1.127688,0.02703248,4,35
58.87589,0.8160172,0.06239861,1.127666,0.02687605,4,35
58.88199,0.8221179,0.06242358,1.127858,0.02650999,4,35
58.88737,0.8275011,0.06246418,1.127761,0.02657797,4,35
58.89242,0.8325488,0.0624589,1.127633,0.02643953,4,35
58.89923,0.8393617,0.06235242,1.12749,0.02633355,4,35
58.90452,0.8446535,0.0623155,1.127449,0.02621311,4,35
58.90977,0.8499072,0.06230452,1.12736,0.02617716,4,35
58.91602,0.8561473,0.0622924,1.12735,0.02591745,4,35
58.92196,0.8620858,0.06228146,1.127282,0.02583234,4,35
58.9275,0.86763,0.06227009,1.127211,0.0257442,4,35
58.93404,0.8741707,0.06222582,1.127335,0.0250578,4,35
58.94042,0.8805519,0.06220726,1.127302,0.02484881,4,35
58.94591,0.8860391,0.06211558,1.127284,0.02424833,4,35
58.95194,0.8920748,0.06207376,1.12725,0.02390609,4,35
58.95684,0.8969746,0.06203755,1.127315,0.02349995,4,35
58.9622,0.9023336,0.062012,1.127441,0.02298749,4,35
58.96701,0.9071495,0.06198236,1.127467,0.02265309,4,35
58.97181,0.9119487,0.06205936,1.127565,0.02195229,4,35
58.97668,0.9168139,0.06205508,1.127602,0.02158435,4,35
58.98256,0.9226972,0.06199934,1.127685,0.02085634,4,35
58.98841,0.9285472,0.06188326,1.127897,0.01992163,4,35
58.99379,0.9339215,0.06183932,1.127998,0.01926515,4,35
59.00008,0.9402163,0.06144261,1.127966,0.01849593,4,35
59.00569,0.9458243,0.06128446,1.128049,0.01756892,4,35
59.01016,0.9502997,0.06117855,1.128106,0.01698029,4,35
59.01675,0.9568822,0.06113809,1.128375,0.01557717,4,35
59.02246,0.9625965,0.06111581,1.128629,0.01431349,4,35
59.02689,0.9670246,0.06105193,1.128748,0.0135556,4,35
59.03294,0.9730796,0.06093705,1.128925,0.01216445,4,35
59.03872,0.97886,0.06075248,1.12908,0.01081119,4,35
59.04379,0.9839269,0.06065433,1.129219,0.009797927,4,35
59.04964,0.9897818,0.06045558,1.129353,0.00823053,4,35
59.05536,0.9954983,0.06022181,1.129565,0.006588172,4,35
59.06105,1.00119,0.06008515,1.129712,0.005387422,4,35
59.06612,1.006257,0.06001786,1.129928,0.003833704,4,35
59.07115,1.011285,0.05988559,1.130079,0.002181254,4,35
59.07722,1.017362,0.059757,1.130249,0.0006984733,4,35
59.08311,1.023251,0.05957375,1.130389,-0.00113954,4,35
59.08789,1.028032,0.05945861,1.130525,-0.002468564,4,35
59.09305,1.03319,0.05924361,1.130602,-0.004332416,4,35
59.0996,1.039739,0.05899631,1.130702,-0.006340019,4,35
59.1048,1.044934,0.05880566,1.130649,-0.008147508,4,35
59.10984,1.049975,0.05865182,1.130721,-0.0097077,4,35
59.1164,1.056535,0.05854861,1.13079,-0.01228602,4,35
59.122,1.062133,0.05842096,1.130858,-0.01399426,4,35
59.12756,1.067691,0.05829014,1.130929,-0.01583092,4,35
59.13309,1.073231,0.05815677,1.131005,-0.01780777,4,35
59.13889,1.079022,0.05818592,1.13122,-0.02006738,4,35
59.14373,1.083868,0.05811109,1.131297,-0.02168969,4,35
59.14841,1.088551,0.05804243,1.131373,-0.02330279,4,35
59.15386,1.093993,0.05817679,1.131704,-0.02206197,4,35
59.15994,1.100076,0.05772931,1.132349,-0.02880049,4,35
59.16549,1.105627,0.05745845,1.132443,-0.03207422,4,35
59.17037,1.1105,0.05728307,1.132518,-0.03468542,4,35
59.17575,1.115881,0.05713997,1.132654,-0.03713708,4,35
59.18133,1.121463,0.05700171,1.132717,-0.03951491,4,35
59.18641,1.126542,0.05687005,1.132829,-0.04195643,4,35
59.1916,1.131728,0.05681315,1.132907,-0.04441187,4,35
59.19799,1.138119,0.05669708,1.133015,-0.0471814,4,35
59.20335,1.143477,0.05669562,1.13301,-0.04948258,4,35
59.20839,1.148518,0.05688797,1.133083,-0.05179702,4,35
59.21409,1.154223,0.05698615,1.133162,-0.05501315,4,35
59.22095,1.16108,0.05704401,1.1332,-0.05815385,4,35
59.22526,1.16539,0.0570737,1.133237,-0.06025428,4,35
59.23169,1.171823,0.0570057,1.13299,-0.06355135,4,35
59.23775,1.177887,0.05707214,1.132729,-0.06628107,4,35
59.24322,1.183352,0.05711353,1.132631,-0.06892475,4,35
59.24971,1.189841,0.05721909,1.132295,-0.07207957,4,35
59.25535,1.19548,0.05740457,1.131961,-0.07507551,4,35
59.26076,1.200892,0.05749971,1.131779,-0.07750643,4,35
59.26683,1.206963,0.05764867,1.13134,-0.08048424,4,35
59.27217,1.212296,0.05791358,1.130916,-0.08329885,4,35
59.27755,1.217676,0.05806653,1.13065,-0.08573395,4,35
59.28342,1.223547,0.0584042,1.130161,-0.08868995,4,35
59.28885,1.228975,0.05862273,1.129833,-0.09133978,4,35
59.29401,1.234142,0.05870593,1.1295,-0.09419718,4,35
59.30104,1.24117,0.05897614,1.129255,-0.09755106,4,35
59.30653,1.246662,0.05912085,1.129184,-0.1004773,4,35
59.31215,1.252282,0.05936051,1.128904,-0.1036306,4,35
59.31842,1.258561,0.05967436,1.128856,-0.1067289,4,35
59.32635,1.26649,0.06008842,1.128653,-0.1107872,4,35
59.3323,1.272437,0.06038808,1.12842,-0.1140503,4,35
59.33754,1.277682,0.06055664,1.128178,-0.1165213,4,35
59.34225,1.282395,0.06078154,1.127994,-0.118906,4,35
59.34766,1.2878,0.06116048,1.127762,-0.1216586,4,35
59.35336,1.293501,0.06150033,1.127516,-0.1246602,4,35
59.35887,1.299009,0.06180305,1.127304,-0.1271763,4,35
59.36441,1.304544,0.06216922,1.127055,-0.1300538,4,35
59.36952,1.309657,0.06250837,1.126831,-0.1325806,4,35
59.37458,1.314715,0.06296643,1.126789,-0.1354701,4,35
59.38026,1.3204,0.06335841,1.126566,-0.1381048,4,35
59.3862,1.326341,0.0638396,1.126296,-0.1411831,4,35
59.3911,1.331244,0.06304951,1.126753,-0.1375222,4,35
59.39669,1.336836,0.06363118,1.12633,-0.1415554,4,35
59.40215,1.34229,0.0639789,1.126118,-0.1440934,4,35
59.4078,1.347943,0.06502823,1.125227,-0.1506719,4,35
59.4138,1.353943,0.06571442,1.124747,-0.1549743,4,35
59.42027,1.360413,0.06626636,1.124173,-0.1580072,4,35
59.42572,1.365855,0.06667455,1.12375,-0.160111,4,35
59.43171,1.37185,0.06735357,1.123219,-0.1638651,4,35
59.43882,1.378964,0.06771427,1.122292,-0.1650262,4,35
59.4448,1.384937,0.06826302,1.121714,-0.1677887,4,35
59.45082,1.390956,0.06882723,1.12098,-0.1702456,4,35
59.45597,1.396107,0.06899604,1.120409,-0.1717379,4,35
59.46065,1.400787,0.06938802,1.119906,-0.1737275,4,35
59.46679,1.406934,0.06981292,1.119271,-0.1759581,4,35
59.47179,1.411932,0.07009259,1.118582,-0.1778434,4,35
59.4771,1.417241,0.07046215,1.118037,-0.179765,4,35
59.48304,1.423183,0.07080461,1.11717,-0.1815917,4,35
59.48764,1.427776,0.07117908,1.116552,-0.183024,4,35
59.49281,1.432949,0.07159814,1.115872,-0.1850003,4,35
59.49918,1.439314,0.07205747,1.115152,-0.1870994,4,35
59.50363,1.443768,0.07241087,1.114613,-0.1886704,4,35
59.5086,1.448734,0.07282054,1.114004,-0.1904474,4,35
59.51968,1.459819,0.07299031,1.113317,-0.1912605,4,35
59.52419,1.464325,0.07324938,1.112895,-0.192393,4,35
59.52905,1.469186,0.07390707,1.111536,-0.1955463,4,35
59.53438,1.474519,0.07427819,1.110798,-0.1971758,4,35
59.53981,1.47995,0.07464993,1.110156,-0.1987882,4,35
59.54466,1.484798,0.07502632,1.109522,-0.200388,4,35
59.54967,1.489809,0.07543232,1.108856,-0.2020786,4,35
59.55518,1.495315,0.07600641,1.108373,-0.2030161,4,35
59.56067,1.500799,0.0758926,1.108812,-0.2018851,4,35
59.56628,1.506411,0.07660238,1.107947,-0.2042115,4,35
59.57139,1.511521,0.07700105,1.107577,-0.2054704,4,35
59.57681,1.51694,0.07739335,1.1071,-0.2067609,4,35
59.5821,1.52223,0.07751393,1.106864,-0.2076594,4,35
59.58716,1.527296,0.07780956,1.106675,-0.2085021,4,35
59.59212,1.532256,0.07815866,1.106291,-0.2096815,4,35
59.59813,1.538265,0.07858063,1.106115,-0.2105793,4,35
59.60363,1.543767,0.0788855,1.105908,-0.2113777,4,35
59.60875,1.548883,0.079216,1.10563,-0.2123319,4,35
59.61367,1.553803,0.07965231,1.105362,-0.2131273,4,35
59.61992,1.56005,0.08002291,1.105079,-0.2140692,4,35
59.62496,1.565091,0.08022452,1.104911,-0.2146195,4,35
59.6315,1.571638,0.08051028,1.104635,-0.2153984,4,35
59.63751,1.577641,0.08085866,1.104349,-0.2159109,4,35
59.6426,1.582735,0.08116088,1.104103,-0.2165875,4,35
59.64918,1.589315,0.0815452,1.103794,-0.2174386,4,35
59.65473,1.594861,0.08191553,1.103675,-0.2176508,4,35
59.66056,1.600692,0.08222812,1.103445,-0.2182305,4,35
59.66666,1.606794,0.08258048,1.103186,-0.2188782,4,35
59.6722,1.612326,0.082864,1.102938,-0.2189402,4,35
59.67778,1.617911,0.08314959,1.102724,-0.2193774,4,35
59.68354,1.623667,0.08348045,1.102469,-0.2195906,4,35
59.68822,1.628356,0.08371279,1.102317,-0.2197645,4,35
59.69299,1.633119,0.08400247,1.102104,-0.2201113,4,35
59.69912,1.639252,0.08431088,1.101876,-0.2204793,4,35
59.70397,1.644097,0.0845663,1.101704,-0.2206354,4,35
59.70918,1.649307,0.08476491,1.101507,-0.2207042,4,35
59.71498,1.655108,0.08509966,1.101256,-0.2207636,4,35
59.72044,1.660565,0.08541439,1.101059,-0.2207579,4,35
59.72558,1.665708,0.08568974,1.100859,-0.2209033,4,35
59.73166,1.671788,0.08604468,1.100671,-0.2209051,4,35
59.7374,1.677531,0.08633081,1.100477,-0.2210135,4,35
59.74314,1.683272,0.08660042,1.100315,-0.2210006,4,35
59.74873,1.688855,0.08689225,1.10012,-0.2210863,4,35
59.75405,1.694178,0.08722115,1.099899,-0.2211319,4,35
59.75974,1.699865,0.08742934,1.099701,-0.2211223,4,35
59.76538,1.70551,0.08771161,1.099497,-0.2211819,4,35
59.77061,1.710732,0.08784893,1.099329,-0.2211277,4,35
59.77531,1.715441,0.08802862,1.099188,-0.2211526,4,35
59.78044,1.72057,0.08823689,1.099039,-0.2211597,4,35
59.78629,1.726422,0.0884759,1.098854,-0.2211873,4,35
59.79181,1.731935,0.08877453,1.098726,-0.2211101,4,35
59.79794,1.738071,0.08902538,1.098553,-0.2211136,4,35
59.80355,1.743684,0.08939185,1.098489,-0.2210498,4,35
59.80865,1.748786,0.0896405,1.098351,-0.2210403,4,35
59.81519,1.755326,0.09007323,1.098322,-0.2210461,4,35
59.82058,1.760711,0.0903658,1.098245,-0.2210177,4,35
59.8254,1.765534,0.090624,1.098149,-0.2210069,4,35
59.83094,1.771078,0.09102333,1.098143,-0.2210345,4,35
59.83704,1.777171,0.09131967,1.098064,-0.221032,4,35
59.84203,1.782166,0.09153509,1.098049,-0.2210736,4,35
59.84901,1.789152,0.09190828,1.097959,-0.2210823,4,35
59.85418,1.794316,0.09210598,1.097941,-0.2214264,4,35
59.85995,1.800088,0.09236336,1.097884,-0.2215067,4,35
59.86592,1.806058,0.09247734,1.097734,-0.221815,4,35
59.87066,1.810791,0.09259494,1.097581,-0.2220662,4,35
59.8769,1.817034,0.09280058,1.097477,-0.222238,4,35
59.88312,1.823252,0.09314334,1.097399,-0.2225611,4,35
59.88828,1.828413,0.09335347,1.097311,-0.2227439,4,35
59.89335,1.833483,0.09358256,1.097215,-0.2229429,4,35
59.89908,1.839214,0.09379752,1.097122,-0.2231294,4,35
59.90493,1.845063,0.0942641,1.097216,-0.223548,4,35
59.91013,1.850269,0.094507,1.097153,-0.2237591,4,35
59.91564,1.855778,0.09534845,1.09704,-0.2244185,4,35
59.92218,1.862319,0.09604987,1.097,-0.2248897,4,35
59.92737,1.867506,0.0964826,1.096934,-0.2252185,4,35
59.93286,1.87299,0.09719546,1.09705,-0.2258005,4,35
59.93847,1.8786,0.09768385,1.097018,-0.2261771,4,35
59.94347,1.883595,0.09815673,1.096982,-0.2265397,4,35
59.94942,1.889547,0.09870884,1.096934,-0.2269606,4,35
59.95536,1.895486,0.09962944,1.097049,-0.2278947,4,35
59.96152,1.901652,0.1002135,1.097014,-0.2283692,4,35
59.96673,1.90686,0.1007429,1.096977,-0.2287969,4,35
59.97184,1.911971,0.1007792,1.097818,-0.2290002,4,35
59.97742,1.917556,0.101268,1.097865,-0.2294099,4,35
59.98308,1.923215,0.1039983,1.098579,-0.2317731,4,35
59.98792,1.928052,0.1048047,1.098702,-0.2324464,4,35
59.99339,1.933523,0.1063508,1.098615,-0.2337511,4,35
59.99943,1.939563,0.1064417,1.098785,-0.2336255,4,35
60.00484,1.944981,0.1084407,1.099327,-0.235168,4,35
60.00996,1.9501,0.1095265,1.099515,-0.2360149,4,35
60.01497,1.955109,0.1107059,1.099699,-0.2369255,4,35
60.01992,1.960056,0.111837,1.099488,-0.237703,4,35
60.02465,1.964791,0.1129621,1.099434,-0.2384156,4,35
60.02975,1.969884,0.1144388,1.099719,-0.239343,4,35
60.0352,1.975334,0.1158575,1.099823,-0.2403231,4,35
60.0405,1.980638,0.1171933,1.099928,-0.2411809,4,35
60.04606,1.986201,0.1185788,1.099995,-0.2421101,4,35
60.05213,1.992267,0.1201748,1.099816,-0.2431644,4,35
60.05737,1.997505,0.1218366,1.100028,-0.2439365,4,35
60.06252,2.00266,0.1232488,1.100038,-0.244789,4,35
60.06796,2.008102,0.1252607,1.100207,-0.2456966,4,35
60.07301,2.013146,0.1271557,1.100302,-0.2465784,4,35
60.07922,2.019361,0.1289185,1.100299,-0.2475037,4,35
60.08488,2.025021,0.1309907,1.100234,-0.2483771,4,35
60.0902,2.030339,0.1328821,1.100157,-0.2490513,4,35
60.09827,2.038415,0.1359065,1.100034,-0.2502668,4,35
60.10487,0.0066001,0.1382127,1.09987,-0.2509087,8,36
60.10931,0.0110342,0.1397534,1.099741,-0.2514901,8,36
60.1156,0.0173302,0.1422971,1.099676,-0.252745,8,36
60.12128,0.0230127,0.1444822,1.099645,-0.2535449,8,36
60.12645,0.0281743,0.1463973,1.099477,-0.254291,8,36
60.13255,0.0342751,0.148815,1.099189,-0.2552132,8,36
60.13834,0.0400752,0.1515143,1.099028,-0.2557061,8,36
60.14424,0.0459735,0.1541102,1.098548,-0.2560871,8,36
60.15002,0.0517505,0.156422,1.098135,-0.2567287,8,36
60.1555,0.0572364,0.1593325,1.097472,-0.2570243,8,36
60.16359,0.0653246,0.162457,1.096709,-0.2577263,8,36
60.16849,0.070221,0.1645102,1.096133,-0.2581692,8,36
60.17331,0.0750384,0.1666396,1.095472,-0.2586126,8,36
60.17814,0.0798756,0.1684786,1.094846,-0.2589821,8,36
60.18222,0.0839491,0.1701131,1.094249,-0.2592996,8,36
60.18645,0.08817831,0.1718595,1.093565,-0.2596275,8,36
60.19098,0.09271,0.1738439,1.092731,-0.259985,8,36
60.19587,0.0976029,0.1756453,1.09192,-0.2602954,8,36
60.20051,0.1022365,0.1774501,1.091055,-0.2605923,8,36
60.20478,0.1065076,0.1791333,1.090199,-0.260856,8,36
60.20877,0.1104942,0.1806772,1.089372,-0.2610863,8,36
60.2132,0.1149229,0.1826208,1.088271,-0.26136,8,36
60.21834,0.1200696,0.1843505,1.087233,-0.2615876,8,36
60.22275,0.1244792,0.1860281,1.086174,-0.2617933,8,36
60.22668,0.1284092,0.1874858,1.085209,-0.2619596,8,36
60.23103,0.1327568,0.1892825,1.083961,-0.2621477,8,36
60.23557,0.1372913,0.1907623,1.082883,-0.2622882,8,36
60.23967,0.1413974,0.1921022,1.081866,-0.2624035,8,36
60.24502,0.146744,0.1921022,1.081866,-0.2624035,8,36
60.25169,0.1534121,0.1839256,1.093572,-0.2583742,8,36
60.25816,0.159883,0.2056818,1.089392,-0.2592308,8,36
60.26469,0.1664197,0.2130392,1.087525,-0.2595592,8,36
60.27087,0.1725991,0.21867,1.085679,-0.2591252,8,36
60.27628,0.1779993,0.218419,1.085204,-0.2585518,8,36
60.28142,0.1831408,0.2188806,1.08472,-0.2581205,8,36
60.2866,0.1883201,0.2223188,1.08348,-0.2579609,8,36
60.29131,0.1930281,0.2257377,1.082131,-0.2577661,8,36
60.29705,0.1987784,0.2259204,1.081802,-0.2573594,8,36
60.30266,0.2043817,0.2268596,1.081207,-0.2568187,8,36
60.30849,0.2102135,0.2295114,1.079964,-0.2564595,8,36
60.31441,0.2161332,0.2325097,1.078432,-0.256004,8,36
60.32061,0.2223316,0.2333398,1.078103,-0.2555934,8,36
60.32554,0.2272604,0.2352862,1.07703,-0.2552219,8,36
60.33076,0.2324875,0.2375168,1.075718,-0.2547601,8,36
60.33549,0.2372091,0.23915,1.074697,-0.2543957,8,36
60.33997,0.2416914,0.2408463,1.073582,-0.253992,8,36
60.3446,0.2463191,0.2425727,1.072385,-0.2535527,8,36
60.34938,0.2510998,0.2443215,1.071108,-0.2530766,8,36
60.35382,0.2555405,0.2460852,1.069749,-0.2525619,8,36
60.35889,0.2606197,0.2477019,1.068437,-0.2520573,8,36
60.36449,0.2662154,0.2438288,1.072121,-0.2528844,8,36
60.37001,0.271732,0.2453709,1.070959,-0.2524021,8,36
60.37565,0.2773763,0.247072,1.069596,-0.2518283,8,36
60.38223,0.2839535,0.2408789,1.074919,-0.2524612,8,36
60.38781,0.2895387,0.2475989,1.071824,-0.2497822,8,36
60.39333,0.2950556,0.2500355,1.070566,-0.2488738,8,36
60.39954,0.3012686,0.2497792,1.070499,-0.2488864,8,36
60.40472,0.3064397,0.2497187,1.070446,-0.2487796,8,36
60.40974,0.3114588,0.2507709,1.069831,-0.2483289,8,36
60.41531,0.3170281,0.2509,1.069826,-0.2483686,8,36
60.42159,0.3233154,0.25133,1.069787,-0.2484678,8,36
60.4267,0.3284221,0.2520068,1.069435,-0.24825,8,36
60.43206,0.3337811,0.2527908,1.069005,-0.2479858,8,36
60.4381,0.3398236,0.2532846,1.069438,-0.2482528,8,36
60.44321,0.344932,0.2539235,1.069191,-0.2481091,8,36
60.44912,0.3508388,0.2536792,1.070008,-0.2485804,8,36
60.45504,0.3567666,0.2545024,1.070231,-0.2486829,8,36
60.45988,0.3616024,0.254974,1.070214,-0.2486729,8,36
60.46568,0.367397,0.2556064,1.070178,-0.248658,8,36
60.47179,0.3735129,0.255658,1.070624,-0.2488054,8,36
60.47857,0.3802954,0.2561673,1.070697,-0.2488311,8,36
60.48471,0.3864291,0.256259,1.070865,-0.2489815,8,36
60.48986,0.3915784,0.2566024,1.070936,-0.2490283,8,36
60.49509,0.3968116,0.2565872,1.070991,-0.2492208,8,36
60.50086,0.4025814,0.256312,1.070999,-0.2494288,8,36
60.5056,0.4073183,0.2560931,1.071043,-0.2496495,8,36
60.51042,0.4121415,0.2561708,1.071098,-0.2497885,8,36
60.51764,0.4193566,0.2560067,1.071208,-0.2500971,8,36
60.52283,0.4245507,0.2559082,1.071288,-0.2503578,8,36
60.52795,0.4296718,0.2559036,1.071351,-0.2505397,8,36
60.5333,0.4350194,0.2557799,1.07147,-0.2508494,8,36
60.53886,0.4405859,0.255727,1.071519,-0.2510327,8,36
60.54375,0.4454753,0.2556958,1.071581,-0.2512217,8,36
60.54948,0.4512066,0.2556119,1.071579,-0.2513617,8,36
60.55439,0.4561104,0.2555682,1.07163,-0.2515511,8,36
60.56079,0.462508,0.25552,1.071687,-0.2517663,8,36
60.56675,0.4684672,0.2556753,1.07174,-0.2518215,8,36
60.57182,0.4735415,0.2556667,1.07179,-0.251994,8,36
60.57726,0.4789765,0.2559304,1.071896,-0.2517585,8,36
60.58338,0.4851035,0.2559624,1.071959,-0.2518877,8,36
60.58886,0.4905764,0.2561155,1.072114,-0.2519273,8,36
60.59395,0.4956696,0.2561707,1.07219,-0.2520334,8,36
60.59999,0.5017155,0.2562276,1.072264,-0.2521406,8,36
60.60577,0.5074877,0.2559105,1.072022,-0.2517675,8,36
60.61158,0.5133061,0.2559181,1.072061,-0.2518166,8,36
60.61774,0.5194603,0.255565,1.071836,-0.2515684,8,36
60.62371,0.5254384,0.2555068,1.07183,-0.2515635,8,36
60.62886,0.5305828,0.2556373,1.071746,-0.2513798,8,36
60.63419,0.5359088,0.2557349,1.071642,-0.2511951,8,36
60.64055,0.5422733,0.2558848,1.071626,-0.2510538,8,36
60.64521,0.54693,0.2559125,1.0716,-0.2509873,8,36
60.65088,0.5525994,0.2560394,1.071561,-0.2508417,8,36
60.65692,0.5586417,0.2560918,1.071529,-0.2507488,8,36
60.6621,0.5638251,0.2561404,1.071498,-0.2506617,8,36
60.66845,0.5701724,0.2563207,1.071483,-0.2504696,8,36
60.67399,0.5757144,0.2563983,1.07145,-0.2503522,8,36
60.68089,0.5826074,0.25715,1.071449,-0.2503029,8,36
60.68655,0.5882728,0.2573634,1.071418,-0.2501948,8,36
60.69149,0.5932125,0.2576126,1.071403,-0.2500536,8,36
60.69805,0.5997738,0.2578514,1.07137,-0.2499286,8,36
60.70389,0.6056117,0.2574977,1.071065,-0.2500045,8,36
60.70852,0.610248,0.2575388,1.070865,-0.2499429,8,36
60.71493,0.6166579,0.2576529,1.070724,-0.2498478,8,36
60.72103,0.622758,0.2581348,1.070747,-0.249827,8,36
60.7256,0.6273239,0.2582768,1.070679,-0.2497748,8,36
60.73176,0.6334882,0.2584838,1.070576,-0.2496977,8,36
60.73796,0.6396908,0.2585707,1.070245,-0.2495701,8,36
60.74242,0.6441417,0.2586944,1.070128,-0.2495061,8,36
60.74822,0.6499474,0.258855,1.069975,-0.2494217,8,36
60.75368,0.6554011,0.2592423,1.069907,-0.2493473,8,36
60.75881,0.6605314,0.2594204,1.069806,-0.2492826,8,36
60.76488,0.6666098,0.2596529,1.069673,-0.2491972,8,36
60.77019,0.6719164,0.2600471,1.069719,-0.249223,8,36
60.7747,0.6764239,0.2603176,1.069657,-0.2492608,8,36
60.78078,0.6825086,0.2605822,1.069464,-0.2492503,8,36
60.7867,0.6884228,0.2608411,1.06935,-0.2492191,8,36
60.79175,0.6934719,0.261066,1.069188,-0.2491914,8,36
60.79809,0.6998164,0.2613301,1.069054,-0.2491585,8,36
60.80972,0.7114408,0.2618863,1.068799,-0.2494067,8,36
60.81543,0.7171535,0.2621596,1.068675,-0.2494331,8,36
60.82106,0.7227838,0.2629003,1.068884,-0.2495242,8,36
60.82699,0.7287124,0.2632976,1.068826,-0.249567,8,36
60.83247,0.7341995,0.2634619,1.068566,-0.2496086,8,36
60.83831,0.740038,0.263663,1.068414,-0.2495559,8,36
60.84342,0.7451431,0.2639288,1.068306,-0.2495696,8,36
60.84896,0.7506839,0.2642252,1.068184,-0.2495843,8,36
60.85442,0.7561419,0.2648349,1.068261,-0.2495969,8,36
60.85959,0.7613197,0.2651279,1.06819,-0.2496078,8,36
60.86522,0.7669441,0.2658032,1.068344,-0.2496698,8,36
60.8701,0.7718261,0.2661571,1.068304,-0.2496876,8,36
60.87581,0.7775359,0.2661662,1.068219,-0.2498318,8,36
60.88179,0.7835118,0.2667361,1.067958,-0.250033,8,36
60.88683,0.7885549,0.2670824,1.0678,-0.2501271,8,36
60.89199,0.7937183,0.2674756,1.067678,-0.2502106,8,36
60.89756,0.7992896,0.2678531,1.067558,-0.2502899,8,36
60.90384,0.8055685,0.268401,1.067857,-0.250273,8,36
60.90898,0.8107064,0.2687898,1.067833,-0.2503225,8,36
60.91477,0.8164978,0.269257,1.067801,-0.250381,8,36
60.92062,0.8223482,0.2697695,1.067969,-0.2504622,8,36
60.92516,0.8268826,0.2701316,1.067975,-0.2505094,8,36
60.93063,0.8323529,0.2705126,1.06777,-0.2506582,8,36
60.93673,0.8384561,0.2706331,1.067517,-0.2507055,8,36
60.94123,0.8429507,0.2706837,1.067435,-0.2507094,8,36
60.94646,0.848182,0.2709743,1.067357,-0.2507613,8,36
60.95232,0.8540503,0.2713763,1.067504,-0.2508761,8,36
60.95737,0.8590997,0.2717502,1.067628,-0.2509038,8,36
60.96267,0.8643988,0.2722179,1.067534,-0.2508661,8,36
60.96838,0.8701009,0.2726062,1.067509,-0.2508992,8,36
60.97332,0.8750483,0.2728747,1.067353,-0.2508813,8,36
60.97917,0.8808931,0.2732148,1.067298,-0.2509001,8,36
60.98501,0.8867361,0.2732408,1.067105,-0.2508914,8,36
60.9906,0.8923258,0.2733853,1.066958,-0.2509298,8,36
60.99676,0.8984832,0.2738225,1.067028,-0.2509517,8,36
61.00174,0.9034663,0.2740667,1.066982,-0.2509676,8,36
61.00702,0.9087405,0.2745306,1.067088,-0.2509006,8,36
61.01218,0.9139016,0.2747944,1.06702,-0.2509312,8,36
61.01817,0.9198912,0.2750913,1.06699,-0.2509375,8,36
61.02325,0.9249808,0.2751851,1.066793,-0.2509671,8,36
61.0283,0.9300278,0.2754252,1.066726,-0.2509779,8,36
61.03395,0.9356738,0.2754526,1.066489,-0.2509813,8,36
61.03922,0.9409435,0.2756315,1.066395,-0.2509895,8,36
61.04422,0.9459488,0.2757653,1.066257,-0.251006,8,36
61.04988,0.9516125,0.2761199,1.066252,-0.2510056,8,36
61.0551,0.9568284,0.2765602,1.066256,-0.2509819,8,36
61.06039,0.9621233,0.2767995,1.0662,-0.2509815,8,36
61.06565,0.9673762,0.2770338,1.066129,-0.2510195,8,36
61.07122,0.972948,0.2772023,1.065906,-0.2510219,8,36
61.07618,0.9779039,0.2773953,1.065818,-0.2510272,8,36
61.08271,0.984436,0.2774284,1.065577,-0.2509993,8,36
61.08865,0.9903822,0.2777279,1.065509,-0.2510901,8,36
61.09344,0.9951729,0.2779315,1.065396,-0.2511116,8,36
61.09996,1.001693,0.2783465,1.065402,-0.2511422,8,36
61.10537,1.007099,0.2785902,1.065317,-0.2511646,8,36
61.11049,1.012214,0.2789706,1.065222,-0.2510723,8,36
61.11692,1.018651,0.2793249,1.065176,-0.2510795,8,36
61.12235,1.024082,0.279516,1.064932,-0.2510558,8,36
61.12811,1.029842,0.2797975,1.064803,-0.2510501,8,36
61.13409,1.035819,0.2798299,1.064474,-0.2511683,8,36
61.14004,1.041765,0.2800339,1.064358,-0.2512611,8,36
61.14626,1.047991,0.2802684,1.064185,-0.2513043,8,36
61.1647,1.066426,0.2813878,1.064113,-0.2516567,8,36
